    0 463.564656
    1 589.463886
    2 774.918711
    3 949.554293
    4 1113.390790
    5 1266.018129
    6 1407.178281
    7 1538.448817
    8 1661.195260
    9 1775.100154
   10 1878.536465
   11 1969.179292
   12 2044.871133
   13 2104.167294
   14 2146.401269
   15 2171.621622
   16 2180.382608
   17 2173.680017
   18 2152.773472
   19 2119.140922
   20 2074.447639
   21 2020.246338
   22 1957.886577
   23 1888.669079
   24 1813.590148
   25 1733.491713
   26 1649.218378
   27 1561.569350
   28 1471.603020
   29 1380.513181
   30 1289.791605
   31 1200.946684
   32 1115.634848
   33 1035.499745
   34 962.033847
   35 896.422647
   36 839.491750
   37 791.516541
   38 752.173449
   39 720.587467
   40 695.477535
   41 675.366257
   42 658.742812
   43 644.229119
   44 630.682698
   45 617.249617
   46 603.366155
   47 588.734731
   48 573.282544
   49 557.113230
   50 540.466175
   51 523.668094
   52 507.103447
   53 491.178327
   54 476.282692
   55 462.773898
   56 450.940251
   57 440.993660
   58 433.058431
   59 427.157599
   60 423.211380
   61 421.055021
   62 420.456154
   63 421.132008
   64 422.772103
   65 425.055869
   66 427.669323
   67 430.322851
   68 432.764904
   69 434.772680
   70 436.153010
   71 436.750350
   72 436.439434
   73 435.127179
   74 432.748304
   75 429.278037
   76 424.706902
   77 419.038764
   78 412.291951
   79 404.520942
   80 395.777643
   81 386.116311
   82 375.611402
   83 364.344443
   84 352.398009
   85 339.857310
   86 326.818603
   87 313.372629
   88 299.607145
   89 285.634102
   90 271.550089
   91 257.434900
   92 243.376974
   93 229.459335
   94 215.757388
   95 202.355759
   96 189.327477
   97 176.733675
   98 164.631798
   99 153.071164
  100 142.096378
  101 131.741903
  102 122.030615
  103 112.976990
  104 104.585894
  105 96.855681
  106 89.772000
  107 83.313417
  108 77.449651
  109 72.144293
  110 67.355940
  111 63.039570
  112 59.148442
  113 55.636702
  114 52.459762
  115 49.576105
  116 46.949227
  117 44.547618
  118 42.344896
  119 40.319532
  120 38.454293
  121 36.735417
  122 35.151930
  123 33.694756
  124 32.355767
  125 31.127139
  126 30.000958
  127 28.969034
  128 28.022700
  129 27.153422
  130 26.351671
  131 25.607921
  132 24.913379
  133 24.260308
  134 23.642009
  135 23.053202
  136 22.489874
  137 21.949139
  138 21.429317
  139 20.929696
  140 20.450230
  141 19.991341
  142 19.553759
  143 19.138207
  144 18.745086
  145 18.374399
  146 18.025565
  147 17.697346
  148 17.387853
  149 17.094629
  150 16.814716
  151 16.544744
  152 16.281106
  153 16.020156
  154 15.758366
  155 15.492487
  156 15.219637
  157 14.937423
  158 14.644007
  159 14.338149
  160 14.019228
  161 13.687229
  162 13.342688
  163 12.986745
  164 12.621041
  165 12.247626
  166 11.868916
  167 11.487600
  168 11.106607
  169 10.729088
  170 10.358185
  171 9.996993
  172 9.648527
  173 9.315591
  174 9.000705
  175 8.706005
  176 8.433205
  177 8.183521
  178 7.957650
  179 7.755740
  180 7.577403
  181 7.421776
  182 7.287590
  183 7.173245
  184 7.076918
  185 6.996661
  186 6.930513
  187 6.876576
  188 6.833084
  189 6.798458
  190 6.771359
  191 6.750692
  192 6.735598
  193 6.725426
  194 6.719711
  195 6.718135
  196 6.720516
  197 6.726784
  198 6.736925
  199 6.750935
  200 6.768791
  201 6.790423
  202 6.815678
  203 6.844232
  204 6.875701
  205 6.909807
  206 6.946253
  207 6.984623
  208 7.024365
  209 7.064823
  210 7.105285
  211 7.145006
  212 7.183228
  213 7.219207
  214 7.252246
  215 7.281625
  216 7.306709
  217 7.326941
  218 7.341818
  219 7.350921
  220 7.353895
  221 7.350454
  222 7.340384
  223 7.323545
  224 7.299863
  225 7.269330
  226 7.232000
  227 7.187985
  228 7.137448
  229 7.080593
  230 7.017675
  231 6.948983
  232 6.874833
  233 6.795576
  234 6.711573
  235 6.623199
  236 6.530841
  237 6.434897
  238 6.335761
  239 6.233829
  240 6.129496
  241 6.023144
  242 5.915148
  243 5.805865
  244 5.695641
  245 5.584803
  246 5.473661
  247 5.362504
  248 5.251602
  249 5.141204
  250 5.031539
  251 4.922815
  252 4.815215
  253 4.708907
  254 4.604034
  255 4.500723
  256 4.399079
  257 4.299189
  258 4.201124
  259 4.104940
  260 4.010676
  261 3.918362
  262 3.828011
  263 3.739630
  264 3.653214
  265 3.568750
  266 3.486219
  267 3.405595
  268 3.326848
  269 3.249944
  270 3.174845
  271 3.101513
  272 3.029905
  273 2.959981
  274 2.891698
  275 2.825014
  276 2.759888
  277 2.696278
  278 2.634146
  279 2.573452
  280 2.514160
  281 2.456235
  282 2.399642
  283 2.344348
  284 2.290324
  285 2.237539
  286 2.185966
  287 2.135578
  288 2.086350
  289 2.038257
  290 1.991276
  291 1.945384
  292 1.900559
  293 1.856781
  294 1.814028
  295 1.772281
  296 1.731518
  297 1.691722
  298 1.652873
  299 1.614953
  300 1.577943
  301 1.541826
  302 1.506582
  303 1.472194
  304 1.438643
  305 1.405913
  306 1.373985
  307 1.342842
  308 1.312467
  309 1.282844
  310 1.253954
  311 1.225784
  312 1.198316
  313 1.171536
  314 1.145428
  315 1.119977
  316 1.095169
  317 1.070986
  318 1.047421
  319 1.024462
  320 1.002098
  321 0.980314
  322 0.959101
  323 0.938444
  324 0.918336
  325 0.898765
  326 0.879722
  327 0.861200
  328 0.843190
  329 0.825685
  330 0.808676
  331 0.792158
  332 0.776123
  333 0.760566
  334 0.745479
  335 0.730858
  336 0.716695
  337 0.702987
  338 0.689726
  339 0.676907
  340 0.664523
  341 0.652570
  342 0.641039
  343 0.629925
  344 0.619220
  345 0.608916
  346 0.599006
  347 0.589481
  348 0.580332
  349 0.571550
  350 0.563124
  351 0.555044
  352 0.547299
  353 0.539878
  354 0.532768
  355 0.525958
  356 0.519434
  357 0.513184
  358 0.507195
  359 0.501453
  360 0.495946
  361 0.490658
  362 0.485578
  363 0.480692
  364 0.475986
  365 0.471447
  366 0.467064
  367 0.462822
  368 0.458712
  369 0.454719
  370 0.450835
  371 0.447048
  372 0.443347
  373 0.439723
  374 0.436168
  375 0.432672
  376 0.429228
  377 0.425827
  378 0.422464
  379 0.419132
  380 0.415825
  381 0.412538
  382 0.409265
  383 0.406004
  384 0.402749
  385 0.399498
  386 0.396247
  387 0.392993
  388 0.389736
  389 0.386472
  390 0.383200
  391 0.379919
  392 0.376628
  393 0.373327
  394 0.370013
  395 0.366688
  396 0.363351
  397 0.360003
  398 0.356643
  399 0.353271
  400 0.349889
  401 0.346497
  402 0.343095
  403 0.339685
  404 0.336266
  405 0.332841
  406 0.329409
  407 0.325972
  408 0.322531
  409 0.319086
  410 0.315640
  411 0.312192
  412 0.308744
  413 0.305297
  414 0.301852
  415 0.298410
  416 0.294972
  417 0.291539
  418 0.288112
  419 0.284693
  420 0.281281
  421 0.277878
  422 0.274485
  423 0.271102
  424 0.267732
  425 0.264373
  426 0.261028
  427 0.257697
  428 0.254381
  429 0.251080
  430 0.247795
  431 0.244528
  432 0.241278
  433 0.238046
  434 0.234832
  435 0.231639
  436 0.228465
  437 0.225311
  438 0.222178
  439 0.219067
  440 0.215977
  441 0.212909
  442 0.209864
  443 0.206842
  444 0.203843
  445 0.200868
  446 0.197916
  447 0.194988
  448 0.192085
  449 0.189207
  450 0.186353
  451 0.183524
  452 0.180720
  453 0.177942
  454 0.175189
  455 0.172462
  456 0.169760
  457 0.167085
  458 0.164435
  459 0.161811
  460 0.159213
  461 0.156641
  462 0.154096
  463 0.151576
  464 0.149083
  465 0.146616
  466 0.144176
  467 0.141762
  468 0.139374
  469 0.137013
  470 0.134678
  471 0.132369
  472 0.130087
  473 0.127830
  474 0.125600
  475 0.123397
  476 0.121219
  477 0.119067
  478 0.116942
  479 0.114842
  480 0.112768
  481 0.110720
  482 0.108698
  483 0.106702
  484 0.104732
  485 0.102787
  486 0.100868
  487 0.098974
  488 0.097106
  489 0.095264
  490 0.093447
  491 0.091655
  492 0.089888
  493 0.088147
  494 0.086431
  495 0.084740
  496 0.083074
  497 0.081432
  498 0.079816
  499 0.078224
  500 0.076657
  501 0.075114
  502 0.073595
  503 0.072101
  504 0.070631
  505 0.069185
  506 0.067763
  507 0.066364
  508 0.064989
  509 0.063638
  510 0.062309
  511 0.061004
  512 0.059722
  513 0.058462
  514 0.057225
  515 0.056010
  516 0.054818
  517 0.053647
  518 0.052498
  519 0.051371
  520 0.050266
  521 0.049181
  522 0.048118
  523 0.047075
  524 0.046054
  525 0.045052
  526 0.044070
  527 0.043108
  528 0.042166
  529 0.041243
  530 0.040340
  531 0.039455
  532 0.038589
  533 0.037742
  534 0.036913
  535 0.036102
  536 0.035309
  537 0.034533
  538 0.033775
  539 0.033033
  540 0.032309
  541 0.031600
  542 0.030908
  543 0.030232
  544 0.029572
  545 0.028927
  546 0.028298
  547 0.027683
  548 0.027083
  549 0.026497
  550 0.025926
  551 0.025369
  552 0.024825
  553 0.024295
  554 0.023778
  555 0.023273
  556 0.022782
  557 0.022303
  558 0.021836
  559 0.021381
  560 0.020938
  561 0.020507
  562 0.020086
  563 0.019677
  564 0.019278
  565 0.018890
  566 0.018512
  567 0.018144
  568 0.017786
  569 0.017438
  570 0.017099
  571 0.016769
  572 0.016448
  573 0.016136
  574 0.015832
  575 0.015537
  576 0.015249
  577 0.014970
  578 0.014697
  579 0.014433
  580 0.014175
  581 0.013925
  582 0.013681
  583 0.013444
  584 0.013213
  585 0.012989
  586 0.012770
  587 0.012557
  588 0.012350
  589 0.012148
  590 0.011952
  591 0.011761
  592 0.011574
  593 0.011393
  594 0.011215
  595 0.011043
  596 0.010875
  597 0.010710
  598 0.010550
  599 0.010394
  600 0.010241
  601 0.010092
  602 0.009947
  603 0.009804
  604 0.009665
  605 0.009529
  606 0.009396
  607 0.009266
  608 0.009138
  609 0.009014
  610 0.008891
  611 0.008771
  612 0.008654
  613 0.008538
  614 0.008425
  615 0.008314
  616 0.008205
  617 0.008098
  618 0.007993
  619 0.007889
  620 0.007788
  621 0.007687
  622 0.007589
  623 0.007492
  624 0.007397
  625 0.007303
  626 0.007210
  627 0.007119
  628 0.007028
  629 0.006940
  630 0.006852
  631 0.006766
  632 0.006680
  633 0.006596
  634 0.006513
  635 0.006431
  636 0.006350
  637 0.006270
  638 0.006190
  639 0.006112
  640 0.006035
  641 0.005958
  642 0.005883
  643 0.005808
  644 0.005734
  645 0.005661
  646 0.005589
  647 0.005517
  648 0.005446
  649 0.005376
  650 0.005307
  651 0.005238
  652 0.005170
  653 0.005103
  654 0.005037
  655 0.004971
  656 0.004906
  657 0.004841
  658 0.004777
  659 0.004714
  660 0.004652
  661 0.004590
  662 0.004528
  663 0.004468
  664 0.004408
  665 0.004348
  666 0.004290
  667 0.004231
  668 0.004174
  669 0.004117
  670 0.004061
  671 0.004005
  672 0.003950
  673 0.003895
  674 0.003841
  675 0.003788
  676 0.003735
  677 0.003682
  678 0.003631
  679 0.003579
  680 0.003529
  681 0.003479
  682 0.003429
  683 0.003380
  684 0.003332
  685 0.003284
  686 0.003237
  687 0.003190
  688 0.003144
  689 0.003098
  690 0.003053
  691 0.003008
  692 0.002964
  693 0.002921
  694 0.002878
  695 0.002835
  696 0.002793
  697 0.002752
  698 0.002711
  699 0.002670
  700 0.002630
  701 0.002591
  702 0.002552
  703 0.002513
  704 0.002475
  705 0.002438
  706 0.002401
  707 0.002364
  708 0.002328
  709 0.002292
  710 0.002257
  711 0.002222
  712 0.002188
  713 0.002154
  714 0.002121
  715 0.002088
  716 0.002056
  717 0.002024
  718 0.001992
  719 0.001961
  720 0.001930
  721 0.001900
  722 0.001870
  723 0.001841
  724 0.001812
  725 0.001783
  726 0.001755
  727 0.001727
  728 0.001700
  729 0.001673
  730 0.001646
  731 0.001620
  732 0.001594
  733 0.001568
  734 0.001543
  735 0.001518
  736 0.001494
  737 0.001470
  738 0.001446
  739 0.001423
  740 0.001400
  741 0.001377
  742 0.001355
  743 0.001333
  744 0.001311
  745 0.001290
  746 0.001269
  747 0.001248
  748 0.001228
  749 0.001208
  750 0.001188
  751 0.001169
  752 0.001149
  753 0.001131
  754 0.001112
  755 0.001094
  756 0.001076
  757 0.001058
  758 0.001040
  759 0.001023
  760 0.001006
  761 0.000990
  762 0.000973
  763 0.000957
  764 0.000941
  765 0.000926
  766 0.000910
  767 0.000895
  768 0.000880
  769 0.000866
  770 0.000851
  771 0.000837
  772 0.000823
  773 0.000809
  774 0.000796
  775 0.000783
  776 0.000770
  777 0.000757
  778 0.000744
  779 0.000732
  780 0.000719
  781 0.000707
  782 0.000695
  783 0.000684
  784 0.000672
  785 0.000661
  786 0.000650
  787 0.000639
  788 0.000628
  789 0.000617
  790 0.000607
  791 0.000597
  792 0.000587
  793 0.000577
  794 0.000567
  795 0.000557
  796 0.000548
  797 0.000539
  798 0.000530
  799 0.000521
  800 0.000512
  801 0.000503
  802 0.000495
  803 0.000486
  804 0.000478
  805 0.000470
  806 0.000462
