375.174 351.882 351.545 350.933 350.124 349.043 347.519 345.191 341.441 336.076 332.184 335.468 333.742 337.635 321.029 334.436 345.785 350.969 355.453 358.823 360.865 358.843 346.024 308.726 185.054 -0 185.054 308.726 346.024 358.843 360.865 358.823 355.453 350.969 345.785 334.436 321.029 337.635 333.742 335.468 332.184 336.076 341.441 345.191 347.519 349.043 350.124 350.933 351.545 351.882 375.174 
351.882 351.882 351.545 350.933 350.124 349.043 347.519 345.191 341.441 336.076 332.184 337.004 336.814 340.522 323.048 336.008 347.168 351.694 355.675 359.313 361.578 359.612 346.178 302.72 188.454 33.8716 188.454 302.72 346.178 359.612 361.578 359.313 355.675 351.694 347.168 336.008 323.048 340.522 336.814 337.004 332.184 336.076 341.441 345.191 347.519 349.043 350.124 350.933 351.545 351.882 351.882 
352.069 352.069 351.751 351.165 350.386 349.343 347.866 345.598 341.93 336.659 332.588 336.26 339.357 341.885 326.916 340.286 350.891 355.264 359.773 364.504 367.937 367.239 354.941 311.507 200.622 66.0032 200.622 311.507 354.941 367.239 367.937 364.504 359.773 355.264 350.891 340.286 326.916 341.885 339.357 336.26 332.588 336.659 341.93 345.598 347.866 349.343 350.386 351.165 351.751 352.069 352.069 
352.653 352.653 352.394 351.885 351.195 350.262 348.923 346.826 343.38 338.528 335.41 340.13 343.661 342.27 329.445 343.397 353.419 357.866 362.75 367.798 371.27 370.005 355.897 309.259 203.002 102.516 203.002 309.259 355.897 370.005 371.27 367.798 362.75 357.866 353.419 343.397 329.445 342.27 343.661 340.13 335.41 338.528 343.38 346.826 348.923 350.262 351.195 351.885 352.394 352.653 352.653 
353.666 353.666 353.484 353.073 352.49 351.686 350.505 348.604 345.452 341.2 338.994 343.998 346.783 341.471 331.237 345.79 355.193 359.764 364.805 369.724 372.744 370.472 354.732 306.696 209.097 134.536 209.097 306.696 354.732 370.472 372.744 369.724 364.805 359.764 355.193 345.79 331.237 341.471 346.783 343.998 338.994 341.2 345.452 348.604 350.505 351.686 352.49 353.073 353.484 353.666 353.666 
355.012 355.012 354.889 354.55 354.042 353.322 352.238 350.454 347.505 343.708 342.021 346.748 348.188 340.052 333.248 348.036 356.696 361.326 366.345 370.924 373.25 369.723 351.981 302.428 216.722 166.226 216.722 302.428 351.981 369.723 373.25 370.924 366.345 361.326 356.696 348.036 333.248 340.052 348.188 346.748 342.021 343.708 347.505 350.454 352.238 353.322 354.042 354.55 354.889 355.012 355.012 
356.538 356.538 356.429 356.106 355.609 354.898 353.815 352.024 349.123 345.516 344.003 348.476 348.728 338.866 335.767 350.285 358.18 362.845 367.754 371.906 373.408 368.405 348.37 298.855 228.321 194.688 228.321 298.855 348.37 368.405 373.408 371.906 367.754 362.845 358.18 350.285 335.767 338.866 348.728 348.476 344.003 345.516 349.123 352.024 353.815 354.898 355.609 356.106 356.429 356.538 356.538 
358.117 358.117 357.978 357.622 357.088 356.332 355.191 353.33 350.418 346.945 345.668 350.102 349.069 338.371 338.918 352.742 359.947 364.658 369.394 373.022 373.515 366.673 344.114 296.557 242.205 221.125 242.205 296.557 344.114 366.673 373.515 373.022 369.394 364.658 359.947 352.742 338.918 338.371 349.069 350.102 345.668 346.945 350.418 353.33 355.191 356.332 357.088 357.622 357.978 358.117 358.117 
359.703 359.703 359.513 359.107 358.53 357.73 356.539 354.633 351.781 348.543 347.706 352.088 349.384 338.764 342.699 355.488 362.089 366.809 371.237 374.153 373.338 364.245 339.545 296.569 257.611 244.679 257.611 296.569 339.545 364.245 373.338 374.153 371.237 366.809 362.089 355.488 342.699 338.764 349.384 352.088 347.706 348.543 351.781 354.633 356.539 357.73 358.53 359.107 359.513 359.703 359.703 
361.314 361.314 361.083 360.646 360.052 359.243 358.042 356.155 353.454 350.547 350.247 354.272 349.651 340.234 346.992 358.476 364.541 369.155 373.078 375.038 372.558 361.003 335.421 299.441 273.362 265.701 273.362 299.441 335.421 361.003 372.558 375.038 373.078 369.155 364.541 358.476 346.992 340.234 349.651 354.272 350.247 350.547 353.454 356.155 358.042 359.243 360.052 360.646 361.083 361.314 361.314 
362.987 362.987 362.74 362.303 361.724 360.935 359.749 357.921 355.414 352.862 353.087 356.338 350.006 342.969 351.626 361.645 367.206 371.537 374.725 375.43 370.937 357.201 332.689 305.059 288.627 284.176 288.627 305.059 332.689 357.201 370.937 375.43 374.725 371.537 367.206 361.645 351.626 342.969 350.006 356.338 353.087 352.862 355.414 357.921 359.749 360.935 361.724 362.303 362.74 362.987 362.987 
364.726 364.726 364.485 364.068 363.519 362.757 361.592 359.841 357.541 355.355 356.052 358.124 350.803 347.001 356.422 364.949 369.998 373.814 375.97 375.05 368.402 353.471 332.104 312.656 302.795 300.282 302.795 312.656 332.104 353.471 368.402 375.05 375.97 373.814 369.998 364.949 356.422 347.001 350.803 358.124 356.052 355.355 357.541 359.841 361.592 362.757 363.519 364.068 364.485 364.726 364.726 
366.485 366.485 366.26 365.872 365.357 364.62 363.479 361.835 359.772 357.989 359.061 359.67 352.495 352.106 361.231 368.344 372.792 375.761 376.496 373.666 365.233 350.667 333.87 321.242 315.542 314.171 315.542 321.242 333.87 350.667 365.233 373.666 376.496 375.761 372.792 368.344 361.231 352.106 352.495 359.67 359.061 357.989 359.772 361.835 363.479 364.62 365.357 365.872 366.26 366.485 366.485 
368.186 368.186 367.983 367.63 367.152 366.443 365.35 363.867 362.081 360.753 362.021 361.179 355.444 357.864 365.949 371.728 375.317 376.994 375.968 371.331 362.111 349.494 337.583 329.933 326.739 326.025 326.739 329.933 337.583 349.494 362.111 371.331 375.968 376.994 375.317 371.728 365.949 357.864 355.444 361.179 362.021 360.753 362.081 363.867 365.35 366.443 367.152 367.63 367.983 368.186 368.186 
369.753 369.753 369.579 369.269 368.835 368.163 367.159 365.897 364.414 363.57 364.797 363.023 359.716 363.811 370.428 374.809 377.109 377.1 374.319 368.551 359.853 350.17 342.497 338.119 336.385 336.037 336.385 338.119 342.497 350.17 359.853 368.551 374.319 377.1 377.109 374.809 370.428 363.811 359.716 363.023 364.797 363.57 364.414 365.897 367.159 368.163 368.835 369.269 369.579 369.753 369.753 
371.126 371.126 370.991 370.732 370.345 369.721 368.862 367.864 366.671 366.319 367.343 365.618 364.964 369.455 374.323 377.068 377.69 375.955 371.965 366.117 359.006 352.383 347.844 345.459 344.552 344.401 344.552 345.459 347.844 352.383 359.006 366.117 371.965 375.955 377.69 377.068 374.323 369.455 364.964 365.618 367.343 366.319 366.671 367.864 368.862 369.721 370.345 370.732 370.991 371.126 371.126 
372.268 372.268 372.181 371.975 371.625 371.075 370.424 369.672 368.751 368.911 369.817 369.107 370.425 374.191 377.098 378.008 376.931 373.962 369.675 364.698 359.611 355.534 353.045 351.808 351.36 351.307 351.36 351.808 353.045 355.534 359.611 364.698 369.675 373.962 376.931 378.008 377.098 374.191 370.425 369.107 369.817 368.911 368.751 369.672 370.424 371.075 371.625 371.975 372.181 372.268 372.268 
373.166 373.166 373.129 372.961 372.645 372.22 371.801 371.209 370.612 371.326 372.436 373.069 375.097 377.401 378.328 377.542 375.255 371.887 368.151 364.522 361.301 359.023 357.755 357.152 356.949 356.942 356.949 357.152 357.755 359.023 361.301 364.522 368.151 371.887 375.255 377.542 378.328 377.401 375.097 373.069 372.436 371.326 370.612 371.209 371.801 372.22 372.645 372.961 373.129 373.166 373.166 
373.842 373.842 373.835 373.688 373.434 373.185 372.923 372.414 372.296 373.576 375.139 376.608 378.145 378.773 378.054 376.132 373.419 370.424 367.687 365.387 363.563 362.405 361.814 361.547 361.472 361.483 361.472 361.547 361.814 362.405 363.563 365.387 367.687 370.424 373.419 376.132 378.054 378.773 378.145 376.608 375.139 373.576 372.296 372.414 372.923 373.185 373.434 373.688 373.835 373.842 373.842 
374.383 374.383 374.356 374.229 374.074 373.961 373.719 373.371 373.885 375.627 377.482 378.865 379.288 378.53 376.812 374.515 372.079 369.874 368.154 366.874 365.948 365.42 365.18 365.083 365.068 365.085 365.068 365.083 365.18 365.42 365.948 366.874 368.154 369.874 372.079 374.515 376.812 378.53 379.288 378.865 377.482 375.627 373.885 373.371 373.719 373.961 374.074 374.229 374.356 374.383 374.383 
374.949 374.949 374.83 374.714 374.626 374.532 374.294 374.315 375.412 377.303 378.908 379.509 378.861 377.32 375.333 373.294 371.509 370.131 369.196 368.569 368.15 367.946 367.874 367.856 367.867 367.883 367.867 367.856 367.874 367.946 368.15 368.569 369.196 370.131 371.509 373.294 375.333 377.32 378.861 379.509 378.908 377.303 375.412 374.315 374.294 374.532 374.626 374.714 374.83 374.949 374.949 
375.703 375.703 375.491 375.394 375.322 375.171 375.011 375.407 376.704 378.25 379.112 378.823 377.571 375.887 374.179 372.714 371.616 370.878 370.44 370.176 370.017 369.965 369.967 369.983 370.004 370.018 370.004 369.983 369.967 369.965 370.017 370.176 370.44 370.878 371.616 372.714 374.179 375.887 377.571 378.823 379.112 378.25 376.704 375.407 375.011 375.171 375.322 375.394 375.491 375.703 375.703 
376.683 376.683 376.563 376.535 376.41 376.131 375.983 376.441 377.447 378.309 378.386 377.568 376.233 374.829 373.623 372.733 372.158 371.827 371.665 371.58 371.543 371.559 371.59 371.619 371.642 371.653 371.642 371.619 371.59 371.559 371.543 371.58 371.665 371.827 372.158 372.733 373.623 374.829 376.233 377.568 378.386 378.309 377.447 376.441 375.983 376.131 376.41 376.535 376.563 376.683 376.683 
377.259 377.259 377.306 377.345 377.251 377.113 377.229 377.746 378.353 378.527 378.003 376.941 375.719 374.641 373.839 373.323 373.036 372.903 372.865 372.854 372.86 372.892 372.925 372.951 372.969 372.977 372.969 372.951 372.925 372.892 372.86 372.854 372.865 372.903 373.036 373.323 373.839 374.641 375.719 376.941 378.003 378.527 378.353 377.746 377.229 377.113 377.251 377.345 377.306 377.259 377.259 
376.696 376.696 376.774 376.994 377.39 378.113 379.181 380.218 380.636 380.125 378.926 377.565 376.392 375.503 374.898 374.522 374.305 374.188 374.135 374.112 374.107 374.114 374.124 374.133 374.14 374.143 374.14 374.133 374.124 374.114 374.107 374.112 374.135 374.188 374.305 374.522 374.898 375.503 376.392 377.565 378.926 380.125 380.636 380.218 379.181 378.113 377.39 376.994 376.774 376.696 376.696 
375.174 375.174 375.174 375.174 375.174 375.174 375.174 375.174 375.174 375.174 375.174 375.174 375.174 375.174 375.174 375.174 375.174 375.174 375.174 375.174 375.174 375.174 375.174 375.174 375.174 375.174 375.174 375.174 375.174 375.174 375.174 375.174 375.174 375.174 375.174 375.174 375.174 375.174 375.174 375.174 375.174 375.174 375.174 375.174 375.174 375.174 375.174 375.174 375.174 375.174 375.174 
