0 9.02186e-15 4.82774e-15 1.56125e-16 6.80012e-16 6.31439e-15 1.08663e-14 2.10942e-15 3.19189e-15 -1.17267e-14 -3.10585e-14 2.28513e-15 41.9058 37.0909 30.3627 25.9412 19.6692 10.8299 -0.729582 -15.677 -35.0694 -60.7623 -96.0299 -147.215 -194.028 -1.7397e-12 194.028 147.215 96.0299 60.7623 35.0694 15.677 0.729582 -10.8299 -19.6692 -25.9412 -30.3627 -37.0909 -41.9058 2.28513e-15 -3.10585e-14 -1.17267e-14 3.19189e-15 2.10942e-15 1.08663e-14 6.31439e-15 6.80012e-16 1.56125e-16 4.82774e-15 9.02186e-15 0 
0.00486779 0.00486778 0.0240214 0.0448031 0.0700624 0.109999 0.179604 0.291992 0.393011 0.188669 -0.239318 6.97948 43.7002 38.348 28.8274 23.2492 17.0322 8.06005 -4.0045 -19.67 -40.0718 -67.2089 -104.763 -156.872 -197.759 -1.47212e-12 197.759 156.872 104.763 67.2089 40.0718 19.67 4.0045 -8.06005 -17.0322 -23.2492 -28.8274 -38.348 -43.7002 -6.97948 0.239318 -0.188669 -0.393011 -0.291992 -0.179604 -0.109999 -0.0700624 -0.0448031 -0.0240214 -0.00486778 -0.00486779 
0.00761754 0.00761753 0.0428057 0.0780961 0.121033 0.1929 0.321225 0.530938 0.737955 0.440037 -0.487375 7.2323 41.4679 38.0097 29.0157 22.9691 16.5648 7.47818 -4.75262 -20.6585 -41.4701 -69.1517 -107.096 -157.604 -188.607 -8.33002e-13 188.607 157.604 107.096 69.1517 41.4701 20.6585 4.75262 -7.47818 -16.5648 -22.9691 -29.0157 -38.0097 -41.4679 -7.2323 0.487375 -0.440037 -0.737955 -0.530938 -0.321225 -0.1929 -0.121033 -0.0780961 -0.0428057 -0.00761753 -0.00761754 
0.00994537 0.00994536 0.0641882 0.118456 0.184175 0.295239 0.495988 0.826086 1.13181 0.622196 -0.257902 10.0562 40.3942 37.654 28.6569 22.0416 15.4515 6.1626 -6.42719 -22.7624 -44.1204 -72.359 -110.509 -158.421 -172.374 -4.45263e-13 172.374 158.421 110.509 72.359 44.1204 22.7624 6.42719 -6.1626 -15.4515 -22.0416 -28.6569 -37.654 -40.3942 -10.0562 0.257902 -0.622196 -1.13181 -0.826086 -0.495988 -0.295239 -0.184175 -0.118456 -0.0641882 -0.00994536 -0.00994537 
0.00844757 0.00844756 0.0799702 0.152203 0.239165 0.388149 0.662396 1.11524 1.48696 0.67229 -0.180088 12.0468 39.5133 37.3838 27.8432 20.6989 13.9888 4.47323 -8.47223 -25.1379 -46.7976 -75.1085 -112.438 -154.587 -149.616 -3.14813e-13 149.616 154.587 112.438 75.1085 46.7976 25.1379 8.47223 -4.47323 -13.9888 -20.6989 -27.8432 -37.3838 -39.5133 -12.0468 0.180088 -0.67229 -1.48696 -1.11524 -0.662396 -0.388149 -0.239165 -0.152203 -0.0799702 -0.00844756 -0.00844757 
0.00228594 0.00228592 0.0895864 0.180244 0.28898 0.477732 0.832498 1.41188 1.7915 0.630314 0.203386 14.1726 38.8565 36.9583 26.7602 19.1898 12.3593 2.57046 -10.7065 -27.6227 -49.454 -77.6387 -113.448 -147.57 -126.381 -1.79656e-13 126.381 147.57 113.448 77.6387 49.454 27.6227 10.7065 -2.57046 -12.3593 -19.1898 -26.7602 -36.9583 -38.8565 -14.1726 -0.203386 -0.630314 -1.7915 -1.41188 -0.832498 -0.477732 -0.28898 -0.180244 -0.0895864 -0.00228592 -0.00228594 
-0.00817874 -0.00817875 0.0947123 0.20557 0.338443 0.571977 1.01983 1.73199 2.06447 0.563251 0.850888 16.3678 38.512 36.2586 25.2823 17.416 10.4448 0.31256 -13.3061 -30.4461 -52.3917 -80.2374 -113.307 -136.93 -103.724 -7.46972e-14 103.724 136.93 113.307 80.2374 52.3917 30.4461 13.3061 -0.31256 -10.4448 -17.416 -25.2823 -36.2586 -38.512 -16.3678 -0.850888 -0.563251 -2.06447 -1.73199 -1.01983 -0.571977 -0.338443 -0.20557 -0.0947123 0.00817875 0.00817874 
-0.0210458 -0.0210458 0.100277 0.234957 0.39653 0.684137 1.24417 2.09337 2.32168 0.548038 1.82742 18.6166 38.3553 35.1478 23.3702 15.3602 8.18598 -2.37294 -16.3404 -33.6662 -55.6232 -82.6237 -111.136 -122.667 -82.9182 -5.94849e-14 82.9182 122.667 111.136 82.6237 55.6232 33.6662 16.3404 2.37294 -8.18598 -15.3602 -23.3702 -35.1478 -38.3553 -18.6166 -1.82742 -0.548038 -2.32168 -2.09337 -1.24417 -0.684137 -0.39653 -0.234957 -0.100277 0.0210458 0.0210458 
-0.0344543 -0.0344543 0.110746 0.27328 0.468228 0.820823 1.51297 2.48734 2.53597 0.577997 3.09817 20.9598 38.2705 33.4716 21.0031 12.9817 5.49435 -5.56388 -19.8528 -37.2818 -59.0037 -84.1899 -106.051 -105.566 -64.6229 2.07382e-14 64.6229 105.566 106.051 84.1899 59.0037 37.2818 19.8528 5.56388 -5.49435 -12.9817 -21.0031 -33.4716 -38.2705 -20.9598 -3.09817 -0.577997 -2.53597 -2.48734 -1.51297 -0.820823 -0.468228 -0.27328 -0.110746 0.0344543 0.0344543 
-0.0480991 -0.0480991 0.126926 0.3199 0.551092 0.979325 1.81848 2.87874 2.65994 0.655504 4.69497 23.4608 38.0643 31.0762 18.1572 10.208 2.27689 -9.31016 -23.8461 -41.2201 -62.1815 -84.0846 -97.5823 -87.2562 -49.3943 4.29563e-14 49.3943 87.2562 97.5823 84.0846 62.1815 41.2201 23.8461 9.31016 -2.27689 -10.208 -18.1572 -31.0762 -38.0643 -23.4608 -4.69497 -0.655504 -2.65994 -2.87874 -1.81848 -0.979325 -0.551092 -0.3199 -0.126926 0.0480991 0.0480991 
-0.0635352 -0.0635352 0.145704 0.369788 0.63896 1.15503 2.14928 3.22807 2.66232 0.833633 6.72518 26.1204 37.3969 27.8434 14.8337 6.96229 -1.53832 -13.6345 -28.2919 -45.2799 -64.523 -81.418 -86.0181 -69.5046 -37.1994 -8.099e-14 37.1994 69.5046 86.0181 81.418 64.523 45.2799 28.2919 13.6345 1.53832 -6.96229 -14.8337 -27.8434 -37.3969 -26.1204 -6.72518 -0.833633 -2.66232 -3.22807 -2.14928 -1.15503 -0.63896 -0.369788 -0.145704 0.0635352 0.0635352 
-0.0829155 -0.0829155 0.16294 0.418154 0.728967 1.35026 2.49822 3.49955 2.53842 1.22343 9.31355 28.7465 35.8247 23.7473 11.051 3.15925 -6.0166 -18.5407 -33.0549 -48.9746 -65.115 -75.6231 -72.4467 -53.6872 -27.7044 -1.26404e-13 27.7044 53.6872 72.4467 75.6231 65.115 48.9746 33.0549 18.5407 6.0166 -3.15925 -11.051 -23.7473 -35.8247 -28.7465 -9.31355 -1.22343 -2.53842 -3.49955 -2.49822 -1.35026 -0.728967 -0.418154 -0.16294 0.0829155 0.0829155 
-0.107319 -0.107319 0.176503 0.463666 0.824829 1.57408 2.85348 3.64806 2.30564 1.98837 12.5391 30.8846 32.9245 18.8779 6.80309 -1.31228 -11.1976 -23.9038 -37.6917 -51.4378 -63.0562 -66.8755 -58.4159 -40.5052 -20.4436 -8.53881e-14 20.4436 40.5052 58.4159 66.8755 63.0562 51.4378 37.6917 23.9038 11.1976 1.31228 -6.80309 -18.8779 -32.9245 -30.8846 -12.5391 -1.98837 -2.30564 -3.64806 -2.85348 -1.57408 -0.824829 -0.463666 -0.176503 0.107319 0.107319 
-0.136329 -0.136329 0.18626 0.507385 0.934188 1.83383 3.18301 3.61215 2.02143 3.35063 16.295 31.8521 28.4768 13.3816 2.01164 -6.54052 -16.9494 -29.2485 -41.3247 -51.648 -57.9631 -56.1767 -45.3598 -30.038 -14.9618 -1.38578e-14 14.9618 30.038 45.3598 56.1767 57.9631 51.648 41.3247 29.2485 16.9494 6.54052 -2.01164 -13.3816 -28.4768 -31.8521 -16.295 -3.35063 -2.02143 -3.61215 -3.18301 -1.83383 -0.934188 -0.507385 -0.18626 0.136329 0.136329 
-0.169262 -0.169262 0.19178 0.550785 1.0667 2.12793 3.42482 3.33115 1.84245 5.54842 20.0946 30.9035 22.5475 7.37206 -3.40394 -12.3811 -22.723 -33.6286 -42.8559 -48.9501 -50.3058 -44.9575 -34.176 -21.9899 -10.8661 -2.74949e-14 10.8661 21.9899 34.176 44.9575 50.3058 48.9501 42.8559 33.6286 22.723 12.3811 3.40394 -7.37206 -22.5475 -30.9035 -20.0946 -5.54842 -1.84245 -3.33115 -3.42482 -2.12793 -1.0667 -0.550785 -0.19178 0.169262 0.169262 
-0.206131 -0.206131 0.191272 0.597056 1.23559 2.43559 3.47904 2.80121 2.08677 8.65143 22.9621 27.5138 15.4462 0.97485 -9.26541 -18.204 -27.4821 -35.8907 -41.5206 -43.4997 -41.2521 -34.5052 -25.1609 -15.9294 -7.83402 -6.80422e-14 7.83402 15.9294 25.1609 34.5052 41.2521 43.4997 41.5206 35.8907 27.4821 18.204 9.26541 -0.97485 -15.4462 -27.5138 -22.9621 -8.65143 -2.08677 -2.80121 -3.47904 -2.43559 -1.23559 -0.597056 -0.191272 0.206131 0.206131 
-0.249055 -0.249055 0.180967 0.656297 1.45551 2.69185 3.23092 2.19013 3.16656 12.2083 23.6534 21.6885 7.72273 -5.45782 -14.8976 -22.9128 -30.0588 -35.2684 -37.3729 -36.2486 -32.1401 -25.5991 -18.1944 -11.4299 -5.60644 -6.19159e-14 5.60644 11.4299 18.1944 25.5991 32.1401 36.2486 37.3729 35.2684 30.0588 22.9128 14.8976 5.45782 -7.72273 -21.6885 -23.6534 -12.2083 -3.16656 -2.19013 -3.23092 -2.69185 -1.45551 -0.656297 -0.180967 0.249055 0.249055 
-0.305165 -0.305165 0.162512 0.757687 1.71904 2.76574 2.65562 1.90286 5.24006 15.0543 21.3434 14.1475 0.177538 -11.2027 -19.243 -25.3961 -29.775 -31.8579 -31.2934 -28.4741 -23.9793 -18.4851 -12.9604 -8.12231 -3.97928 -4.56924e-14 3.97928 8.12231 12.9604 18.4851 23.9793 28.4741 31.2934 31.8579 29.775 25.3961 19.243 11.2027 -0.177538 -14.1475 -21.3434 -15.0543 -5.24006 -1.90286 -2.65562 -2.76574 -1.71904 -0.757687 -0.162512 0.305165 0.305165 
-0.375247 -0.375247 0.162197 0.927255 1.92844 2.50929 1.9764 2.40605 7.77424 15.7963 16.2545 6.18548 -6.24446 -15.3525 -21.3611 -25.1244 -26.8268 -26.5559 -24.5202 -21.2474 -17.2615 -13.0515 -9.10196 -5.70955 -2.79643 -6.47267e-15 2.79643 5.70955 9.10196 13.0515 17.2615 21.2474 24.5202 26.5559 26.8268 25.1244 21.3611 15.3525 6.24446 -6.18548 -16.2545 -15.7963 -7.77424 -2.40605 -1.9764 -2.50929 -1.92844 -0.927255 -0.162197 0.375247 0.375247 
-0.44327 -0.44327 0.206481 1.10696 1.91549 1.98302 1.69304 3.76296 9.55877 13.7518 9.6206 -0.812871 -10.7161 -17.2409 -20.9247 -22.4096 -22.1357 -20.5734 -18.1232 -15.1804 -12.0607 -9.03504 -6.30226 -3.96583 -1.94312 -8.32319e-14 1.94312 3.96583 6.30226 9.03504 12.0607 15.1804 18.1232 20.5734 22.1357 22.4096 20.9247 17.2409 10.7161 0.812871 -9.6206 -13.7518 -9.55877 -3.76296 -1.69304 -1.98302 -1.91549 -1.10696 -0.206481 0.44327 0.44327 
-0.457817 -0.457817 0.317837 1.21876 1.68419 1.55913 2.10275 5.19748 9.41613 9.48381 3.11589 -5.7986 -12.7886 -16.7643 -18.3534 -18.1945 -16.8814 -14.9587 -12.7603 -10.4751 -8.232 -6.15602 -4.31182 -2.72649 -1.33705 -5.12292e-14 1.33705 2.72649 4.31182 6.15602 8.232 10.4751 12.7603 14.9587 16.8814 18.1945 18.3534 16.7643 12.7886 5.7986 -3.11589 -9.48381 -9.41613 -5.19748 -2.10275 -1.55913 -1.68419 -1.21876 -0.317837 0.457817 0.457817 
-0.312135 -0.312135 0.504477 1.19411 1.32214 1.39436 2.74677 5.63669 7.32408 4.63505 -1.73523 -8.26057 -12.564 -14.4754 -14.6305 -13.6526 -12.0972 -10.3835 -8.69974 -7.08342 -5.55481 -4.16846 -2.93942 -1.86972 -0.91792 -5.53727e-14 0.91792 1.86972 2.93942 4.16846 5.55481 7.08342 8.69974 10.3835 12.0972 13.6526 14.6305 14.4754 12.564 8.26057 1.73523 -4.63505 -7.32408 -5.63669 -2.74677 -1.39436 -1.32214 -1.19411 -0.504477 0.312135 0.312135 
-0.121341 -0.121341 0.516414 0.87533 0.968544 1.6379 3.46369 5.30704 4.74885 0.921025 -4.33806 -8.64032 -10.9728 -11.5689 -11.0121 -9.83472 -8.45203 -7.12107 -5.92237 -4.81972 -3.78787 -2.85774 -2.02974 -1.29854 -0.637925 -5.35356e-14 0.637925 1.29854 2.02974 2.85774 3.78787 4.81972 5.92237 7.12107 8.45203 9.83472 11.0121 11.5689 10.9728 8.64032 4.33806 -0.921025 -4.74885 -5.30704 -3.46369 -1.6379 -0.968544 -0.87533 -0.516414 0.121341 0.121341 
-0.0729731 -0.0729731 0.415196 0.868378 1.58047 2.96902 4.47478 4.52506 2.06078 -2.12903 -6.16744 -8.75059 -9.68618 -9.41781 -8.47489 -7.27332 -6.08198 -5.03247 -4.14856 -3.36532 -2.63995 -1.99454 -1.42229 -0.913066 -0.448164 -1.35144e-14 0.448164 0.913066 1.42229 1.99454 2.63995 3.36532 4.14856 5.03247 6.08198 7.27332 8.47489 9.41781 9.68618 8.75059 6.16744 2.12903 -2.06078 -4.52506 -4.47478 -2.96902 -1.58047 -0.868378 -0.415196 0.0729731 0.0729731 
-0.175969 -0.175969 0.290148 0.915713 1.77399 2.62581 2.53826 0.693165 -2.57102 -5.86985 -7.96607 -8.6086 -8.21543 -7.27507 -6.14698 -5.05009 -4.08871 -3.28812 -2.63057 -2.08126 -1.6103 -1.20799 -0.85928 -0.551192 -0.269788 -2.0822e-14 0.269788 0.551192 0.85928 1.20799 1.6103 2.08126 2.63057 3.28812 4.08871 5.05009 6.14698 7.27507 8.21543 8.6086 7.96607 5.86985 2.57102 -0.693165 -2.53826 -2.62581 -1.77399 -0.915713 -0.290148 0.175969 0.175969 
0 0 0 0 0 0 0 0 0 0 0 0 0 0 0 0 0 0 0 0 0 0 0 0 0 0 0 0 0 0 0 0 0 0 0 0 0 0 0 0 0 0 0 0 0 0 0 0 0 0 0 
