0 -1.04341e-13 -6.12288e-14 1.20307e-13 2.45151e-14 3.51802e-15 -8.14904e-14 -9.73943e-14 -1.03889e-13 -3.92325e-14 -3.17801e-15 -4.57025e-15 41.9058 37.0909 30.3627 25.9412 19.6692 10.8299 -0.729583 -15.6771 -35.0694 -60.7625 -96.0302 -147.213 -194.023 1.80331e-13 194.023 147.213 96.0302 60.7625 35.0694 15.6771 0.729583 -10.8299 -19.6692 -25.9412 -30.3627 -37.0909 -41.9058 -4.57025e-15 -3.17801e-15 -3.92325e-14 -1.03889e-13 -9.73943e-14 -8.14904e-14 3.51802e-15 2.45151e-14 1.20307e-13 -6.12288e-14 -1.04341e-13 0 
0.0048675 0.0048675 0.0240214 0.0448031 0.0700623 0.109999 0.179604 0.291992 0.393011 0.188667 -0.239322 6.97947 43.7002 38.3481 28.8274 23.2491 17.0322 8.06012 -4.00468 -19.6703 -40.0709 -67.2092 -104.764 -156.871 -197.754 1.50492e-13 197.754 156.871 104.764 67.2092 40.0709 19.6703 4.00468 -8.06012 -17.0322 -23.2491 -28.8274 -38.3481 -43.7002 -6.97947 0.239322 -0.188667 -0.393011 -0.291992 -0.179604 -0.109999 -0.0700623 -0.0448031 -0.0240214 -0.0048675 -0.0048675 
0.00761739 0.00761739 0.0428058 0.0780963 0.121033 0.1929 0.321226 0.530938 0.737955 0.440035 -0.487379 7.2323 41.468 38.0098 29.0157 22.9691 16.5648 7.47821 -4.75283 -20.6585 -41.4694 -69.1522 -107.097 -157.603 -188.605 1.40103e-13 188.605 157.603 107.097 69.1522 41.4694 20.6585 4.75283 -7.47821 -16.5648 -22.9691 -29.0157 -38.0098 -41.468 -7.2323 0.487379 -0.440035 -0.737955 -0.530938 -0.321226 -0.1929 -0.121033 -0.0780963 -0.0428058 -0.00761739 -0.00761739 
0.00994535 0.00994535 0.0641884 0.118457 0.184175 0.295239 0.495988 0.826087 1.13181 0.622192 -0.257908 10.0562 40.3942 37.654 28.6568 22.0416 15.4515 6.16257 -6.4274 -22.7622 -44.1199 -72.3594 -110.509 -158.421 -172.375 7.10995e-14 172.375 158.421 110.509 72.3594 44.1199 22.7622 6.4274 -6.16257 -15.4515 -22.0416 -28.6568 -37.654 -40.3942 -10.0562 0.257908 -0.622192 -1.13181 -0.826087 -0.495988 -0.295239 -0.184175 -0.118457 -0.0641884 -0.00994535 -0.00994535 
0.00844771 0.00844771 0.0799705 0.152203 0.239165 0.38815 0.662397 1.11524 1.48696 0.672286 -0.180094 12.0468 39.5133 37.3838 27.8432 20.6989 13.9888 4.47314 -8.47238 -25.1376 -46.7972 -75.1088 -112.439 -154.587 -149.617 1.93618e-14 149.617 154.587 112.439 75.1088 46.7972 25.1376 8.47238 -4.47314 -13.9888 -20.6989 -27.8432 -37.3838 -39.5133 -12.0468 0.180094 -0.672286 -1.48696 -1.11524 -0.662397 -0.38815 -0.239165 -0.152203 -0.0799705 -0.00844771 -0.00844771 
0.00228625 0.00228624 0.0895869 0.180245 0.28898 0.477732 0.832498 1.41188 1.79149 0.63031 0.20338 14.1727 38.8565 36.9583 26.7601 19.1899 12.3593 2.57033 -10.7066 -27.6223 -49.4538 -77.6391 -113.448 -147.569 -126.381 3.47985e-14 126.381 147.569 113.448 77.6391 49.4538 27.6223 10.7066 -2.57033 -12.3593 -19.1899 -26.7601 -36.9583 -38.8565 -14.1727 -0.20338 -0.63031 -1.79149 -1.41188 -0.832498 -0.477732 -0.28898 -0.180245 -0.0895869 -0.00228624 -0.00228625 
-0.00817823 -0.00817823 0.094713 0.20557 0.338444 0.571978 1.01983 1.73199 2.06446 0.563244 0.850883 16.3678 38.512 36.2585 25.2823 17.416 10.4448 0.312437 -13.306 -30.4458 -52.3918 -80.2378 -113.307 -136.93 -103.724 7.15304e-14 103.724 136.93 113.307 80.2378 52.3918 30.4458 13.306 -0.312437 -10.4448 -17.416 -25.2823 -36.2585 -38.512 -16.3678 -0.850883 -0.563244 -2.06446 -1.73199 -1.01983 -0.571978 -0.338444 -0.20557 -0.094713 0.00817823 0.00817823 
-0.021045 -0.021045 0.100278 0.234958 0.396531 0.684138 1.24417 2.09337 2.32168 0.54803 1.82742 18.6166 38.3553 35.1478 23.3702 15.3602 8.1859 -2.373 -16.3402 -33.6659 -55.6234 -82.624 -111.136 -122.667 -82.9181 8.64876e-14 82.9181 122.667 111.136 82.624 55.6234 33.6659 16.3402 2.373 -8.1859 -15.3602 -23.3702 -35.1478 -38.3553 -18.6166 -1.82742 -0.54803 -2.32168 -2.09337 -1.24417 -0.684138 -0.396531 -0.234958 -0.100278 0.021045 0.021045 
-0.0344532 -0.0344532 0.110748 0.273281 0.468229 0.820824 1.51297 2.48734 2.53597 0.577988 3.09817 20.9598 38.2705 33.4716 21.0032 12.9817 5.49427 -5.56384 -19.8525 -37.2817 -59.0039 -84.1901 -106.051 -105.566 -64.6228 1.09466e-13 64.6228 105.566 106.051 84.1901 59.0039 37.2817 19.8525 5.56384 -5.49427 -12.9817 -21.0032 -33.4716 -38.2705 -20.9598 -3.09817 -0.577988 -2.53597 -2.48734 -1.51297 -0.820824 -0.468229 -0.273281 -0.110748 0.0344532 0.0344532 
-0.0480976 -0.0480976 0.126928 0.319902 0.551094 0.979326 1.81848 2.87874 2.65993 0.655496 4.69497 23.4608 38.0643 31.0762 18.1572 10.208 2.27686 -9.31002 -23.8459 -41.2201 -62.1817 -84.0847 -97.5823 -87.2562 -49.3941 8.1909e-14 49.3941 87.2562 97.5823 84.0847 62.1817 41.2201 23.8459 9.31002 -2.27686 -10.208 -18.1572 -31.0762 -38.0643 -23.4608 -4.69497 -0.655496 -2.65993 -2.87874 -1.81848 -0.979326 -0.551094 -0.319902 -0.126928 0.0480976 0.0480976 
-0.0635331 -0.0635331 0.145707 0.369791 0.638962 1.15503 2.14929 3.22807 2.66232 0.833626 6.72518 26.1205 37.397 27.8434 14.8336 6.96225 -1.53827 -13.6343 -28.2918 -45.28 -64.5232 -81.4181 -86.0181 -69.5045 -37.1993 2.40617e-14 37.1993 69.5045 86.0181 81.4181 64.5232 45.28 28.2918 13.6343 1.53827 -6.96225 -14.8336 -27.8434 -37.397 -26.1205 -6.72518 -0.833626 -2.66232 -3.22807 -2.14929 -1.15503 -0.638962 -0.369791 -0.145707 0.0635331 0.0635331 
-0.0829128 -0.0829128 0.162943 0.418158 0.728971 1.35026 2.49822 3.49955 2.53842 1.22342 9.31356 28.7465 35.8247 23.7472 11.051 3.15927 -6.01649 -18.5405 -33.0549 -48.9747 -65.1151 -75.6231 -72.4467 -53.6872 -27.7044 2.15466e-15 27.7044 53.6872 72.4467 75.6231 65.1151 48.9747 33.0549 18.5405 6.01649 -3.15927 -11.051 -23.7472 -35.8247 -28.7465 -9.31356 -1.22342 -2.53842 -3.49955 -2.49822 -1.35026 -0.728971 -0.418158 -0.162943 0.0829128 0.0829128 
-0.107316 -0.107316 0.176507 0.46367 0.824833 1.57408 2.85349 3.64806 2.30563 1.98837 12.5391 30.8846 32.9245 18.8778 6.80309 -1.3122 -11.1975 -23.9037 -37.6918 -51.4379 -63.0563 -66.8755 -58.4159 -40.5051 -20.4436 1.01113e-14 20.4436 40.5051 58.4159 66.8755 63.0563 51.4379 37.6918 23.9037 11.1975 1.3122 -6.80309 -18.8778 -32.9245 -30.8846 -12.5391 -1.98837 -2.30563 -3.64806 -2.85349 -1.57408 -0.824833 -0.46367 -0.176507 0.107316 0.107316 
-0.136324 -0.136324 0.186265 0.50739 0.934193 1.83383 3.18301 3.61215 2.02142 3.35063 16.295 31.8521 28.4768 13.3816 2.01169 -6.54042 -16.9493 -29.2485 -41.3247 -51.6481 -57.9632 -56.1767 -45.3598 -30.038 -14.9618 -2.05864e-14 14.9618 30.038 45.3598 56.1767 57.9632 51.6481 41.3247 29.2485 16.9493 6.54042 -2.01169 -13.3816 -28.4768 -31.8521 -16.295 -3.35063 -2.02142 -3.61215 -3.18301 -1.83383 -0.934193 -0.50739 -0.186265 0.136324 0.136324 
-0.169257 -0.169257 0.191786 0.550791 1.0667 2.12793 3.42482 3.33115 1.84245 5.54843 20.0946 30.9035 22.5475 7.37209 -3.40386 -12.3811 -22.723 -33.6287 -42.856 -48.9502 -50.3058 -44.9575 -34.176 -21.9899 -10.8661 -2.85953e-16 10.8661 21.9899 34.176 44.9575 50.3058 48.9502 42.856 33.6287 22.723 12.3811 3.40386 -7.37209 -22.5475 -30.9035 -20.0946 -5.54843 -1.84245 -3.33115 -3.42482 -2.12793 -1.0667 -0.550791 -0.191786 0.169257 0.169257 
-0.206125 -0.206125 0.191279 0.597063 1.2356 2.4356 3.47904 2.80121 2.08677 8.65145 22.9621 27.5138 15.4463 0.974899 -9.26535 -18.2039 -27.4821 -35.8907 -41.5207 -43.4997 -41.2522 -34.5052 -25.161 -15.9294 -7.83403 1.96031e-14 7.83403 15.9294 25.161 34.5052 41.2522 43.4997 41.5207 35.8907 27.4821 18.2039 9.26535 -0.974899 -15.4463 -27.5138 -22.9621 -8.65145 -2.08677 -2.80121 -3.47904 -2.4356 -1.2356 -0.597063 -0.191279 0.206125 0.206125 
-0.249047 -0.249047 0.180975 0.656305 1.45552 2.69185 3.23092 2.19014 3.16657 12.2083 23.6534 21.6885 7.72276 -5.45778 -14.8976 -22.9128 -30.0589 -35.2684 -37.3729 -36.2486 -32.1401 -25.5991 -18.1944 -11.4299 -5.60644 5.93797e-14 5.60644 11.4299 18.1944 25.5991 32.1401 36.2486 37.3729 35.2684 30.0589 22.9128 14.8976 5.45778 -7.72276 -21.6885 -23.6534 -12.2083 -3.16657 -2.19014 -3.23092 -2.69185 -1.45552 -0.656305 -0.180975 0.249047 0.249047 
-0.305157 -0.305157 0.162522 0.757697 1.71905 2.76575 2.65562 1.90286 5.24007 15.0544 21.3434 14.1476 0.177563 -11.2026 -19.243 -25.3961 -29.7751 -31.8579 -31.2934 -28.4741 -23.9793 -18.4851 -12.9604 -8.12232 -3.97928 6.0268e-14 3.97928 8.12232 12.9604 18.4851 23.9793 28.4741 31.2934 31.8579 29.7751 25.3961 19.243 11.2026 -0.177563 -14.1476 -21.3434 -15.0544 -5.24007 -1.90286 -2.65562 -2.76575 -1.71905 -0.757697 -0.162522 0.305157 0.305157 
-0.375238 -0.375238 0.162208 0.927267 1.92845 2.5093 1.97641 2.40606 7.77426 15.7963 16.2545 6.18549 -6.24445 -15.3525 -21.3611 -25.1245 -26.8269 -26.556 -24.5202 -21.2475 -17.2615 -13.0515 -9.10197 -5.70955 -2.79643 3.83444e-14 2.79643 5.70955 9.10197 13.0515 17.2615 21.2475 24.5202 26.556 26.8269 25.1245 21.3611 15.3525 6.24445 -6.18549 -16.2545 -15.7963 -7.77426 -2.40606 -1.97641 -2.5093 -1.92845 -0.927267 -0.162208 0.375238 0.375238 
-0.44326 -0.44326 0.206492 1.10697 1.9155 1.98303 1.69306 3.76298 9.55879 13.7518 9.62061 -0.812867 -10.7161 -17.2409 -20.9248 -22.4096 -22.1357 -20.5734 -18.1232 -15.1804 -12.0607 -9.03504 -6.30227 -3.96584 -1.94312 -2.30052e-14 1.94312 3.96584 6.30227 9.03504 12.0607 15.1804 18.1232 20.5734 22.1357 22.4096 20.9248 17.2409 10.7161 0.812867 -9.62061 -13.7518 -9.55879 -3.76298 -1.69306 -1.98303 -1.9155 -1.10697 -0.206492 0.44326 0.44326 
-0.457807 -0.457807 0.317849 1.21877 1.6842 1.55914 2.10277 5.1975 9.41615 9.48383 3.1159 -5.79861 -12.7886 -16.7643 -18.3534 -18.1945 -16.8814 -14.9587 -12.7603 -10.4751 -8.23201 -6.15603 -4.31183 -2.7265 -1.33706 -6.18106e-15 1.33706 2.7265 4.31183 6.15603 8.23201 10.4751 12.7603 14.9587 16.8814 18.1945 18.3534 16.7643 12.7886 5.79861 -3.1159 -9.48383 -9.41615 -5.1975 -2.10277 -1.55914 -1.6842 -1.21877 -0.317849 0.457807 0.457807 
-0.312123 -0.312123 0.504491 1.19413 1.32215 1.39437 2.74679 5.63671 7.3241 4.63506 -1.73523 -8.26058 -12.564 -14.4754 -14.6305 -13.6526 -12.0972 -10.3835 -8.69975 -7.08343 -5.55482 -4.16847 -2.93942 -1.86972 -0.917921 -2.63099e-15 0.917921 1.86972 2.93942 4.16847 5.55482 7.08343 8.69975 10.3835 12.0972 13.6526 14.6305 14.4754 12.564 8.26058 1.73523 -4.63506 -7.3241 -5.63671 -2.74679 -1.39437 -1.32215 -1.19413 -0.504491 0.312123 0.312123 
-0.121329 -0.121329 0.516428 0.875344 0.968559 1.63791 3.46372 5.30706 4.74886 0.921028 -4.33806 -8.64033 -10.9728 -11.5689 -11.0121 -9.83473 -8.45204 -7.12108 -5.92238 -4.81973 -3.78788 -2.85775 -2.02974 -1.29854 -0.637926 4.97711e-15 0.637926 1.29854 2.02974 2.85775 3.78788 4.81973 5.92238 7.12108 8.45204 9.83473 11.0121 11.5689 10.9728 8.64033 4.33806 -0.921028 -4.74886 -5.30706 -3.46372 -1.63791 -0.968559 -0.875344 -0.516428 0.121329 0.121329 
-0.0729633 -0.0729633 0.415208 0.868394 1.58049 2.96905 4.4748 4.52508 2.06079 -2.12903 -6.16746 -8.75061 -9.6862 -9.41783 -8.47491 -7.27334 -6.082 -5.03248 -4.14857 -3.36533 -2.63996 -1.99455 -1.4223 -0.913068 -0.448165 -1.26335e-14 0.448165 0.913068 1.4223 1.99455 2.63996 3.36533 4.14857 5.03248 6.082 7.27334 8.47491 9.41783 9.6862 8.75061 6.16746 2.12903 -2.06079 -4.52508 -4.4748 -2.96905 -1.58049 -0.868394 -0.415208 0.0729633 0.0729633 
-0.175949 -0.175949 0.290171 0.91574 1.77402 2.62584 2.53828 0.693171 -2.57103 -5.86986 -7.96609 -8.60862 -8.21545 -7.27509 -6.14699 -5.0501 -4.08872 -3.28813 -2.63058 -2.08127 -1.61031 -1.208 -0.859282 -0.551194 -0.269789 -3.71432e-14 0.269789 0.551194 0.859282 1.208 1.61031 2.08127 2.63058 3.28813 4.08872 5.0501 6.14699 7.27509 8.21545 8.60862 7.96609 5.86986 2.57103 -0.693171 -2.53828 -2.62584 -1.77402 -0.91574 -0.290171 0.175949 0.175949 
0 0 0 0 0 0 0 0 0 0 0 0 0 0 0 0 0 0 0 0 0 0 0 0 0 0 0 0 0 0 0 0 0 0 0 0 0 0 0 0 0 0 0 0 0 0 0 0 0 0 0 
