    0 277.701964
    1 361.517805
    2 448.732460
    3 534.622496
    4 629.796897
    5 731.740695
    6 832.765772
    7 927.487864
    8 1013.735416
    9 1091.219213
   10 1160.244402
   11 1221.096521
   12 1273.879425
   13 1318.600011
   14 1355.295923
   15 1384.147906
   16 1405.542514
   17 1420.054718
   18 1428.386362
   19 1431.320203
   20 1429.588697
   21 1423.832198
   22 1414.593261
   23 1402.274147
   24 1387.198414
   25 1369.598572
   26 1349.695666
   27 1327.700105
   28 1303.797517
   29 1278.215421
   30 1251.224025
   31 1223.096385
   32 1194.092334
   33 1164.477126
   34 1134.488703
   35 1104.358084
   36 1074.233233
   37 1044.215748
   38 1014.345338
   39 984.693907
   40 955.282085
   41 926.105615
   42 897.145525
   43 868.353183
   44 839.762346
   45 811.387616
   46 783.222693
   47 755.278775
   48 727.583359
   49 700.182018
   50 673.125863
   51 646.449097
   52 620.209211
   53 594.484282
   54 569.339305
   55 544.822972
   56 521.013124
   57 497.979123
   58 475.783321
   59 454.500029
   60 434.196912
   61 414.928922
   62 396.758350
   63 379.730127
   64 363.880338
   65 349.241253
   66 335.824264
   67 323.630943
   68 312.646441
   69 302.838905
   70 294.168789
   71 286.575693
   72 279.984855
   73 274.311071
   74 269.462476
   75 265.343239
   76 261.856449
   77 258.905641
   78 256.398636
   79 254.248967
   80 252.376369
   81 250.708450
   82 249.180912
   83 247.736492
   84 246.326732
   85 244.911924
   86 243.458838
   87 241.940444
   88 240.335640
   89 238.628362
   90 236.806921
   91 234.863937
   92 232.794680
   93 230.598230
   94 228.275369
   95 225.829459
   96 223.265009
   97 220.588564
   98 217.806918
   99 214.928211
  100 211.961359
  101 208.915706
  102 205.800759
  103 202.626446
  104 199.402842
  105 196.140066
  106 192.848182
  107 189.537095
  108 186.216499
  109 182.895807
  110 179.584048
  111 176.289802
  112 173.021147
  113 169.785560
  114 166.590010
  115 163.440789
  116 160.343199
  117 157.301607
  118 154.320332
  119 151.402354
  120 148.549724
  121 145.764477
  122 143.047349
  123 140.397999
  124 137.816053
  125 135.300128
  126 132.848497
  127 130.458358
  128 128.126771
  129 125.851037
  130 123.627688
  131 121.453078
  132 119.324199
  133 117.237491
  134 115.189666
  135 113.176866
  136 111.195358
  137 109.241694
  138 107.312744
  139 105.405625
  140 103.517789
  141 101.647002
  142 99.791383
  143 97.949151
  144 96.118674
  145 94.299202
  146 92.489816
  147 90.689433
  148 88.897869
  149 87.114169
  150 85.338209
  151 83.569817
  152 81.808760
  153 80.054794
  154 78.308141
  155 76.569140
  156 74.838285
  157 73.116133
  158 71.403794
  159 69.703133
  160 68.011640
  161 66.330603
  162 64.661289
  163 63.004869
  164 61.362372
  165 59.734719
  166 58.122794
  167 56.527475
  168 54.949680
  169 53.390337
  170 51.850506
  171 50.331337
  172 48.833848
  173 47.359056
  174 45.908002
  175 44.481803
  176 43.081598
  177 41.708559
  178 40.363860
  179 39.048674
  180 37.764182
  181 36.511547
  182 35.291904
  183 34.106358
  184 32.955982
  185 31.841821
  186 30.764874
  187 29.726079
  188 28.726298
  189 27.766320
  190 26.846847
  191 25.968485
  192 25.131729
  193 24.336951
  194 23.584386
  195 22.874105
  196 22.206013
  197 21.579835
  198 20.995107
  199 20.451167
  200 19.947151
  201 19.481997
  202 19.054445
  203 18.663047
  204 18.306181
  205 17.982071
  206 17.688805
  207 17.424362
  208 17.186641
  209 16.973487
  210 16.782716
  211 16.612151
  212 16.459636
  213 16.323067
  214 16.200405
  215 16.089687
  216 15.989062
  217 15.896848
  218 15.811405
  219 15.731209
  220 15.654862
  221 15.581088
  222 15.508726
  223 15.436724
  224 15.364176
  225 15.290265
  226 15.214269
  227 15.135562
  228 15.053600
  229 14.967923
  230 14.878144
  231 14.783945
  232 14.685070
  233 14.581320
  234 14.472549
  235 14.358659
  236 14.239596
  237 14.115340
  238 13.985912
  239 13.851364
  240 13.711775
  241 13.567250
  242 13.417918
  243 13.263924
  244 13.105434
  245 12.942628
  246 12.775698
  247 12.604851
  248 12.430299
  249 12.252262
  250 12.070969
  251 11.886656
  252 11.699561
  253 11.509923
  254 11.317978
  255 11.123970
  256 10.928142
  257 10.730739
  258 10.532006
  259 10.332184
  260 10.131511
  261 9.930223
  262 9.728549
  263 9.526717
  264 9.324949
  265 9.123465
  266 8.922483
  267 8.722213
  268 8.522862
  269 8.324632
  270 8.127719
  271 7.932316
  272 7.738612
  273 7.546788
  274 7.357024
  275 7.169494
  276 6.984368
  277 6.801810
  278 6.621981
  279 6.445039
  280 6.271135
  281 6.100417
  282 5.933029
  283 5.769110
  284 5.608797
  285 5.452218
  286 5.299501
  287 5.150766
  288 5.006130
  289 4.865702
  290 4.729587
  291 4.597882
  292 4.470677
  293 4.348056
  294 4.230090
  295 4.116844
  296 4.008371
  297 3.904711
  298 3.805890
  299 3.711924
  300 3.622813
  301 3.538539
  302 3.459069
  303 3.384352
  304 3.314318
  305 3.248879
  306 3.187929
  307 3.131343
  308 3.078978
  309 3.030677
  310 2.986264
  311 2.945551
  312 2.908339
  313 2.874418
  314 2.843570
  315 2.815571
  316 2.790195
  317 2.767214
  318 2.746399
  319 2.727528
  320 2.710380
  321 2.694740
  322 2.680404
  323 2.667171
  324 2.654855
  325 2.643276
  326 2.632268
  327 2.621672
  328 2.611344
  329 2.601148
  330 2.590961
  331 2.580669
  332 2.570171
  333 2.559374
  334 2.548194
  335 2.536559
  336 2.524403
  337 2.511671
  338 2.498314
  339 2.484290
  340 2.469567
  341 2.454116
  342 2.437916
  343 2.420951
  344 2.403210
  345 2.384687
  346 2.365381
  347 2.345294
  348 2.324432
  349 2.302805
  350 2.280426
  351 2.257310
  352 2.233475
  353 2.208942
  354 2.183734
  355 2.157873
  356 2.131387
  357 2.104302
  358 2.076648
  359 2.048453
  360 2.019749
  361 1.990567
  362 1.960939
  363 1.930897
  364 1.900476
  365 1.869708
  366 1.838626
  367 1.807266
  368 1.775660
  369 1.743843
  370 1.711847
  371 1.679708
  372 1.647458
  373 1.615130
  374 1.582757
  375 1.550373
  376 1.518008
  377 1.485694
  378 1.453464
  379 1.421348
  380 1.389375
  381 1.357577
  382 1.325982
  383 1.294618
  384 1.263516
  385 1.232701
  386 1.202201
  387 1.172043
  388 1.142253
  389 1.112856
  390 1.083877
  391 1.055339
  392 1.027268
  393 0.999685
  394 0.972613
  395 0.946073
  396 0.920087
  397 0.894676
  398 0.869857
  399 0.845651
  400 0.822075
  401 0.799146
  402 0.776881
  403 0.755294
  404 0.734400
  405 0.714211
  406 0.694739
  407 0.675994
  408 0.657984
  409 0.640716
  410 0.624195
  411 0.608424
  412 0.593405
  413 0.579134
  414 0.565609
  415 0.552824
  416 0.540769
  417 0.529433
  418 0.518802
  419 0.508860
  420 0.499585
  421 0.490958
  422 0.482954
  423 0.475546
  424 0.468706
  425 0.462405
  426 0.456610
  427 0.451290
  428 0.446411
  429 0.441940
  430 0.437842
  431 0.434085
  432 0.430634
  433 0.427457
  434 0.424521
  435 0.421797
  436 0.419255
  437 0.416865
  438 0.414602
  439 0.412440
  440 0.410356
  441 0.408327
  442 0.406333
  443 0.404355
  444 0.402376
  445 0.400380
  446 0.398352
  447 0.396280
  448 0.394153
  449 0.391960
  450 0.389692
  451 0.387342
  452 0.384903
  453 0.382369
  454 0.379736
  455 0.377001
  456 0.374160
  457 0.371211
  458 0.368153
  459 0.364986
  460 0.361709
  461 0.358323
  462 0.354829
  463 0.351228
  464 0.347523
  465 0.343716
  466 0.339810
  467 0.335808
  468 0.331713
  469 0.327529
  470 0.323259
  471 0.318909
  472 0.314481
  473 0.309982
  474 0.305414
  475 0.300783
  476 0.296094
  477 0.291351
  478 0.286560
  479 0.281725
  480 0.276851
  481 0.271944
  482 0.267009
  483 0.262051
  484 0.257074
  485 0.252084
  486 0.247086
  487 0.242084
  488 0.237085
  489 0.232092
  490 0.227111
  491 0.222147
  492 0.217203
  493 0.212286
  494 0.207399
  495 0.202547
  496 0.197734
  497 0.192966
  498 0.188245
  499 0.183578
  500 0.178967
  501 0.174417
  502 0.169931
  503 0.165514
  504 0.161170
  505 0.156902
  506 0.152713
  507 0.148608
  508 0.144590
  509 0.140661
  510 0.136826
  511 0.133087
  512 0.129446
  513 0.125908
  514 0.122473
  515 0.119146
  516 0.115927
  517 0.112819
  518 0.109824
  519 0.106944
  520 0.104178
  521 0.101529
  522 0.098998
  523 0.096583
  524 0.094286
  525 0.092106
  526 0.090042
  527 0.088093
  528 0.086258
  529 0.084534
  530 0.082919
  531 0.081409
  532 0.080003
  533 0.078696
  534 0.077484
  535 0.076363
  536 0.075328
  537 0.074374
  538 0.073497
  539 0.072692
  540 0.071952
  541 0.071274
  542 0.070651
  543 0.070078
  544 0.069550
  545 0.069062
  546 0.068610
  547 0.068188
  548 0.067792
  549 0.067417
  550 0.067060
  551 0.066717
  552 0.066384
  553 0.066058
  554 0.065735
  555 0.065413
  556 0.065090
  557 0.064762
  558 0.064429
  559 0.064087
  560 0.063735
  561 0.063372
  562 0.062997
  563 0.062608
  564 0.062204
  565 0.061784
  566 0.061348
  567 0.060896
  568 0.060427
  569 0.059940
  570 0.059436
  571 0.058914
  572 0.058374
  573 0.057818
  574 0.057244
  575 0.056653
  576 0.056045
  577 0.055422
  578 0.054782
  579 0.054128
  580 0.053459
  581 0.052776
  582 0.052079
  583 0.051370
  584 0.050648
  585 0.049916
  586 0.049172
  587 0.048419
  588 0.047657
  589 0.046886
  590 0.046108
  591 0.045323
  592 0.044533
  593 0.043737
  594 0.042937
  595 0.042133
  596 0.041327
  597 0.040518
  598 0.039709
  599 0.038900
  600 0.038090
  601 0.037283
  602 0.036477
  603 0.035674
  604 0.034874
  605 0.034079
  606 0.033289
  607 0.032505
  608 0.031727
  609 0.030957
  610 0.030194
  611 0.029440
  612 0.028695
  613 0.027959
  614 0.027235
  615 0.026521
  616 0.025819
  617 0.025129
  618 0.024453
  619 0.023789
  620 0.023140
  621 0.022505
  622 0.021885
  623 0.021280
  624 0.020691
  625 0.020119
  626 0.019563
  627 0.019025
  628 0.018504
  629 0.018001
  630 0.017516
  631 0.017049
  632 0.016601
  633 0.016171
  634 0.015760
  635 0.015369
  636 0.014996
  637 0.014642
  638 0.014307
  639 0.013990
  640 0.013691
  641 0.013411
  642 0.013148
  643 0.012903
  644 0.012674
  645 0.012461
  646 0.012264
  647 0.012081
  648 0.011912
  649 0.011757
  650 0.011615
  651 0.011483
  652 0.011363
  653 0.011253
  654 0.011152
  655 0.011059
  656 0.010974
  657 0.010895
  658 0.010822
  659 0.010754
  660 0.010691
  661 0.010631
  662 0.010574
  663 0.010519
  664 0.010466
  665 0.010414
  666 0.010364
  667 0.010313
  668 0.010262
  669 0.010211
  670 0.010158
  671 0.010105
  672 0.010049
  673 0.009993
  674 0.009934
  675 0.009873
  676 0.009810
  677 0.009744
  678 0.009676
  679 0.009605
  680 0.009531
  681 0.009455
  682 0.009376
  683 0.009294
  684 0.009209
  685 0.009122
  686 0.009032
  687 0.008939
  688 0.008843
  689 0.008745
  690 0.008645
  691 0.008542
  692 0.008436
  693 0.008329
  694 0.008219
  695 0.008107
  696 0.007994
  697 0.007878
  698 0.007761
  699 0.007642
  700 0.007522
  701 0.007401
  702 0.007278
  703 0.007154
  704 0.007030
  705 0.006904
  706 0.006778
  707 0.006651
  708 0.006524
  709 0.006396
  710 0.006269
  711 0.006141
  712 0.006013
  713 0.005886
  714 0.005759
  715 0.005632
  716 0.005506
  717 0.005381
  718 0.005256
  719 0.005132
  720 0.005010
  721 0.004888
  722 0.004768
  723 0.004649
  724 0.004532
  725 0.004416
  726 0.004302
  727 0.004189
  728 0.004079
  729 0.003970
  730 0.003864
  731 0.003759
  732 0.003657
  733 0.003557
  734 0.003460
  735 0.003365
  736 0.003272
  737 0.003182
  738 0.003095
  739 0.003011
  740 0.002929
  741 0.002850
  742 0.002774
  743 0.002701
  744 0.002631
  745 0.002564
  746 0.002500
  747 0.002439
  748 0.002380
  749 0.002325
  750 0.002273
  751 0.002224
  752 0.002177
  753 0.002134
  754 0.002093
  755 0.002055
  756 0.002019
  757 0.001986
  758 0.001956
  759 0.001928
  760 0.001901
  761 0.001877
  762 0.001855
  763 0.001835
  764 0.001817
  765 0.001799
  766 0.001784
  767 0.001769
  768 0.001756
  769 0.001744
  770 0.001733
  771 0.001722
  772 0.001712
  773 0.001703
  774 0.001694
  775 0.001685
  776 0.001677
  777 0.001668
  778 0.001660
  779 0.001652
  780 0.001644
  781 0.001636
  782 0.001627
  783 0.001619
  784 0.001610
  785 0.001600
  786 0.001591
  787 0.001581
  788 0.001571
  789 0.001560
  790 0.001549
  791 0.001538
  792 0.001526
  793 0.001513
  794 0.001500
  795 0.001487
  796 0.001474
  797 0.001459
  798 0.001445
  799 0.001430
  800 0.001414
  801 0.001399
  802 0.001382
  803 0.001366
  804 0.001349
  805 0.001331
  806 0.001314
  807 0.001296
  808 0.001277
  809 0.001259
  810 0.001240
  811 0.001221
  812 0.001202
  813 0.001182
  814 0.001162
  815 0.001143
  816 0.001123
  817 0.001102
  818 0.001082
  819 0.001062
  820 0.001041
  821 0.001021
  822 0.001001
  823 0.000980
  824 0.000960
  825 0.000939
  826 0.000919
  827 0.000899
  828 0.000878
  829 0.000858
  830 0.000838
  831 0.000818
  832 0.000799
  833 0.000779
  834 0.000760
  835 0.000741
  836 0.000722
  837 0.000704
  838 0.000686
  839 0.000668
  840 0.000650
  841 0.000633
  842 0.000615
  843 0.000599
  844 0.000582
  845 0.000566
  846 0.000551
  847 0.000536
  848 0.000521
  849 0.000507
  850 0.000493
  851 0.000479
  852 0.000466
  853 0.000453
  854 0.000441
  855 0.000430
  856 0.000418
  857 0.000408
  858 0.000397
  859 0.000388
  860 0.000378
  861 0.000370
  862 0.000361
  863 0.000353
  864 0.000346
  865 0.000339
  866 0.000332
  867 0.000326
  868 0.000321
  869 0.000315
  870 0.000311
  871 0.000306
  872 0.000302
  873 0.000298
  874 0.000294
  875 0.000291
  876 0.000288
  877 0.000286
  878 0.000283
  879 0.000281
  880 0.000279
  881 0.000277
