    0 172.014327
    1 236.890146
    2 292.532425
    3 332.434882
    4 367.934874
    5 405.253411
    6 444.319977
    7 482.476772
    8 517.295462
    9 547.510590
   10 572.868084
   11 593.698367
   12 610.577772
   13 624.126738
   14 634.913045
   15 643.415188
   16 650.018815
   17 655.022769
   18 658.655763
   19 661.091154
   20 662.458704
   21 662.854141
   22 662.354584
   23 661.029718
   24 658.946344
   25 656.189297
   26 652.838057
   27 648.995262
   28 644.746282
   29 640.174385
   30 635.339342
   31 630.285576
   32 625.029854
   33 619.578639
   34 613.933347
   35 608.078892
   36 602.013369
   37 595.744050
   38 589.281644
   39 582.635094
   40 575.831646
   41 568.896639
   42 561.860846
   43 554.751188
   44 547.588836
   45 540.398711
   46 533.200330
   47 526.009862
   48 518.837166
   49 511.691213
   50 504.573209
   51 497.487042
   52 490.432362
   53 483.406504
   54 476.412630
   55 469.449398
   56 462.513775
   57 455.610989
   58 448.747075
   59 441.928101
   60 435.161225
   61 428.451596
   62 421.809214
   63 415.245187
   64 408.767901
   65 402.383590
   66 396.106689
   67 389.944758
   68 383.903696
   69 377.988232
   70 372.203270
   71 366.550969
   72 361.031653
   73 355.644378
   74 350.385378
   75 345.248401
   76 340.239018
   77 335.352497
   78 330.583343
   79 325.926007
   80 321.374487
   81 316.923211
   82 312.567311
   83 308.299179
   84 304.112830
   85 300.000183
   86 295.955125
   87 291.978867
   88 288.066046
   89 284.211442
   90 280.410282
   91 276.658430
   92 272.951715
   93 269.286320
   94 265.658863
   95 262.066486
   96 258.505001
   97 254.971548
   98 251.466016
   99 247.986316
  100 244.530521
  101 241.096905
  102 237.683929
  103 234.291156
  104 230.916250
  105 227.557981
  106 224.215501
  107 220.887124
  108 217.572268
  109 214.272003
  110 210.986642
  111 207.716122
  112 204.460457
  113 201.219553
  114 197.993597
  115 194.782949
  116 191.588191
  117 188.409493
  118 185.246624
  119 182.102255
  120 178.977340
  121 175.872840
  122 172.789762
  123 169.729174
  124 166.692341
  125 163.680238
  126 160.694061
  127 157.733645
  128 154.801764
  129 151.899811
  130 149.029045
  131 146.190892
  132 143.386559
  133 140.617274
  134 137.884407
  135 135.188792
  136 132.531649
  137 129.915498
  138 127.341680
  139 124.811547
  140 122.326570
  141 119.888284
  142 117.498418
  143 115.157285
  144 112.867283
  145 110.630744
  146 108.448756
  147 106.323048
  148 104.254804
  149 102.245106
  150 100.295088
  151 98.407063
  152 96.582374
  153 94.822163
  154 93.127641
  155 91.499078
  156 89.938448
  157 88.446521
  158 87.023873
  159 85.670266
  160 84.386596
  161 83.173042
  162 82.028799
  163 80.954032
  164 79.947579
  165 79.009309
  166 78.138248
  167 77.333063
  168 76.592257
  169 75.914015
  170 75.296425
  171 74.737336
  172 74.234416
  173 73.785211
  174 73.387167
  175 73.037597
  176 72.733737
  177 72.472757
  178 72.251786
  179 72.067934
  180 71.918307
  181 71.800033
  182 71.710268
  183 71.646222
  184 71.605165
  185 71.584442
  186 71.581484
  187 71.593817
  188 71.619077
  189 71.655010
  190 71.699432
  191 71.750289
  192 71.805641
  193 71.863655
  194 71.922602
  195 71.980877
  196 72.036974
  197 72.089494
  198 72.137138
  199 72.178704
  200 72.213087
  201 72.239271
  202 72.256335
  203 72.263414
  204 72.259726
  205 72.244566
  206 72.217350
  207 72.177506
  208 72.124589
  209 72.058176
  210 71.977884
  211 71.883456
  212 71.774684
  213 71.651325
  214 71.513233
  215 71.360335
  216 71.192571
  217 71.009890
  218 70.812336
  219 70.599985
  220 70.372914
  221 70.131232
  222 69.875134
  223 69.604776
  224 69.320387
  225 69.022174
  226 68.710455
  227 68.385530
  228 68.047711
  229 67.697333
  230 67.334747
  231 66.960321
  232 66.574441
  233 66.177505
  234 65.769925
  235 65.352126
  236 64.924227
  237 64.486776
  238 64.040746
  239 63.586563
  240 63.124645
  241 62.655407
  242 62.179260
  243 61.696619
  244 61.207900
  245 60.713530
  246 60.213936
  247 59.709555
  248 59.200829
  249 58.688204
  250 58.172131
  251 57.653058
  252 57.131432
  253 56.607693
  254 56.082265
  255 55.555577
  256 55.028041
  257 54.500058
  258 53.972013
  259 53.444280
  260 52.917218
  261 52.391161
  262 51.866437
  263 51.343381
  264 50.822304
  265 50.303499
  266 49.787249
  267 49.273821
  268 48.763470
  269 48.256438
  270 47.752954
  271 47.253238
  272 46.757496
  273 46.265920
  274 45.778686
  275 45.295986
  276 44.817978
  277 44.344811
  278 43.876624
  279 43.413548
  280 42.955701
  281 42.503193
  282 42.056075
  283 41.614473
  284 41.178492
  285 40.748197
  286 40.323649
  287 39.904897
  288 39.491985
  289 39.084946
  290 38.683820
  291 38.288627
  292 37.899378
  293 37.516086
  294 37.138746
  295 36.767353
  296 36.401895
  297 36.042356
  298 35.688713
  299 35.340937
  300 34.998997
  301 34.662853
  302 34.332464
  303 34.007778
  304 33.688743
  305 33.375300
  306 33.067387
  307 32.764939
  308 32.467889
  309 32.176165
  310 31.889690
  311 31.608385
  312 31.332163
  313 31.060939
  314 30.794625
  315 30.533128
  316 30.276355
  317 30.024211
  318 29.776597
  319 29.533410
  320 29.294554
  321 29.059928
  322 28.829425
  323 28.602938
  324 28.380360
  325 28.161576
  326 27.946479
  327 27.734965
  328 27.526924
  329 27.322245
  330 27.120816
  331 26.922528
  332 26.727269
  333 26.534930
  334 26.345402
  335 26.158521
  336 25.974236
  337 25.792453
  338 25.613068
  339 25.435992
  340 25.261116
  341 25.088339
  342 24.917551
  343 24.748641
  344 24.581505
  345 24.416086
  346 24.252289
  347 24.089969
  348 23.929036
  349 23.769402
  350 23.610986
  351 23.453719
  352 23.297532
  353 23.142328
  354 22.988041
  355 22.834608
  356 22.681972
  357 22.530073
  358 22.378842
  359 22.228217
  360 22.078133
  361 21.928531
  362 21.779355
  363 21.630553
  364 21.482078
  365 21.333888
  366 21.185942
  367 21.038205
  368 20.890659
  369 20.743267
  370 20.595991
  371 20.448959
  372 20.302254
  373 20.155514
  374 20.008715
  375 19.861846
  376 19.714893
  377 19.567849
  378 19.420714
  379 19.273487
  380 19.126171
  381 18.978769
  382 18.831284
  383 18.683720
  384 18.536080
  385 18.388368
  386 18.240587
  387 18.092743
  388 17.944840
  389 17.796885
  390 17.648881
  391 17.500840
  392 17.352770
  393 17.204682
  394 17.056587
  395 16.908499
  396 16.760429
  397 16.612394
  398 16.464407
  399 16.316478
  400 16.168634
  401 16.020887
  402 15.873256
  403 15.725760
  404 15.578422
  405 15.431263
  406 15.284305
  407 15.137567
  408 14.991070
  409 14.844835
  410 14.698881
  411 14.553229
  412 14.407901
  413 14.262918
  414 14.118303
  415 13.974078
  416 13.830266
  417 13.686890
  418 13.543975
  419 13.401538
  420 13.259603
  421 13.118201
  422 12.977361
  423 12.837110
  424 12.697479
  425 12.558476
  426 12.420116
  427 12.282418
  428 12.145398
  429 12.009076
  430 11.873473
  431 11.738609
  432 11.604507
  433 11.471188
  434 11.338674
  435 11.206987
  436 11.076148
  437 10.946177
  438 10.817094
  439 10.688921
  440 10.561676
  441 10.435379
  442 10.310050
  443 10.185707
  444 10.062369
  445 9.940055
  446 9.818782
  447 9.698569
  448 9.579432
  449 9.461390
  450 9.344459
  451 9.228656
  452 9.113996
  453 9.000496
  454 8.888171
  455 8.777035
  456 8.667105
  457 8.558394
  458 8.450916
  459 8.344685
  460 8.239715
  461 8.136019
  462 8.033609
  463 7.932495
  464 7.832691
  465 7.734207
  466 7.637053
  467 7.541240
  468 7.446778
  469 7.353675
  470 7.261940
  471 7.171582
  472 7.082607
  473 6.995023
  474 6.908836
  475 6.824051
  476 6.740675
  477 6.658712
  478 6.578164
  479 6.499037
  480 6.421332
  481 6.345051
  482 6.270196
  483 6.196767
  484 6.124763
  485 6.054184
  486 5.985028
  487 5.917291
  488 5.850972
  489 5.786064
  490 5.722565
  491 5.660469
  492 5.599769
  493 5.540458
  494 5.482528
  495 5.425970
  496 5.370774
  497 5.316928
  498 5.264422
  499 5.213242
  500 5.163377
  501 5.114811
  502 5.067530
  503 5.021519
  504 4.976762
  505 4.933242
  506 4.890940
  507 4.849839
  508 4.809920
  509 4.771163
  510 4.733542
  511 4.697041
  512 4.661642
  513 4.627322
  514 4.594060
  515 4.561831
  516 4.530613
  517 4.500381
  518 4.471111
  519 4.442778
  520 4.415357
  521 4.388823
  522 4.363151
  523 4.338315
  524 4.314291
  525 4.291052
  526 4.268573
  527 4.246829
  528 4.225795
  529 4.205445
  530 4.185755
  531 4.166698
  532 4.148252
  533 4.130391
  534 4.113090
  535 4.096326
  536 4.080076
  537 4.064315
  538 4.049020
  539 4.034170
  540 4.019741
  541 4.005711
  542 3.992060
  543 3.978766
  544 3.965808
  545 3.953166
  546 3.940820
  547 3.928752
  548 3.916942
  549 3.905371
  550 3.894023
  551 3.882879
  552 3.871922
  553 3.861137
  554 3.850507
  555 3.840017
  556 3.829651
  557 3.819395
  558 3.809236
  559 3.799159
  560 3.789152
  561 3.779201
  562 3.769295
  563 3.759422
  564 3.749570
  565 3.739729
  566 3.729888
  567 3.720037
  568 3.710167
  569 3.700268
  570 3.690331
  571 3.680349
  572 3.670312
  573 3.660214
  574 3.650047
  575 3.639804
  576 3.629479
  577 3.619065
  578 3.608556
  579 3.597946
  580 3.587231
  581 3.576405
  582 3.565464
  583 3.554403
  584 3.543219
  585 3.531907
  586 3.520463
  587 3.508885
  588 3.497169
  589 3.485313
  590 3.473314
  591 3.461169
  592 3.448877
  593 3.436435
  594 3.423842
  595 3.411096
  596 3.398196
  597 3.385141
  598 3.371930
  599 3.358563
  600 3.345039
  601 3.331359
  602 3.317521
  603 3.303526
  604 3.289374
  605 3.275065
  606 3.260600
  607 3.245980
  608 3.231205
  609 3.216277
  610 3.201196
  611 3.185963
  612 3.170580
  613 3.155048
  614 3.139369
  615 3.123544
  616 3.107575
  617 3.091464
  618 3.075213
  619 3.058824
  620 3.042299
  621 3.025640
  622 3.008849
  623 2.991930
  624 2.974884
  625 2.957714
  626 2.940423
  627 2.923013
  628 2.905487
  629 2.887849
  630 2.870100
  631 2.852244
  632 2.834284
  633 2.816222
  634 2.798063
  635 2.779809
  636 2.761463
  637 2.743029
  638 2.724510
  639 2.705909
  640 2.687229
  641 2.668475
  642 2.649649
  643 2.630754
  644 2.611795
  645 2.592774
  646 2.573696
  647 2.554563
  648 2.535380
  649 2.516149
  650 2.496876
  651 2.477562
  652 2.458212
  653 2.438829
  654 2.419418
  655 2.399981
  656 2.380522
  657 2.361045
  658 2.341554
  659 2.322052
  660 2.302542
  661 2.283029
  662 2.263516
  663 2.244007
  664 2.224505
  665 2.205013
  666 2.185536
  667 2.166077
  668 2.146639
  669 2.127226
  670 2.107842
  671 2.088489
  672 2.069172
  673 2.049893
  674 2.030657
  675 2.011466
  676 1.992324
  677 1.973235
  678 1.954201
  679 1.935227
  680 1.916314
  681 1.897467
  682 1.878689
  683 1.859983
  684 1.841351
  685 1.822798
  686 1.804326
  687 1.785939
  688 1.767639
  689 1.749429
  690 1.731313
  691 1.713293
  692 1.695372
  693 1.677553
  694 1.659839
  695 1.642233
  696 1.624737
  697 1.607354
  698 1.590087
  699 1.572938
  700 1.555910
  701 1.539006
  702 1.522228
  703 1.505579
  704 1.489060
  705 1.472675
  706 1.456426
  707 1.440314
  708 1.424343
  709 1.408515
  710 1.392831
  711 1.377293
  712 1.361905
  713 1.346667
  714 1.331582
  715 1.316652
  716 1.301879
  717 1.287264
  718 1.272809
  719 1.258516
  720 1.244387
  721 1.230423
  722 1.216626
  723 1.202997
  724 1.189538
  725 1.176250
  726 1.163134
  727 1.150192
  728 1.137424
  729 1.124833
  730 1.112419
  731 1.100182
  732 1.088125
  733 1.076247
  734 1.064550
  735 1.053034
  736 1.041700
  737 1.030548
  738 1.019580
  739 1.008794
  740 0.998192
  741 0.987774
  742 0.977540
  743 0.967489
  744 0.957623
  745 0.947940
  746 0.938441
  747 0.929125
  748 0.919992
  749 0.911042
  750 0.902273
  751 0.893685
  752 0.885278
  753 0.877049
  754 0.869000
  755 0.861127
  756 0.853431
  757 0.845909
  758 0.838561
  759 0.831385
  760 0.824379
  761 0.817542
  762 0.810872
  763 0.804367
  764 0.798025
  765 0.791845
  766 0.785823
  767 0.779958
  768 0.774248
  769 0.768689
  770 0.763281
  771 0.758019
  772 0.752902
  773 0.747927
  774 0.743091
  775 0.738392
  776 0.733825
  777 0.729390
  778 0.725082
  779 0.720899
  780 0.716837
  781 0.712894
  782 0.709066
  783 0.705351
  784 0.701745
  785 0.698245
  786 0.694848
  787 0.691550
  788 0.688349
  789 0.685241
  790 0.682223
  791 0.679292
  792 0.676445
  793 0.673679
  794 0.670989
  795 0.668374
  796 0.665831
  797 0.663355
  798 0.660945
  799 0.658596
  800 0.656307
  801 0.654074
  802 0.651894
  803 0.649765
  804 0.647684
  805 0.645648
  806 0.643654
  807 0.641699
  808 0.639782
  809 0.637900
  810 0.636049
  811 0.634228
  812 0.632435
  813 0.630667
  814 0.628921
  815 0.627196
  816 0.625490
  817 0.623800
  818 0.622125
  819 0.620462
  820 0.618810
  821 0.617167
  822 0.615531
  823 0.613900
  824 0.612273
  825 0.610648
  826 0.609024
  827 0.607399
  828 0.605772
  829 0.604141
  830 0.602506
  831 0.600864
  832 0.599215
  833 0.597558
  834 0.595891
  835 0.594213
  836 0.592524
  837 0.590823
  838 0.589108
  839 0.587379
  840 0.585634
  841 0.583875
  842 0.582098
  843 0.580305
  844 0.578493
  845 0.576664
  846 0.574815
  847 0.572947
  848 0.571059
  849 0.569151
  850 0.567222
  851 0.565272
  852 0.563301
  853 0.561308
  854 0.559293
  855 0.557256
  856 0.555197
  857 0.553115
  858 0.551010
  859 0.548882
  860 0.546732
  861 0.544559
  862 0.542362
  863 0.540143
  864 0.537901
  865 0.535635
  866 0.533347
  867 0.531036
  868 0.528702
  869 0.526346
  870 0.523967
  871 0.521566
  872 0.519143
  873 0.516698
  874 0.514231
  875 0.511742
  876 0.509232
  877 0.506701
  878 0.504150
  879 0.501578
  880 0.498985
  881 0.496373
  882 0.493741
  883 0.491090
  884 0.488421
  885 0.485732
  886 0.483025
  887 0.480301
  888 0.477559
  889 0.474800
  890 0.472024
  891 0.469232
  892 0.466424
  893 0.463601
  894 0.460763
  895 0.457910
  896 0.455043
  897 0.452162
  898 0.449268
  899 0.446361
  900 0.443442
  901 0.440511
  902 0.437569
  903 0.434615
  904 0.431651
  905 0.428677
  906 0.425694
  907 0.422701
  908 0.419700
  909 0.416691
  910 0.413674
  911 0.410650
  912 0.407619
  913 0.404582
  914 0.401539
  915 0.398491
  916 0.395439
  917 0.392382
  918 0.389322
  919 0.386258
  920 0.383191
  921 0.380123
  922 0.377052
  923 0.373980
  924 0.370907
  925 0.367834
  926 0.364762
  927 0.361689
  928 0.358618
  929 0.355549
  930 0.352481
  931 0.349416
  932 0.346354
  933 0.343296
  934 0.340241
  935 0.337191
  936 0.334146
  937 0.331106
  938 0.328072
  939 0.325044
  940 0.322023
  941 0.319009
  942 0.316002
  943 0.313004
  944 0.310014
  945 0.307033
  946 0.304061
  947 0.301099
  948 0.298147
  949 0.295206
  950 0.292275
  951 0.289357
  952 0.286450
  953 0.283555
  954 0.280673
  955 0.277804
  956 0.274948
  957 0.272106
  958 0.269279
  959 0.266466
  960 0.263668
  961 0.260885
  962 0.258119
  963 0.255368
  964 0.252634
  965 0.249916
  966 0.247216
  967 0.244533
  968 0.241868
  969 0.239222
  970 0.236594
  971 0.233985
  972 0.231395
  973 0.228824
  974 0.226274
  975 0.223744
  976 0.221234
  977 0.218745
  978 0.216277
  979 0.213831
  980 0.211406
  981 0.209003
  982 0.206623
  983 0.204265
  984 0.201930
  985 0.199618
  986 0.197329
  987 0.195064
  988 0.192823
  989 0.190606
  990 0.188413
  991 0.186245
  992 0.184102
  993 0.181983
  994 0.179890
  995 0.177823
  996 0.175780
  997 0.173764
  998 0.171774
  999 0.169810
 1000 0.167872
 1001 0.165961
 1002 0.164076
 1003 0.162218
 1004 0.160387
 1005 0.158584
 1006 0.156807
 1007 0.155057
 1008 0.153335
 1009 0.151641
 1010 0.149974
 1011 0.148334
 1012 0.146722
 1013 0.145138
 1014 0.143581
 1015 0.142052
 1016 0.140551
 1017 0.139078
 1018 0.137632
 1019 0.136214
 1020 0.134823
 1021 0.133460
 1022 0.132125
 1023 0.130817
 1024 0.129536
 1025 0.128282
 1026 0.127055
 1027 0.125856
 1028 0.124682
 1029 0.123536
 1030 0.122416
 1031 0.121321
 1032 0.120253
 1033 0.119211
 1034 0.118194
 1035 0.117202
 1036 0.116234
 1037 0.115292
 1038 0.114374
 1039 0.113479
 1040 0.112609
 1041 0.111761
 1042 0.110937
 1043 0.110135
 1044 0.109355
 1045 0.108597
 1046 0.107860
 1047 0.107145
 1048 0.106449
 1049 0.105774
 1050 0.105119
 1051 0.104483
 1052 0.103865
 1053 0.103266
 1054 0.102684
 1055 0.102120
 1056 0.101573
 1057 0.101042
 1058 0.100527
 1059 0.100027
 1060 0.099543
 1061 0.099072
 1062 0.098616
 1063 0.098173
 1064 0.097743
 1065 0.097326
 1066 0.096920
 1067 0.096527
 1068 0.096144
 1069 0.095771
 1070 0.095409
 1071 0.095057
 1072 0.094714
 1073 0.094379
 1074 0.094053
 1075 0.093734
 1076 0.093423
 1077 0.093119
 1078 0.092822
 1079 0.092531
 1080 0.092246
 1081 0.091966
 1082 0.091691
 1083 0.091421
 1084 0.091155
 1085 0.090893
 1086 0.090634
 1087 0.090379
 1088 0.090127
 1089 0.089877
 1090 0.089630
 1091 0.089385
 1092 0.089141
 1093 0.088899
 1094 0.088658
 1095 0.088418
 1096 0.088179
 1097 0.087940
 1098 0.087701
 1099 0.087463
 1100 0.087224
 1101 0.086984
 1102 0.086744
 1103 0.086503
 1104 0.086262
 1105 0.086018
 1106 0.085774
 1107 0.085528
 1108 0.085280
 1109 0.085031
 1110 0.084780
 1111 0.084526
 1112 0.084270
 1113 0.084013
 1114 0.083752
 1115 0.083489
 1116 0.083224
 1117 0.082956
 1118 0.082685
 1119 0.082411
 1120 0.082135
 1121 0.081855
 1122 0.081573
 1123 0.081287
 1124 0.080998
 1125 0.080706
 1126 0.080411
 1127 0.080113
 1128 0.079811
 1129 0.079506
 1130 0.079198
 1131 0.078886
 1132 0.078571
 1133 0.078253
 1134 0.077931
 1135 0.077606
 1136 0.077278
 1137 0.076946
 1138 0.076611
 1139 0.076273
 1140 0.075931
 1141 0.075587
 1142 0.075239
 1143 0.074887
 1144 0.074533
 1145 0.074175
 1146 0.073814
 1147 0.073450
 1148 0.073083
 1149 0.072713
 1150 0.072340
 1151 0.071964
 1152 0.071585
 1153 0.071203
 1154 0.070819
 1155 0.070432
 1156 0.070042
 1157 0.069649
 1158 0.069254
 1159 0.068856
 1160 0.068456
 1161 0.068053
 1162 0.067648
 1163 0.067241
 1164 0.066831
 1165 0.066420
 1166 0.066006
 1167 0.065590
 1168 0.065172
 1169 0.064752
 1170 0.064331
 1171 0.063907
 1172 0.063482
 1173 0.063056
 1174 0.062627
 1175 0.062197
 1176 0.061766
 1177 0.061334
 1178 0.060900
 1179 0.060465
 1180 0.060028
 1181 0.059591
 1182 0.059153
 1183 0.058713
 1184 0.058273
 1185 0.057832
 1186 0.057390
 1187 0.056948
 1188 0.056505
 1189 0.056062
 1190 0.055618
 1191 0.055174
 1192 0.054729
 1193 0.054284
 1194 0.053839
 1195 0.053395
 1196 0.052950
 1197 0.052505
 1198 0.052060
 1199 0.051615
 1200 0.051171
 1201 0.050727
 1202 0.050284
 1203 0.049841
 1204 0.049399
 1205 0.048957
 1206 0.048516
 1207 0.048075
 1208 0.047636
 1209 0.047197
 1210 0.046760
 1211 0.046323
 1212 0.045888
 1213 0.045453
 1214 0.045020
 1215 0.044588
 1216 0.044158
 1217 0.043729
 1218 0.043301
 1219 0.042875
 1220 0.042451
 1221 0.042028
 1222 0.041607
 1223 0.041188
 1224 0.040771
 1225 0.040356
 1226 0.039942
 1227 0.039531
 1228 0.039121
 1229 0.038714
 1230 0.038309
 1231 0.037907
 1232 0.037506
 1233 0.037108
 1234 0.036713
 1235 0.036320
 1236 0.035929
 1237 0.035541
 1238 0.035156
 1239 0.034773
 1240 0.034393
 1241 0.034016
 1242 0.033642
 1243 0.033270
 1244 0.032902
 1245 0.032536
 1246 0.032174
 1247 0.031814
 1248 0.031458
 1249 0.031105
 1250 0.030755
 1251 0.030409
 1252 0.030065
 1253 0.029725
 1254 0.029388
 1255 0.029055
 1256 0.028725
 1257 0.028399
 1258 0.028076
 1259 0.027757
 1260 0.027441
 1261 0.027129
 1262 0.026821
 1263 0.026516
 1264 0.026215
 1265 0.025918
 1266 0.025625
 1267 0.025335
 1268 0.025049
 1269 0.024767
 1270 0.024489
 1271 0.024215
 1272 0.023945
 1273 0.023679
 1274 0.023417
 1275 0.023158
 1276 0.022904
 1277 0.022654
 1278 0.022407
 1279 0.022165
 1280 0.021927
 1281 0.021693
 1282 0.021463
 1283 0.021237
 1284 0.021015
 1285 0.020797
 1286 0.020583
 1287 0.020373
 1288 0.020167
 1289 0.019965
 1290 0.019768
 1291 0.019574
 1292 0.019384
 1293 0.019199
 1294 0.019017
 1295 0.018839
 1296 0.018665
 1297 0.018495
 1298 0.018329
 1299 0.018167
 1300 0.018009
 1301 0.017854
 1302 0.017703
 1303 0.017556
 1304 0.017412
 1305 0.017272
 1306 0.017136
 1307 0.017003
 1308 0.016874
 1309 0.016748
 1310 0.016625
 1311 0.016506
 1312 0.016390
 1313 0.016277
 1314 0.016168
 1315 0.016061
 1316 0.015958
 1317 0.015857
 1318 0.015760
 1319 0.015665
 1320 0.015573
 1321 0.015484
 1322 0.015397
 1323 0.015313
 1324 0.015232
 1325 0.015153
 1326 0.015076
 1327 0.015001
 1328 0.014929
 1329 0.014859
 1330 0.014791
 1331 0.014725
 1332 0.014660
 1333 0.014598
 1334 0.014538
 1335 0.014479
 1336 0.014422
 1337 0.014366
 1338 0.014312
 1339 0.014259
 1340 0.014208
 1341 0.014158
 1342 0.014110
 1343 0.014062
 1344 0.014016
 1345 0.013970
 1346 0.013926
 1347 0.013882
 1348 0.013840
 1349 0.013798
 1350 0.013757
 1351 0.013717
 1352 0.013677
 1353 0.013638
 1354 0.013599
 1355 0.013561
 1356 0.013524
 1357 0.013487
 1358 0.013450
 1359 0.013413
 1360 0.013377
 1361 0.013341
 1362 0.013305
 1363 0.013269
 1364 0.013234
 1365 0.013198
 1366 0.013163
 1367 0.013127
 1368 0.013092
 1369 0.013056
 1370 0.013021
 1371 0.012985
 1372 0.012949
 1373 0.012913
 1374 0.012877
 1375 0.012840
 1376 0.012803
 1377 0.012766
 1378 0.012729
 1379 0.012691
 1380 0.012654
 1381 0.012615
 1382 0.012577
 1383 0.012538
 1384 0.012498
 1385 0.012459
 1386 0.012419
 1387 0.012378
 1388 0.012337
 1389 0.012296
 1390 0.012254
 1391 0.012211
 1392 0.012169
 1393 0.012125
 1394 0.012082
 1395 0.012037
 1396 0.011993
 1397 0.011947
 1398 0.011902
 1399 0.011856
 1400 0.011809
 1401 0.011762
 1402 0.011714
 1403 0.011666
 1404 0.011617
 1405 0.011568
 1406 0.011518
 1407 0.011468
 1408 0.011417
 1409 0.011366
 1410 0.011315
 1411 0.011263
 1412 0.011210
 1413 0.011157
 1414 0.011103
 1415 0.011049
 1416 0.010995
 1417 0.010940
 1418 0.010884
 1419 0.010829
 1420 0.010772
 1421 0.010716
 1422 0.010658
 1423 0.010601
 1424 0.010543
 1425 0.010485
 1426 0.010426
 1427 0.010367
 1428 0.010307
 1429 0.010247
 1430 0.010187
 1431 0.010127
 1432 0.010066
 1433 0.010004
 1434 0.009943
 1435 0.009881
 1436 0.009819
 1437 0.009756
 1438 0.009693
 1439 0.009630
 1440 0.009567
 1441 0.009503
 1442 0.009440
 1443 0.009375
 1444 0.009311
 1445 0.009247
 1446 0.009182
 1447 0.009117
 1448 0.009052
 1449 0.008987
 1450 0.008921
 1451 0.008856
 1452 0.008790
 1453 0.008724
 1454 0.008658
 1455 0.008592
 1456 0.008526
 1457 0.008460
 1458 0.008394
 1459 0.008327
 1460 0.008261
 1461 0.008194
 1462 0.008128
 1463 0.008061
 1464 0.007995
 1465 0.007928
 1466 0.007862
 1467 0.007795
 1468 0.007729
 1469 0.007662
 1470 0.007596
 1471 0.007529
 1472 0.007463
 1473 0.007397
 1474 0.007331
 1475 0.007265
 1476 0.007199
 1477 0.007133
 1478 0.007068
 1479 0.007002
 1480 0.006937
 1481 0.006872
 1482 0.006807
 1483 0.006742
 1484 0.006677
 1485 0.006613
 1486 0.006548
 1487 0.006484
 1488 0.006421
 1489 0.006357
 1490 0.006294
 1491 0.006231
 1492 0.006168
 1493 0.006105
 1494 0.006043
 1495 0.005981
 1496 0.005920
 1497 0.005858
 1498 0.005797
 1499 0.005737
 1500 0.005676
 1501 0.005616
 1502 0.005557
 1503 0.005497
 1504 0.005438
 1505 0.005380
 1506 0.005322
 1507 0.005264
 1508 0.005207
 1509 0.005150
 1510 0.005093
 1511 0.005037
 1512 0.004981
 1513 0.004926
 1514 0.004871
 1515 0.004816
 1516 0.004762
 1517 0.004709
 1518 0.004656
 1519 0.004603
 1520 0.004551
 1521 0.004500
 1522 0.004449
 1523 0.004398
 1524 0.004348
 1525 0.004298
 1526 0.004249
 1527 0.004201
 1528 0.004153
 1529 0.004105
 1530 0.004058
 1531 0.004012
 1532 0.003966
 1533 0.003921
 1534 0.003876
 1535 0.003832
 1536 0.003788
 1537 0.003745
 1538 0.003702
 1539 0.003660
 1540 0.003619
 1541 0.003578
 1542 0.003538
 1543 0.003499
 1544 0.003460
 1545 0.003421
 1546 0.003383
 1547 0.003346
 1548 0.003309
 1549 0.003273
 1550 0.003238
 1551 0.003203
 1552 0.003169
 1553 0.003135
 1554 0.003102
 1555 0.003070
 1556 0.003038
 1557 0.003007
 1558 0.002976
 1559 0.002946
 1560 0.002917
 1561 0.002888
 1562 0.002860
 1563 0.002832
 1564 0.002805
 1565 0.002779
 1566 0.002753
 1567 0.002728
 1568 0.002703
 1569 0.002679
 1570 0.002655
 1571 0.002633
 1572 0.002610
 1573 0.002588
 1574 0.002567
 1575 0.002546
 1576 0.002526
 1577 0.002506
 1578 0.002487
 1579 0.002468
 1580 0.002450
 1581 0.002432
 1582 0.002415
 1583 0.002398
 1584 0.002382
 1585 0.002366
 1586 0.002351
 1587 0.002336
 1588 0.002321
 1589 0.002307
 1590 0.002294
 1591 0.002280
 1592 0.002268
 1593 0.002255
 1594 0.002243
 1595 0.002231
 1596 0.002220
 1597 0.002209
 1598 0.002198
 1599 0.002188
 1600 0.002178
 1601 0.002168
 1602 0.002158
 1603 0.002149
 1604 0.002140
 1605 0.002131
 1606 0.002123
 1607 0.002115
 1608 0.002107
 1609 0.002099
 1610 0.002091
 1611 0.002084
 1612 0.002077
 1613 0.002070
 1614 0.002063
 1615 0.002056
 1616 0.002049
 1617 0.002043
 1618 0.002037
 1619 0.002030
 1620 0.002024
 1621 0.002018
 1622 0.002013
 1623 0.002007
 1624 0.002001
 1625 0.001995
 1626 0.001990
 1627 0.001984
 1628 0.001979
 1629 0.001974
 1630 0.001968
 1631 0.001963
 1632 0.001958
 1633 0.001952
 1634 0.001947
 1635 0.001942
 1636 0.001937
 1637 0.001931
 1638 0.001926
 1639 0.001921
 1640 0.001916
 1641 0.001910
 1642 0.001905
 1643 0.001900
 1644 0.001894
 1645 0.001889
 1646 0.001883
 1647 0.001878
 1648 0.001873
 1649 0.001867
 1650 0.001861
 1651 0.001856
 1652 0.001850
 1653 0.001844
 1654 0.001838
 1655 0.001833
 1656 0.001827
 1657 0.001821
 1658 0.001815
 1659 0.001809
 1660 0.001802
 1661 0.001796
 1662 0.001790
 1663 0.001783
 1664 0.001777
 1665 0.001770
 1666 0.001764
 1667 0.001757
 1668 0.001750
 1669 0.001744
 1670 0.001737
 1671 0.001730
 1672 0.001723
 1673 0.001716
 1674 0.001708
 1675 0.001701
 1676 0.001694
 1677 0.001686
 1678 0.001679
 1679 0.001671
 1680 0.001664
 1681 0.001656
 1682 0.001648
 1683 0.001641
 1684 0.001633
 1685 0.001625
 1686 0.001617
 1687 0.001609
 1688 0.001600
 1689 0.001592
 1690 0.001584
 1691 0.001575
 1692 0.001567
 1693 0.001559
 1694 0.001550
 1695 0.001541
 1696 0.001533
 1697 0.001524
 1698 0.001515
 1699 0.001506
 1700 0.001498
 1701 0.001489
 1702 0.001480
 1703 0.001471
 1704 0.001462
 1705 0.001452
 1706 0.001443
 1707 0.001434
 1708 0.001425
 1709 0.001415
 1710 0.001406
 1711 0.001397
 1712 0.001387
 1713 0.001378
 1714 0.001368
 1715 0.001359
 1716 0.001349
 1717 0.001340
 1718 0.001330
 1719 0.001321
 1720 0.001311
 1721 0.001301
 1722 0.001292
 1723 0.001282
 1724 0.001272
 1725 0.001263
 1726 0.001253
 1727 0.001243
 1728 0.001233
 1729 0.001223
 1730 0.001214
 1731 0.001204
 1732 0.001194
 1733 0.001184
 1734 0.001175
 1735 0.001165
 1736 0.001155
 1737 0.001145
 1738 0.001135
 1739 0.001126
 1740 0.001116
 1741 0.001106
 1742 0.001096
 1743 0.001087
 1744 0.001077
 1745 0.001067
 1746 0.001057
 1747 0.001048
 1748 0.001038
 1749 0.001028
 1750 0.001019
 1751 0.001009
 1752 0.001000
 1753 0.000990
 1754 0.000981
 1755 0.000971
 1756 0.000962
 1757 0.000952
 1758 0.000943
 1759 0.000934
 1760 0.000924
 1761 0.000915
 1762 0.000906
 1763 0.000897
 1764 0.000887
 1765 0.000878
 1766 0.000869
 1767 0.000860
 1768 0.000851
 1769 0.000842
 1770 0.000833
 1771 0.000825
 1772 0.000816
 1773 0.000807
 1774 0.000799
 1775 0.000790
 1776 0.000781
 1777 0.000773
 1778 0.000764
 1779 0.000756
 1780 0.000748
 1781 0.000740
 1782 0.000731
 1783 0.000723
 1784 0.000715
 1785 0.000707
 1786 0.000699
 1787 0.000691
 1788 0.000684
 1789 0.000676
 1790 0.000668
 1791 0.000661
 1792 0.000653
 1793 0.000646
 1794 0.000639
 1795 0.000631
 1796 0.000624
 1797 0.000617
 1798 0.000610
 1799 0.000603
 1800 0.000596
 1801 0.000589
 1802 0.000583
 1803 0.000576
 1804 0.000569
 1805 0.000563
 1806 0.000557
 1807 0.000550
 1808 0.000544
 1809 0.000538
 1810 0.000532
 1811 0.000526
 1812 0.000520
 1813 0.000514
 1814 0.000509
 1815 0.000503
 1816 0.000497
 1817 0.000492
 1818 0.000487
 1819 0.000481
 1820 0.000476
 1821 0.000471
 1822 0.000466
 1823 0.000461
 1824 0.000456
 1825 0.000452
 1826 0.000447
 1827 0.000443
 1828 0.000438
 1829 0.000434
 1830 0.000429
 1831 0.000425
 1832 0.000421
 1833 0.000417
 1834 0.000413
 1835 0.000409
 1836 0.000406
 1837 0.000402
 1838 0.000398
 1839 0.000395
 1840 0.000391
 1841 0.000388
 1842 0.000385
 1843 0.000382
 1844 0.000379
 1845 0.000376
 1846 0.000373
 1847 0.000370
 1848 0.000367
 1849 0.000364
 1850 0.000362
 1851 0.000359
 1852 0.000357
 1853 0.000354
 1854 0.000352
 1855 0.000349
 1856 0.000347
 1857 0.000345
 1858 0.000343
 1859 0.000341
 1860 0.000339
 1861 0.000337
 1862 0.000335
 1863 0.000333
 1864 0.000332
 1865 0.000330
 1866 0.000328
 1867 0.000327
 1868 0.000325
 1869 0.000324
 1870 0.000322
 1871 0.000321
 1872 0.000319
 1873 0.000318
 1874 0.000317
 1875 0.000315
 1876 0.000314
 1877 0.000313
 1878 0.000312
 1879 0.000311
 1880 0.000310
 1881 0.000309
 1882 0.000308
 1883 0.000307
 1884 0.000306
 1885 0.000305
 1886 0.000304
 1887 0.000303
 1888 0.000302
 1889 0.000301
 1890 0.000300
 1891 0.000299
 1892 0.000298
 1893 0.000297
 1894 0.000296
 1895 0.000296
 1896 0.000295
 1897 0.000294
 1898 0.000293
 1899 0.000292
 1900 0.000292
 1901 0.000291
 1902 0.000290
 1903 0.000289
 1904 0.000289
 1905 0.000288
 1906 0.000287
 1907 0.000286
 1908 0.000285
 1909 0.000285
 1910 0.000284
 1911 0.000283
 1912 0.000282
 1913 0.000281
 1914 0.000281
 1915 0.000280
 1916 0.000279
 1917 0.000278
 1918 0.000277
 1919 0.000277
 1920 0.000276
 1921 0.000275
 1922 0.000274
 1923 0.000273
 1924 0.000272
 1925 0.000271
 1926 0.000271
 1927 0.000270
 1928 0.000269
 1929 0.000268
 1930 0.000267
 1931 0.000266
 1932 0.000265
 1933 0.000264
 1934 0.000263
 1935 0.000262
 1936 0.000261
 1937 0.000260
 1938 0.000259
 1939 0.000258
 1940 0.000257
 1941 0.000256
 1942 0.000255
 1943 0.000254
 1944 0.000253
 1945 0.000252
 1946 0.000251
 1947 0.000250
 1948 0.000249
 1949 0.000247
 1950 0.000246
 1951 0.000245
 1952 0.000244
 1953 0.000243
 1954 0.000242
 1955 0.000240
 1956 0.000239
 1957 0.000238
 1958 0.000237
 1959 0.000236
 1960 0.000234
 1961 0.000233
 1962 0.000232
 1963 0.000231
 1964 0.000229
 1965 0.000228
 1966 0.000227
 1967 0.000225
 1968 0.000224
 1969 0.000223
 1970 0.000221
 1971 0.000220
 1972 0.000219
 1973 0.000217
 1974 0.000216
 1975 0.000215
 1976 0.000213
 1977 0.000212
 1978 0.000211
 1979 0.000209
 1980 0.000208
 1981 0.000206
 1982 0.000205
 1983 0.000204
 1984 0.000202
 1985 0.000201
 1986 0.000199
 1987 0.000198
 1988 0.000197
 1989 0.000195
 1990 0.000194
 1991 0.000192
 1992 0.000191
 1993 0.000189
 1994 0.000188
 1995 0.000187
 1996 0.000185
 1997 0.000184
 1998 0.000182
 1999 0.000181
 2000 0.000179
 2001 0.000178
 2002 0.000176
 2003 0.000175
 2004 0.000173
 2005 0.000172
