ni
101

nj
48

x_vals
4.70802 4.31826 3.96393 3.64181 3.34898 3.08277 2.84076 2.62075 2.42074 2.23891 2.07361 1.92334 1.78673 1.66254 1.54964 1.44701 1.3537 1.26888 1.19177 1.12166 1.05794 1 0.944391 0.889245 0.834693 0.780867 0.7279 0.675923 0.625065 0.575455 0.527214 0.480462 0.435312 0.391874 0.350253 0.310547 0.272851 0.237256 0.203848 0.17551 0.149379 0.125051 0.102563 0.0819764 0.0633769 0.0468682 0.0325678 0.0206013 0.0110985 0.00418908 0 -0.00125591 0.000625578 0.00574564 0.0141911 0.0260318 0.0413168 0.0600702 0.0822863 0.107925 0.136907 0.169112 0.203966 0.23842 0.275158 0.314054 0.354975 0.397777 0.442314 0.488431 0.535969 0.584767 0.634658 0.685474 0.737044 0.789192 0.841743 0.894517 0.947331 1 1.05794 1.12166 1.19177 1.26888 1.3537 1.44701 1.54964 1.66254 1.78673 1.92334 2.07361 2.23891 2.42074 2.62075 2.84076 3.08277 3.34898 3.64181 3.96393 4.31826 4.70802 
4.70802 4.319 3.96513 3.64331 3.35065 3.08454 2.84256 2.62254 2.42249 2.2406 2.07522 1.92486 1.78814 1.66384 1.55082 1.44806 1.35463 1.26968 1.19244 1.12221 1.05835 1.00027 0.944525 0.889251 0.834581 0.780646 0.727579 0.675509 0.624567 0.57488 0.52657 0.479759 0.434559 0.391084 0.349437 0.309725 0.272058 0.236486 0.203105 0.174758 0.14861 0.124266 0.101764 0.0811673 0.0625635 0.0460591 0.031776 0.0198499 0.0104945 0.00361787 -0.000573305 -0.00183642 3.49642e-05 0.00514186 0.0135679 0.025369 0.0405337 0.0592403 0.0814284 0.107049 0.136017 0.16821 0.203057 0.237527 0.274262 0.313147 0.354091 0.396934 0.441525 0.487707 0.535322 0.584205 0.63419 0.685109 0.73679 0.789059 0.841739 0.894653 0.947616 1.00043 1.05848 1.12233 1.19255 1.26977 1.35471 1.44814 1.55089 1.6639 1.78819 1.9249 2.07526 2.24064 2.42252 2.62257 2.84258 3.08455 3.35067 3.64332 3.96514 4.319 4.70802 
4.70802 4.31981 3.96645 3.64495 3.35249 3.08648 2.84455 2.62452 2.42443 2.24246 2.07699 1.92652 1.78969 1.66526 1.55211 1.44922 1.35566 1.27057 1.19319 1.12281 1.0588 1.00057 0.94467 0.889255 0.834455 0.7804 0.727222 0.675051 0.624016 0.574244 0.52586 0.478983 0.43373 0.390212 0.34854 0.308821 0.271186 0.23564 0.202288 0.17393 0.147764 0.123402 0.100884 0.0802766 0.0616685 0.0451696 0.0309069 0.0190291 0.00982393 0.00298257 -0.00121014 -0.00248078 -0.000620278 0.0044723 0.012877 0.024635 0.0396742 0.0583284 0.0804852 0.106085 0.135038 0.167219 0.202057 0.236545 0.273276 0.312148 0.353117 0.396004 0.440654 0.486908 0.534605 0.583581 0.63367 0.684702 0.736505 0.788906 0.841728 0.894794 0.94792 1.00091 1.05908 1.12306 1.1934 1.27076 1.35583 1.44938 1.55225 1.66539 1.7898 1.92662 2.07708 2.24254 2.42449 2.62458 2.84459 3.08652 3.35252 3.64497 3.96646 4.31981 4.70802 
4.70802 4.3207 3.9679 3.64676 3.35451 3.08862 2.84673 2.6267 2.42656 2.24451 2.07894 1.92835 1.79139 1.66683 1.55354 1.4505 1.35679 1.27155 1.19401 1.12348 1.0593 1.00089 0.944825 0.889255 0.834312 0.780126 0.726826 0.674543 0.623405 0.573541 0.525075 0.478126 0.432814 0.389252 0.347551 0.307827 0.270228 0.23471 0.201389 0.173018 0.146832 0.12245 0.0999155 0.0792958 0.0606835 0.0441916 0.0299529 0.0181319 0.00907901 0.00227537 -0.00191815 -0.00319663 -0.0013478 0.0037292 0.0121106 0.0238218 0.0387307 0.0573264 0.0794484 0.105025 0.133962 0.166128 0.200956 0.235464 0.272192 0.311048 0.352043 0.394978 0.439692 0.486024 0.533811 0.58289 0.633092 0.684247 0.736184 0.78873 0.841708 0.894941 0.948246 1.00142 1.05974 1.12386 1.19435 1.27185 1.35706 1.45075 1.55376 1.66703 1.79157 1.92851 2.07908 2.24463 2.42666 2.62678 2.8468 3.08868 3.35456 3.64679 3.96792 4.32071 4.70802 
4.70802 4.32167 3.96949 3.64873 3.35673 3.09097 2.84914 2.62909 2.4289 2.24677 2.08109 1.93037 1.79327 1.66856 1.55511 1.45192 1.35804 1.27263 1.19492 1.12421 1.05985 1.00125 0.944992 0.889251 0.834151 0.779819 0.726385 0.673979 0.622729 0.572764 0.524207 0.477181 0.431804 0.388193 0.346462 0.306734 0.269175 0.233687 0.200399 0.172013 0.145804 0.121401 0.0988475 0.0782153 0.0595991 0.0431161 0.0289056 0.0171505 0.00825074 0.0014874 -0.00270605 -0.00399261 -0.00215629 0.0029038 0.0112596 0.02292 0.0376945 0.056225 0.0783082 0.10386 0.132778 0.164928 0.199745 0.234274 0.270998 0.309838 0.35086 0.393846 0.438629 0.485046 0.532933 0.582123 0.632449 0.68374 0.735824 0.788528 0.841677 0.895093 0.948594 1.00198 1.06047 1.12475 1.1954 1.27305 1.35842 1.45226 1.55542 1.66884 1.79352 1.93059 2.08128 2.24694 2.42904 2.62921 2.84923 3.09105 3.3568 3.64878 3.96951 4.32168 4.70802 
4.70802 4.32273 3.97122 3.65091 3.35917 3.09356 2.85178 2.63172 2.43147 2.24925 2.08345 1.9326 1.79534 1.67047 1.55685 1.45347 1.35941 1.27382 1.19592 1.12502 1.06046 1.00163 0.945171 0.889241 0.833967 0.779476 0.725895 0.673353 0.62198 0.571903 0.523247 0.476136 0.430689 0.387025 0.345263 0.305532 0.268017 0.232561 0.199308 0.170904 0.14467 0.120243 0.09767 0.0770244 0.0584048 0.0419328 0.0277557 0.0160757 0.00732897 0.000608537 -0.00358375 -0.00487858 -0.00305561 0.00198617 0.0103141 0.0219196 0.0365558 0.0550142 0.0770543 0.102578 0.131475 0.163607 0.198411 0.232962 0.269685 0.308506 0.349555 0.392596 0.437454 0.483964 0.531958 0.581271 0.631733 0.683172 0.735418 0.788296 0.841632 0.895249 0.948964 1.00258 1.06126 1.12572 1.19654 1.27437 1.35991 1.45392 1.55725 1.67083 1.79566 1.93288 2.0837 2.24947 2.43166 2.63188 2.85191 3.09366 3.35925 3.65096 3.97126 4.32275 4.70802 
4.70802 4.3239 3.97313 3.65329 3.36185 3.09639 2.85468 2.63462 2.43431 2.25199 2.08605 1.93505 1.79762 1.67256 1.55876 1.45518 1.36092 1.27513 1.19702 1.1259 1.06112 1.00206 0.94536 0.889222 0.833758 0.779091 0.725348 0.672657 0.621149 0.570949 0.522185 0.474981 0.429458 0.385737 0.343942 0.30421 0.266742 0.231322 0.198105 0.169681 0.143419 0.118966 0.0963709 0.0757113 0.057089 0.0406307 0.0264926 0.0148973 0.00630213 -0.000372732 -0.00456256 -0.00586576 -0.00405699 0.00096497 0.00926239 0.0208087 0.0353037 0.0536827 0.0756747 0.101167 0.130042 0.162153 0.196942 0.231518 0.268239 0.307039 0.348116 0.391215 0.436155 0.482765 0.530878 0.580325 0.630935 0.682537 0.734959 0.788028 0.841569 0.895406 0.949357 1.00324 1.06213 1.12679 1.19781 1.27583 1.36155 1.45575 1.55927 1.67302 1.79803 1.9354 2.08637 2.25226 2.43454 2.63482 2.85484 3.09652 3.36195 3.65336 3.97317 4.32392 4.70802 
4.70802 4.32517 3.97521 3.6559 3.36478 3.0995 2.85786 2.6378 2.43742 2.25499 2.08892 1.93774 1.80013 1.67487 1.56086 1.45707 1.36259 1.27657 1.19823 1.12688 1.06185 1.00252 0.945562 0.889194 0.833519 0.778658 0.724737 0.671883 0.620226 0.569892 0.52101 0.473704 0.428098 0.384316 0.342487 0.302755 0.26534 0.229958 0.196777 0.16833 0.142037 0.117555 0.0949369 0.0742627 0.0556386 0.0391971 0.0251046 0.0136032 0.00515704 -0.00146959 -0.00565542 -0.00696699 -0.00517326 -0.000172684 0.00809158 0.0195744 0.0339258 0.0522178 0.0741564 0.0996132 0.128463 0.160553 0.195325 0.229925 0.266646 0.305423 0.346529 0.38969 0.434718 0.481438 0.529679 0.579272 0.630045 0.681825 0.734441 0.787719 0.841484 0.895562 0.949774 1.00394 1.06308 1.12796 1.1992 1.27743 1.36336 1.45777 1.56148 1.67543 1.80063 1.93818 2.0893 2.25533 2.43771 2.63804 2.85806 3.09967 3.3649 3.65598 3.97527 4.32519 4.70802 
4.70802 4.32656 3.97749 3.65876 3.368 3.10292 2.86136 2.64129 2.44084 2.25829 2.09206 1.9407 1.80289 1.67742 1.56317 1.45915 1.36442 1.27815 1.19956 1.12795 1.06265 1.00301 0.945775 0.889153 0.833247 0.778173 0.724055 0.671022 0.619201 0.56872 0.519708 0.472291 0.426596 0.382748 0.340883 0.301154 0.263795 0.228454 0.19531 0.166836 0.140509 0.115996 0.0933527 0.0726633 0.0540388 0.0376179 0.0235781 0.0121796 0.00387866 -0.00269714 -0.0068772 -0.00819698 -0.0064191 -0.00144154 0.00678674 0.0182016 0.0324082 0.0506054 0.0724847 0.0979027 0.126725 0.15879 0.193542 0.228168 0.26489 0.303643 0.344777 0.388005 0.433127 0.479966 0.528348 0.5781 0.629051 0.681026 0.733854 0.787361 0.841373 0.895715 0.950212 1.0047 1.06412 1.12925 1.20072 1.27919 1.36536 1.45999 1.56392 1.67809 1.80349 1.94123 2.09253 2.2587 2.44119 2.64158 2.8616 3.10311 3.36814 3.65886 3.97756 4.32659 4.70802 
4.70802 4.32807 3.97999 3.66188 3.37152 3.10667 2.8652 2.64513 2.44461 2.26193 2.09553 1.94396 1.80593 1.68021 1.56572 1.46143 1.36644 1.2799 1.20103 1.12912 1.06352 1.00355 0.945998 0.889097 0.832934 0.777626 0.723292 0.670061 0.61806 0.567419 0.518265 0.470728 0.424935 0.381017 0.339114 0.29939 0.262092 0.226794 0.193688 0.165184 0.138819 0.114272 0.0916013 0.0708964 0.052273 0.0358773 0.0218979 0.0106104 0.00244974 -0.0040727 -0.00824495 -0.00957264 -0.00781137 -0.0028585 0.00533085 0.0166734 0.0307347 0.0488295 0.0706433 0.0960179 0.124809 0.156848 0.191578 0.226231 0.262954 0.301681 0.342843 0.386141 0.431366 0.478334 0.526868 0.576795 0.62794 0.680129 0.733189 0.786947 0.841228 0.895861 0.950672 1.00551 1.06525 1.13065 1.2024 1.28112 1.36754 1.46242 1.56661 1.68101 1.80664 1.94459 2.09607 2.2624 2.44502 2.64547 2.86549 3.1069 3.3717 3.66201 3.98007 4.32811 4.70802 
4.70802 4.32972 3.98271 3.66531 3.37538 3.11078 2.86942 2.64934 2.44874 2.26592 2.09933 1.94755 1.80927 1.68329 1.56851 1.46394 1.36866 1.28181 1.20263 1.13041 1.06446 1.00413 0.94623 0.889019 0.832576 0.777008 0.722438 0.668989 0.616791 0.565973 0.516665 0.468996 0.423097 0.379104 0.337162 0.297446 0.260213 0.224961 0.191892 0.163354 0.136947 0.112362 0.0896633 0.0689427 0.0503226 0.0339569 0.0200463 0.00887706 0.000850515 -0.00561622 -0.00977836 -0.0111134 -0.00936946 -0.00444297 0.00370444 0.0149705 0.028887 0.0468719 0.0686136 0.0939401 0.122696 0.154706 0.189411 0.224091 0.260817 0.299517 0.340708 0.38408 0.429414 0.476522 0.525223 0.575339 0.626696 0.679119 0.732434 0.786466 0.841044 0.895995 0.951153 1.00638 1.06647 1.13219 1.20423 1.28324 1.36994 1.4651 1.56956 1.68422 1.8101 1.94828 2.09997 2.26648 2.44922 2.64975 2.86975 3.11104 3.37559 3.66545 3.9828 4.32976 4.70802 
4.70802 4.33152 3.98568 3.66905 3.37961 3.11528 2.87404 2.65397 2.45327 2.2703 2.10351 1.95149 1.81294 1.68667 1.57159 1.4667 1.37109 1.28391 1.20439 1.13181 1.06549 1.00476 0.946469 0.888917 0.832163 0.776311 0.721479 0.667792 0.615377 0.564366 0.514888 0.467076 0.421064 0.376991 0.335009 0.295303 0.258139 0.222934 0.189901 0.161324 0.134872 0.110247 0.0875168 0.0667805 0.0481661 0.0318363 0.0180027 0.00695768 -0.00094181 -0.0073507 -0.0115002 -0.0128419 -0.0111158 -0.00621733 0.0018851 0.0130707 0.0268441 0.0447121 0.0663746 0.0916478 0.120366 0.152342 0.18702 0.221728 0.258458 0.297129 0.338349 0.381799 0.427251 0.47451 0.523391 0.573715 0.625304 0.677982 0.731575 0.785909 0.840811 0.896112 0.95165 1.00731 1.06778 1.13386 1.20623 1.28556 1.37258 1.46804 1.57279 1.68775 1.8139 1.95234 2.10425 2.27095 2.45383 2.65443 2.87442 3.11559 3.37984 3.66922 3.98579 4.33156 4.70802 
4.70802 4.33347 3.98892 3.67314 3.38423 3.12021 2.8791 2.65904 2.45825 2.27511 2.1081 1.95582 1.81697 1.69038 1.57497 1.46973 1.37376 1.28621 1.20631 1.13333 1.0666 1.00542 0.946712 0.888783 0.831686 0.775521 0.720401 0.666452 0.6138 0.562577 0.512914 0.464947 0.418812 0.374654 0.332631 0.292937 0.255846 0.220689 0.187691 0.159071 0.132568 0.107899 0.0851365 0.0643849 0.0457794 0.0294916 0.0157434 0.0048268 -0.00295353 -0.00930273 -0.0134367 -0.0147841 -0.0130762 -0.00820743 -0.000152965 0.0109486 0.0245817 0.0423264 0.0639026 0.0891169 0.117793 0.149733 0.18438 0.219116 0.255851 0.294493 0.335741 0.379274 0.424851 0.472273 0.52135 0.571899 0.623742 0.676699 0.730597 0.78526 0.840518 0.896204 0.952161 1.00829 1.0692 1.13567 1.20841 1.2881 1.37547 1.47127 1.57635 1.69162 1.81807 1.95679 2.10895 2.27585 2.45889 2.65957 2.87954 3.12056 3.3845 3.67333 3.98904 4.33352 4.70802 
4.70802 4.33558 3.99245 3.6776 3.38929 3.1256 2.88465 2.66459 2.46371 2.28039 2.11314 1.96057 1.8214 1.69446 1.57868 1.47305 1.37668 1.28872 1.2084 1.13499 1.0678 1.00613 0.946954 0.88861 0.831135 0.774624 0.719188 0.66495 0.612038 0.560583 0.510719 0.462583 0.416316 0.372067 0.330002 0.290324 0.253307 0.2182 0.185234 0.156565 0.130008 0.105291 0.0824939 0.0617275 0.0431345 0.0268954 0.0132403 0.00245459 -0.00521513 -0.0115032 -0.0156186 -0.0169703 -0.0152808 -0.0104432 -0.00243957 0.00857502 0.0220716 0.0396877 0.0611704 0.0863199 0.114949 0.14685 0.181462 0.216226 0.252967 0.291579 0.332857 0.376475 0.422188 0.469785 0.519074 0.569869 0.621987 0.67525 0.729481 0.784506 0.840154 0.896262 0.952681 1.00933 1.07072 1.13763 1.21079 1.29088 1.37862 1.4748 1.58025 1.69587 1.82265 1.96167 2.11411 2.28124 2.46443 2.6652 2.88515 3.126 3.38959 3.67782 3.99259 4.33565 4.70802 
4.70802 4.33788 3.99629 3.68246 3.3948 3.1315 2.89071 2.67068 2.46969 2.28618 2.11866 1.96577 1.82625 1.69893 1.58274 1.47669 1.37988 1.29147 1.21068 1.13679 1.06909 1.00688 0.947191 0.888387 0.830496 0.773604 0.717821 0.663266 0.610068 0.55836 0.508276 0.459957 0.413548 0.369202 0.327093 0.287432 0.250493 0.215435 0.182497 0.153774 0.127157 0.102389 0.0795558 0.0587757 0.0401991 0.0240155 0.0104606 -0.000193916 -0.00776201 -0.0139878 -0.0180816 -0.0194359 -0.0177647 -0.0129596 -0.0050093 0.00591601 0.019281 0.0367644 0.0581468 0.0832254 0.111803 0.14366 0.178236 0.213025 0.249774 0.288357 0.329664 0.373373 0.419228 0.467015 0.516533 0.567595 0.620014 0.673611 0.728206 0.783627 0.839704 0.896275 0.953202 1.01042 1.07234 1.13975 1.21336 1.2939 1.38208 1.47867 1.58452 1.70052 1.82767 1.96703 2.11976 2.28714 2.47051 2.67136 2.89128 3.13195 3.39515 3.68271 3.99644 4.33795 4.70802 
4.70802 4.34036 4.00045 3.68775 3.40082 3.13793 2.89735 2.67733 2.47624 2.29252 2.12472 1.97148 1.83157 1.70383 1.58719 1.48067 1.38338 1.29447 1.21316 1.13873 1.07048 1.00767 0.947415 0.888104 0.829754 0.772442 0.716276 0.661373 0.607863 0.555877 0.505554 0.457037 0.410473 0.366025 0.323872 0.284229 0.247368 0.212357 0.179443 0.150661 0.123978 0.0991548 0.0762843 0.0554916 0.0369358 0.0208144 0.00736536 -0.00315978 -0.0106355 -0.0167985 -0.0208672 -0.0222221 -0.0205688 -0.0157971 -0.00790236 0.0029323 0.0161718 0.03352 0.0547956 0.0797971 0.108318 0.140128 0.174663 0.209478 0.246235 0.284789 0.326127 0.36993 0.415938 0.463927 0.513694 0.565046 0.617793 0.671753 0.726748 0.782603 0.839149 0.89623 0.953715 1.01155 1.07407 1.14203 1.21616 1.29719 1.38584 1.4829 1.58919 1.70562 1.83317 1.9729 2.12596 2.2936 2.47716 2.67811 2.89798 3.13844 3.4012 3.68803 4.00062 4.34044 4.70802 
4.70802 4.34304 4.00497 3.69351 3.40737 3.14496 2.90459 2.68461 2.48341 2.29946 2.13134 1.97773 1.83739 1.70918 1.59205 1.48502 1.38719 1.29772 1.21585 1.14083 1.07195 1.00849 0.947615 0.887746 0.828889 0.771115 0.714527 0.659242 0.605389 0.5531 0.502516 0.453784 0.407056 0.362499 0.320298 0.280675 0.243891 0.208925 0.176029 0.147181 0.120427 0.0955448 0.0726351 0.0518313 0.0333008 0.0172478 0.00390855 -0.00649123 -0.0138839 -0.0199841 -0.0240244 -0.0253774 -0.0237411 -0.0190034 -0.0111657 -0.000421933 0.0126991 0.0299114 0.051075 0.0759934 0.104452 0.136211 0.170702 0.205541 0.242308 0.280835 0.322204 0.366106 0.412275 0.460483 0.510518 0.562184 0.615288 0.669646 0.725077 0.781407 0.838468 0.896109 0.954208 1.01272 1.07589 1.14446 1.21917 1.30075 1.38994 1.4875 1.59429 1.71119 1.83918 1.97932 2.13273 2.30066 2.48444 2.68548 2.9053 3.14552 3.4078 3.69382 4.00516 4.34313 4.70802 
4.70802 4.34593 4.00986 3.69975 3.4145 3.15261 2.91249 2.69256 2.49123 2.30704 2.13859 1.98457 1.84376 1.71504 1.59736 1.48976 1.39133 1.30126 1.21875 1.14307 1.0735 1.00933 0.947778 0.887294 0.827878 0.769596 0.712544 0.65684 0.60261 0.54999 0.499123 0.450157 0.403252 0.358579 0.316328 0.276722 0.240014 0.205089 0.172204 0.143284 0.116453 0.0915072 0.0685568 0.0477435 0.0292426 0.0132632 3.54849e-05 -0.0102451 -0.0175639 -0.023602 -0.0276104 -0.0289586 -0.0273378 -0.0226342 -0.0148544 -0.00420037 0.00881058 0.0258884 0.0469358 0.0717656 0.100158 0.131861 0.166305 0.201167 0.237944 0.276445 0.317848 0.361854 0.408195 0.456635 0.506961 0.558967 0.61246 0.667252 0.72316 0.78001 0.837636 0.895892 0.954665 1.01392 1.07781 1.14707 1.22242 1.30461 1.39438 1.49252 1.59985 1.71728 1.84575 1.98633 2.14014 2.30839 2.49238 2.69352 2.91329 3.15324 3.41498 3.70009 4.01007 4.34602 4.70802 
4.70802 4.34903 4.01514 3.70652 3.42224 3.16093 2.9211 2.70122 2.49977 2.31532 2.1465 1.99203 1.85071 1.72143 1.60315 1.49491 1.39584 1.30508 1.22187 1.14546 1.07514 1.01019 0.947888 0.886726 0.826695 0.767852 0.71029 0.654125 0.599483 0.546501 0.495325 0.446108 0.399012 0.354213 0.311909 0.272318 0.235681 0.200791 0.16791 0.13891 0.111995 0.0869818 0.0639892 0.0431677 0.0247002 0.00879808 -0.00431887 -0.0144883 -0.0217426 -0.0277196 -0.0316927 -0.0330328 -0.0314255 -0.0267552 -0.019033 -0.00846615 0.00444411 0.0213914 0.0423202 0.0670569 0.0953782 0.127022 0.161416 0.196299 0.233087 0.271564 0.313004 0.357119 0.403643 0.452333 0.502971 0.555346 0.609262 0.664526 0.720956 0.778376 0.836623 0.895554 0.955067 1.01513 1.07982 1.14983 1.2259 1.30877 1.3992 1.49797 1.60591 1.72391 1.85292 1.99399 2.14822 2.31681 2.50105 2.70229 2.92198 3.16163 3.42277 3.7069 4.01537 4.34914 4.70802 
4.70802 4.35236 4.02083 3.71384 3.43063 3.16997 2.93047 2.71065 2.50908 2.32435 2.15513 2.00017 1.85829 1.72839 1.60944 1.50051 1.40071 1.3092 1.22521 1.148 1.07685 1.01104 0.947923 0.886016 0.825306 0.765845 0.707723 0.651051 0.595957 0.542581 0.491069 0.441578 0.394276 0.349343 0.306978 0.267398 0.230826 0.195964 0.163077 0.133989 0.106983 0.0818979 0.0588611 0.0380324 0.0196009 0.00377773 -0.00923192 -0.0193001 -0.0264989 -0.0324166 -0.0363513 -0.0376794 -0.0360829 -0.0314442 -0.023778 -0.0132939 -0.000473591 0.0163495 0.03716 0.0618004 0.0900465 0.121628 0.155969 0.190872 0.227672 0.26613 0.30761 0.351841 0.398558 0.447516 0.49849 0.551265 0.60564 0.66142 0.718419 0.776463 0.835391 0.895064 0.955387 1.01634 1.0819 1.15274 1.22961 1.31325 1.40441 1.50388 1.61249 1.73112 1.86073 2.00233 2.15703 2.326 2.51049 2.71184 2.93144 3.17075 3.43121 3.71425 4.02109 4.35247 4.70802 
4.70802 4.35592 4.02695 3.72173 3.43971 3.17977 2.94063 2.72091 2.5192 2.33418 2.16453 2.00903 1.86653 1.73595 1.61628 1.50658 1.40597 1.31363 1.22878 1.15069 1.07861 1.01187 0.947854 0.885128 0.823672 0.763531 0.704791 0.647563 0.591975 0.538166 0.486288 0.436501 0.388976 0.343898 0.301464 0.261886 0.225372 0.190527 0.157624 0.128438 0.101335 0.076172 0.0530886 0.0322527 0.0138582 -0.00188717 -0.014796 -0.0247743 -0.0319267 -0.0377874 -0.0416808 -0.0429927 -0.0414032 -0.0367933 -0.0291799 -0.018772 -0.00602955 0.0106787 0.0313736 0.0559165 0.0840851 0.115601 0.149888 0.18481 0.221624 0.260065 0.301592 0.345947 0.392869 0.442114 0.493449 0.546657 0.601531 0.657872 0.715495 0.774223 0.833897 0.894384 0.955595 1.01751 1.08403 1.15579 1.23355 1.31804 1.41002 1.51027 1.61962 1.73896 1.86922 2.01141 2.16662 2.33599 2.52075 2.72221 2.9417 3.18062 3.44035 3.72219 4.02723 4.35605 4.70802 
4.70802 4.35972 4.03351 3.73024 3.44951 3.19038 2.95165 2.73203 2.5302 2.34485 2.17473 2.01865 1.87548 1.74415 1.62368 1.51313 1.41163 1.31837 1.23257 1.15349 1.08041 1.01264 0.947649 0.884022 0.821744 0.760854 0.701435 0.643596 0.587466 0.533186 0.480909 0.430799 0.383032 0.337794 0.295281 0.255695 0.219225 0.184386 0.151455 0.122162 0.094952 0.0697051 0.0465714 0.0257268 0.0073679 -0.00830381 -0.0211212 -0.0310225 -0.0381376 -0.0439443 -0.0477937 -0.0490846 -0.0474976 -0.0429121 -0.0353464 -0.025006 -0.0123275 0.00427814 0.0248638 0.0493108 0.077401 0.108851 0.143084 0.178025 0.214854 0.253284 0.294864 0.339351 0.386494 0.436045 0.48777 0.541446 0.596861 0.653815 0.712118 0.771595 0.832088 0.893468 0.955651 1.01862 1.08618 1.15897 1.23771 1.32315 1.41603 1.51715 1.62732 1.74744 1.87842 2.02126 2.17702 2.34684 2.5319 2.73346 2.95282 3.19131 3.45021 3.73074 4.03382 4.35986 4.70802 
4.70802 4.36376 4.04053 3.73937 3.46006 3.20182 2.96356 2.74407 2.54211 2.35642 2.1858 2.02908 1.88517 1.75302 1.63166 1.52017 1.4177 1.32342 1.23657 1.15641 1.08222 1.01333 0.947262 0.882647 0.819463 0.757749 0.697583 0.639074 0.582349 0.527552 0.47484 0.424379 0.376347 0.330931 0.288324 0.248716 0.212277 0.17743 0.144456 0.115043 0.087717 0.0623789 0.0391898 0.0183326 4.87925e-06 -0.015601 -0.0283393 -0.0381777 -0.0452648 -0.051021 -0.0548242 -0.0560891 -0.0544986 -0.0499316 -0.0424061 -0.0321219 -0.0194915 -0.00297282 0.0175138 0.0418697 0.0698836 0.101268 0.135448 0.17041 0.207258 0.245684 0.287325 0.331956 0.379335 0.429215 0.48136 0.535542 0.591545 0.649167 0.708214 0.76851 0.8299 0.892259 0.955507 1.01963 1.08834 1.16225 1.24208 1.32856 1.42245 1.52453 1.63562 1.7566 1.88837 2.03192 2.1883 2.35859 2.54396 2.74563 2.96484 3.20284 3.46083 3.73991 4.04086 4.36391 4.70802 
4.70802 4.36804 4.04801 3.74914 3.4714 3.21414 2.97641 2.75708 2.55498 2.36893 2.19776 2.04035 1.89563 1.76258 1.64025 1.52773 1.42417 1.32877 1.24075 1.1594 1.084 1.01388 0.946638 0.880938 0.81676 0.754138 0.693151 0.633904 0.576527 0.521164 0.467976 0.417131 0.368808 0.323193 0.280472 0.240824 0.204397 0.169523 0.13649 0.106945 0.0794905 0.0540517 0.0307996 0.0099229 -0.00838189 -0.0239336 -0.0366084 -0.0463992 -0.053468 -0.059178 -0.062933 -0.0641662 -0.0625654 -0.0580087 -0.0505134 -0.0402711 -0.0276705 -0.0112196 0.00918255 0.0334567 0.0613998 0.0927228 0.126854 0.16184 0.198713 0.237142 0.278855 0.323645 0.371278 0.421512 0.474109 0.528839 0.585482 0.643831 0.70369 0.764884 0.827258 0.890689 0.955102 1.02048 1.09044 1.1656 1.24663 1.33427 1.42928 1.53243 1.64453 1.76646 1.89911 2.04344 2.20048 2.37129 2.557 2.75877 2.9778 3.21525 3.47224 3.74973 4.04837 4.3682 4.70802 
4.70802 4.37256 4.05596 3.75957 3.48354 3.22737 2.99022 2.77109 2.56886 2.38242 2.21066 2.0525 1.90689 1.77286 1.64945 1.53579 1.43103 1.33439 1.24509 1.16243 1.08569 1.01423 0.945709 0.878819 0.813546 0.749926 0.688034 0.627976 0.569883 0.5139 0.46019 0.408922 0.360276 0.314435 0.271577 0.231865 0.195429 0.160507 0.127396 0.0977012 0.0701046 0.0445527 0.0212267 0.000319663 -0.017975 -0.0334886 -0.0461182 -0.0558779 -0.0629388 -0.0686075 -0.072313 -0.0735086 -0.0718888 -0.0673323 -0.0598538 -0.0496361 -0.037044 -0.0206376 -0.000300284 0.0239064 0.0517888 0.0830585 0.117147 0.152165 0.189071 0.227514 0.269312 0.314277 0.362186 0.412803 0.465889 0.521213 0.578551 0.637693 0.698441 0.760618 0.824069 0.888676 0.954362 1.02111 1.09245 1.16896 1.25132 1.34025 1.4365 1.54083 1.65406 1.77703 1.91065 2.05584 2.2136 2.38498 2.57104 2.77292 2.99173 3.22856 3.48444 3.76021 4.05635 4.37274 4.70802 
4.70802 4.37732 4.06437 3.77066 3.49649 3.24152 3.00503 2.78612 2.58377 2.39693 2.22453 2.06555 1.91898 1.78385 1.65927 1.54435 1.43827 1.34026 1.24955 1.16544 1.08724 1.01432 0.944389 0.876193 0.809718 0.744998 0.68211 0.62116 0.562278 0.505614 0.451328 0.399594 0.350588 0.304488 0.261462 0.221658 0.185185 0.150189 0.116977 0.0871134 0.0593567 0.0336756 0.0102602 -0.010693 -0.0289954 -0.0444914 -0.0570972 -0.066844 -0.0739083 -0.0795414 -0.0831964 -0.0843481 -0.0826993 -0.0781299 -0.0706518 -0.0604373 -0.0478288 -0.0314395 -0.0111417 0.0130181 0.0408558 0.0720851 0.106144 0.141205 0.178154 0.216625 0.258527 0.303688 0.351899 0.402931 0.456548 0.512516 0.570612 0.630618 0.692338 0.755591 0.820224 0.886117 0.953195 1.02143 1.09428 1.17228 1.25611 1.34646 1.44408 1.54972 1.6642 1.78833 1.92301 2.06914 2.22769 2.39967 2.58612 2.7881 3.00665 3.2428 3.49746 3.77134 4.06479 4.37751 4.70802 
4.70802 4.38231 4.07324 3.7824 3.51026 3.2566 3.02085 2.8022 2.59973 2.41246 2.23938 2.07951 1.93188 1.79557 1.66968 1.55338 1.44585 1.34632 1.25406 1.16836 1.08856 1.01404 0.942572 0.872943 0.805145 0.739215 0.675229 0.613296 0.553546 0.496128 0.441207 0.388954 0.339542 0.293143 0.249912 0.20998 0.173438 0.138339 0.104998 0.0749405 0.0470011 0.0211694 -0.00235627 -0.0233776 -0.0417115 -0.0572153 -0.0698219 -0.0795756 -0.0866558 -0.0922599 -0.0958641 -0.096965 -0.0952756 -0.0906773 -0.0831791 -0.0729423 -0.0602885 -0.0438835 -0.0235935 0.000546879 0.028363 0.0595718 0.0936194 0.128738 0.165748 0.204266 0.246294 0.291677 0.340222 0.391707 0.445902 0.502573 0.561493 0.622445 0.685227 0.749659 0.815587 0.882889 0.951489 1.02136 1.09584 1.17548 1.26092 1.35285 1.45198 1.55908 1.67493 1.80034 1.93618 2.08335 2.24276 2.4154 2.60225 2.80432 3.02259 3.25797 3.5113 3.78313 4.07369 4.38251 4.70802 
4.70802 4.38751 4.08255 3.79479 3.52483 3.27261 3.03768 2.81934 2.61675 2.42902 2.25521 2.09437 1.94559 1.80798 1.68067 1.56284 1.45371 1.35252 1.25854 1.1711 1.08955 1.01327 0.940125 0.868923 0.79967 0.732406 0.66721 0.604191 0.543481 0.485231 0.429604 0.37677 0.326898 0.280149 0.236666 0.196564 0.159915 0.124675 0.0911718 0.0608899 0.0327389 0.0067286 -0.0169353 -0.0380537 -0.0564494 -0.0719916 -0.084627 -0.0944099 -0.10152 -0.107103 -0.110657 -0.111699 -0.109956 -0.105309 -0.0977661 -0.0874768 -0.0747436 -0.0582843 -0.0379632 -0.0138064 0.0140198 0.0452363 0.0792981 0.114499 0.151593 0.190183 0.232365 0.278004 0.32692 0.378904 0.433731 0.49117 0.550992 0.612978 0.676925 0.74265 0.809996 0.878842 0.949106 1.02075 1.09704 1.17847 1.26568 1.35934 1.46015 1.56885 1.68621 1.81304 1.95016 2.09845 2.25881 2.43216 2.61944 2.82159 3.03953 3.27407 3.52593 3.79557 4.08303 4.38773 4.70802 
4.70802 4.39291 4.09227 3.80778 3.54017 3.28952 3.05549 2.8375 2.63482 2.4466 2.272 2.11011 1.96008 1.82104 1.69217 1.57268 1.46178 1.35875 1.2629 1.17355 1.09007 1.01188 0.936883 0.863955 0.793099 0.724364 0.657831 0.593611 0.531838 0.472663 0.416248 0.362759 0.312359 0.2652 0.22141 0.181086 0.144281 0.108857 0.0751492 0.0446046 0.016205 -0.0100202 -0.033859 -0.0551116 -0.0736066 -0.0892236 -0.10192 -0.111757 -0.118914 -0.124485 -0.127988 -0.128965 -0.127151 -0.122434 -0.114816 -0.104439 -0.0915856 -0.0750266 -0.0546273 -0.0304086 -0.00253056 0.0287321 0.0628438 0.0981595 0.13537 0.174064 0.216438 0.262374 0.31171 0.364248 0.419771 0.478052 0.538863 0.601984 0.667209 0.734352 0.803255 0.873793 0.945877 1.01946 1.09771 1.18112 1.27027 1.36584 1.46849 1.57896 1.69799 1.82637 1.96491 2.11443 2.27581 2.44993 2.63767 2.8399 3.05745 3.29107 3.54135 3.80861 4.09277 4.39314 4.70802 
4.70802 4.39849 4.10236 3.82134 3.55625 3.30729 3.07425 2.85666 2.65388 2.46516 2.2897 2.12669 1.97529 1.8347 1.70412 1.58278 1.46995 1.36491 1.26699 1.17554 1.08995 1.00966 0.932644 0.857817 0.785196 0.714836 0.646823 0.581271 0.518314 0.458106 0.400805 0.346573 0.295566 0.247922 0.203756 0.163147 0.126131 0.0904681 0.0565038 0.0256478 -0.00304785 -0.0295348 -0.0535952 -0.0750288 -0.0936691 -0.109404 -0.122198 -0.132118 -0.13934 -0.14491 -0.148365 -0.149267 -0.147365 -0.14255 -0.134823 -0.124315 -0.111295 -0.0945822 -0.0740478 -0.0497109 -0.0217269 0.00963273 0.0438425 0.0793175 0.116688 0.15553 0.198143 0.244429 0.294244 0.347403 0.403698 0.462909 0.524809 0.589178 0.655808 0.724511 0.795124 0.867517 0.941594 1.0173 1.0977 1.18326 1.27455 1.37221 1.4769 1.58932 1.71019 1.84027 1.98035 2.13123 2.29372 2.46867 2.65689 2.85919 3.07632 3.30893 3.55749 3.82221 4.1029 4.39873 4.70802 
4.70802 4.40422 4.11279 3.83541 3.573 3.32585 3.0939 2.87675 2.67388 2.48463 2.30826 2.14401 1.99113 1.84884 1.71639 1.59303 1.47808 1.37083 1.27064 1.17689 1.08898 1.00639 0.927155 0.850238 0.775668 0.70351 0.633854 0.566818 0.502541 0.441172 0.38287 0.327789 0.276076 0.227858 0.183233 0.142262 0.104966 0.0689968 0.0347116 0.00348257 -0.0255693 -0.0523776 -0.0767185 -0.0983912 -0.117232 -0.133135 -0.146071 -0.156107 -0.163416 -0.168998 -0.172406 -0.173225 -0.171214 -0.16627 -0.158392 -0.147703 -0.13446 -0.117531 -0.0967935 -0.0722689 -0.0441108 -0.0125884 0.0217825 0.0574762 0.0950634 0.134111 0.177025 0.223729 0.274095 0.327957 0.385118 0.445362 0.508467 0.574215 0.642395 0.712815 0.78531 0.85974 0.936002 1.01402 1.09678 1.1847 1.27834 1.3783 1.48522 1.59978 1.72268 1.85464 1.99641 2.14875 2.31246 2.48829 2.67703 2.8794 3.09607 3.32758 3.5743 3.83633 4.11335 4.40448 4.70802 
4.70802 4.41008 4.12349 3.84992 3.59032 3.34512 3.11432 2.89767 2.69472 2.50489 2.32754 2.16197 2.00747 1.86333 1.72883 1.60327 1.48598 1.37631 1.27362 1.17734 1.0869 1.00178 0.920103 0.840881 0.764156 0.690001 0.618516 0.549824 0.484063 0.421385 0.361942 0.305885 0.253348 0.204445 0.159259 0.117834 0.0801727 0.0438143 0.00912735 -0.0225524 -0.0520368 -0.0792416 -0.103937 -0.12592 -0.145028 -0.16116 -0.174288 -0.184478 -0.191901 -0.19751 -0.200876 -0.2016 -0.199457 -0.194347 -0.18627 -0.175343 -0.16181 -0.144589 -0.123567 -0.0987696 -0.0703523 -0.0385832 -0.00396965 0.0320201 0.0698996 0.109227 0.152522 0.199728 0.25074 0.305407 0.363543 0.424945 0.489393 0.556671 0.626566 0.698885 0.773453 0.850126 0.928787 1.00935 1.09469 1.1852 1.28141 1.38389 1.49327 1.61018 1.7353 1.86931 2.01293 2.16688 2.3319 2.5087 2.69799 2.90043 3.11658 3.34691 3.59168 3.85087 4.12408 4.41034 4.70802 
4.70802 4.41601 4.13439 3.86476 3.60812 3.36496 3.1354 2.91927 2.71624 2.5258 2.3474 2.18039 2.02414 1.87798 1.74124 1.61326 1.49342 1.38108 1.27566 1.1766 1.08337 0.995466 0.911103 0.829332 0.750215 0.673838 0.600309 0.529756 0.462321 0.398154 0.337406 0.280216 0.226711 0.176989 0.131118 0.0891246 0.0509938 0.0141433 -0.0210464 -0.0532748 -0.083288 -0.110983 -0.136124 -0.158504 -0.177962 -0.194393 -0.207773 -0.218164 -0.225733 -0.231388 -0.234715 -0.235334 -0.233031 -0.227712 -0.219379 -0.208145 -0.194245 -0.176641 -0.155237 -0.130064 -0.101282 -0.0691611 -0.034201 0.00218459 0.0404539 0.0801563 0.123934 0.171753 0.223527 0.279125 0.338375 0.401084 0.467039 0.536025 0.607829 0.682253 0.759115 0.838262 0.919563 1.00292 1.09109 1.18444 1.28347 1.38873 1.5008 1.62029 1.74784 1.8841 2.02974 2.18545 2.35189 2.52974 2.71963 2.92213 3.13774 3.36682 3.60953 3.86575 4.135 4.41629 4.70802 
4.70802 4.42199 4.14541 3.87982 3.62624 3.38522 3.15695 2.94139 2.73826 2.54717 2.36762 2.19906 2.04091 1.89254 1.75335 1.62273 1.50008 1.38483 1.27641 1.17429 1.07798 0.987011 0.899675 0.815077 0.733298 0.654436 0.578611 0.505958 0.436623 0.370754 0.308498 0.249988 0.195337 0.144632 0.0979232 0.0552202 0.016491 -0.0209796 -0.0567987 -0.089699 -0.120362 -0.148665 -0.174365 -0.197249 -0.217152 -0.23397 -0.247673 -0.258322 -0.266074 -0.271799 -0.275092 -0.275593 -0.273099 -0.267522 -0.258866 -0.247243 -0.232881 -0.214789 -0.192884 -0.167211 -0.137934 -0.10533 -0.0698919 -0.0329831 0.00580086 0.0460006 0.0903913 0.138962 0.191648 0.248335 0.30887 0.373069 0.440728 0.511634 0.585573 0.662343 0.741754 0.823639 0.907854 0.99428 1.08556 1.18204 1.28417 1.39247 1.5075 1.62982 1.76003 1.89875 2.0466 2.20422 2.37221 2.5512 2.74173 2.94432 3.15936 3.38713 3.62769 3.88084 4.14604 4.42228 4.70802 
4.70802 4.42796 4.15646 3.89498 3.64452 3.4057 3.17878 2.96378 2.76054 2.56873 2.38794 2.2177 2.05747 1.9067 1.76484 1.63132 1.5056 1.38714 1.27541 1.16992 1.07022 0.975861 0.885228 0.797482 0.712725 0.631072 0.552655 0.477618 0.40611 0.33828 0.274272 0.21421 0.158198 0.106307 0.0585712 0.0149843 -0.0245032 -0.0627538 -0.099361 -0.133088 -0.164552 -0.19361 -0.220009 -0.243528 -0.263996 -0.281305 -0.295419 -0.306392 -0.314376 -0.320198 -0.323466 -0.323834 -0.321111 -0.315218 -0.30616 -0.29405 -0.279114 -0.260403 -0.237856 -0.211529 -0.181599 -0.148347 -0.112267 -0.074674 -0.0352163 0.0056367 0.050807 0.100306 0.154092 0.212069 0.274101 0.340016 0.409619 0.4827 0.559045 0.638444 0.720699 0.805629 0.893074 0.982891 1.07761 1.17752 1.28306 1.39472 1.51299 1.63841 1.77154 1.91295 2.06321 2.22291 2.3926 2.57282 2.76407 2.96676 3.18123 3.40765 3.646 3.89602 4.15711 4.42826 4.70802 
4.70802 4.43386 4.16742 3.91006 3.66277 3.42617 3.20061 2.98617 2.78277 2.59016 2.40803 2.23594 2.07345 1.92006 1.77528 1.63859 1.50949 1.3875 1.27212 1.16291 1.05945 0.961333 0.867028 0.775762 0.687658 0.602851 0.521489 0.443725 0.369716 0.299611 0.23355 0.171653 0.114011 0.060682 0.0116853 -0.0330025 -0.0734479 -0.112679 -0.150273 -0.185021 -0.217476 -0.247473 -0.274744 -0.29906 -0.320241 -0.338168 -0.3528 -0.364181 -0.372456 -0.37841 -0.381662 -0.381881 -0.378886 -0.372606 -0.363052 -0.350338 -0.334689 -0.315205 -0.291841 -0.264673 -0.233893 -0.199791 -0.162863 -0.124381 -0.0840487 -0.0423449 0.00381653 0.0544696 0.109593 0.169112 0.232908 0.300821 0.372665 0.448232 0.527307 0.609673 0.695122 0.783457 0.874497 0.968076 1.06659 1.1703 1.27961 1.39494 1.51678 1.64561 1.78194 1.92629 2.07919 2.24116 2.4127 2.59428 2.78633 2.98918 3.20309 3.42815 3.66427 3.91113 4.16809 4.43417 4.70802 
4.70802 4.43965 4.17819 3.92491 3.68075 3.44637 3.22214 3.00822 2.80459 2.61109 2.42746 2.25335 2.08839 1.93214 1.78415 1.64398 1.51117 1.38527 1.26587 1.15254 1.0449 0.942586 0.84417 0.748942 0.657053 0.568661 0.483929 0.403024 0.326111 0.253344 0.184861 0.120775 0.0611693 0.00608898 -0.0444616 -0.0905218 -0.132175 -0.172638 -0.21147 -0.247485 -0.281169 -0.312335 -0.340697 -0.366012 -0.388087 -0.406792 -0.422074 -0.433967 -0.442607 -0.448738 -0.451987 -0.452037 -0.448718 -0.441967 -0.431801 -0.41834 -0.401811 -0.38136 -0.356966 -0.328727 -0.296852 -0.261647 -0.223614 -0.183987 -0.142524 -0.0997192 -0.0522981 -0.000205066 0.0565596 0.117942 0.183838 0.254101 0.328553 0.406989 0.489191 0.574934 0.663996 0.756161 0.851226 0.949 1.05174 1.15966 1.27312 1.39253 1.51829 1.65086 1.79071 1.93829 2.09408 2.25854 2.43211 2.61519 2.80814 3.01123 3.22463 3.44835 3.68226 3.92598 4.17886 4.43996 4.70802 
4.70802 4.44524 4.18862 3.93932 3.69823 3.46599 3.24303 3.02954 2.82557 2.63104 2.44574 2.26941 2.10173 1.94233 1.79082 1.64681 1.5099 1.3797 1.25582 1.1379 1.02559 0.918578 0.815531 0.715818 0.619618 0.527116 0.438496 0.353942 0.27363 0.197721 0.126354 0.059639 -0.00234893 -0.0595749 -0.112048 -0.159823 -0.202999 -0.245011 -0.285398 -0.322992 -0.35821 -0.390835 -0.420563 -0.447131 -0.470329 -0.490012 -0.506112 -0.51865 -0.527747 -0.534111 -0.537375 -0.537232 -0.533525 -0.526198 -0.515278 -0.500893 -0.483276 -0.461618 -0.435929 -0.406332 -0.373057 -0.336432 -0.296969 -0.255873 -0.212957 -0.168733 -0.11971 -0.0658128 -0.00702002 0.0566319 0.125055 0.198114 0.275636 0.357419 0.443237 0.532857 0.626039 0.722547 0.822152 0.924631 1.0321 1.14471 1.26279 1.38669 1.5168 1.6535 1.79721 1.94833 2.1073 2.2745 2.45031 2.63508 2.82908 3.03252 3.24549 3.46796 3.69973 3.94039 4.1893 4.44556 4.70802 
4.70802 4.45058 4.19858 3.95308 3.7149 3.48469 3.26287 3.04968 2.84522 2.64947 2.46229 2.28349 2.11279 1.94991 1.79452 1.64627 1.50482 1.36982 1.24095 1.1179 1.00034 0.888025 0.779725 0.674893 0.573742 0.476488 0.383342 0.294509 0.21018 0.130528 0.0556953 -0.0142061 -0.0791059 -0.138978 -0.193842 -0.243766 -0.288866 -0.332833 -0.37518 -0.41475 -0.451889 -0.486346 -0.51779 -0.545935 -0.570548 -0.591464 -0.608595 -0.621945 -0.631622 -0.63829 -0.64159 -0.641226 -0.637051 -0.629019 -0.617168 -0.601636 -0.582666 -0.559501 -0.532182 -0.500864 -0.465806 -0.42736 -0.386057 -0.343078 -0.298297 -0.252249 -0.201188 -0.145019 -0.0837025 -0.0172592 0.0542361 0.130658 0.211836 0.297564 0.387612 0.48173 0.579657 0.681133 0.785898 0.893696 1.00648 1.12435 1.24759 1.3765 1.51142 1.65269 1.80067 1.95572 2.11819 2.28842 2.46673 2.6534 2.84864 3.05258 3.26528 3.48662 3.71638 3.95413 4.19925 4.4509 4.70802 
4.70802 4.45559 4.20792 3.96596 3.73049 3.5021 3.28122 3.06813 2.86297 2.66576 2.47643 2.29484 2.12079 1.95405 1.79433 1.64136 1.49484 1.35449 1.22003 1.09118 0.967692 0.84934 0.735031 0.624305 0.517415 0.414613 0.316144 0.222239 0.133112 0.0489527 -0.0300849 -0.103884 -0.172375 -0.235534 -0.29339 -0.346024 -0.393563 -0.440006 -0.484834 -0.526895 -0.566456 -0.603225 -0.636838 -0.666977 -0.693382 -0.71586 -0.734299 -0.748679 -0.759092 -0.76616 -0.769526 -0.768904 -0.764159 -0.755256 -0.742247 -0.725283 -0.704623 -0.679565 -0.650189 -0.616687 -0.579353 -0.538574 -0.494904 -0.449512 -0.402339 -0.353945 -0.300283 -0.24124 -0.176761 -0.106853 -0.0315823 0.0489296 0.134512 0.224952 0.320004 0.419399 0.522852 0.63007 0.740757 0.854621 0.973432 1.09724 1.22628 1.3608 1.5011 1.64746 1.80018 1.95958 2.12594 2.29956 2.48069 2.66953 2.86625 3.07093 3.28355 3.50397 3.73193 3.967 4.20858 4.4559 4.70802 
4.70802 4.4602 4.21649 3.97775 3.74467 3.51782 3.29761 3.08434 2.87819 2.6792 2.48738 2.30263 2.12481 1.95372 1.78917 1.63091 1.4787 1.33232 1.19153 1.05611 0.925844 0.800566 0.679316 0.561733 0.448118 0.338766 0.233963 0.133976 0.0390506 -0.0505991 -0.134799 -0.213419 -0.286382 -0.353663 -0.415295 -0.471366 -0.522016 -0.571617 -0.619607 -0.664833 -0.707472 -0.747182 -0.783556 -0.816238 -0.844928 -0.869399 -0.889508 -0.905207 -0.916563 -0.924154 -0.927625 -0.926699 -0.921253 -0.911264 -0.896801 -0.878035 -0.855245 -0.827792 -0.795803 -0.759515 -0.719267 -0.675489 -0.62877 -0.580274 -0.530019 -0.478603 -0.421606 -0.358902 -0.290426 -0.216175 -0.136213 -0.0506637 0.0402934 0.136431 0.237482 0.343148 0.453113 0.567044 0.684604 0.805455 0.931173 1.06175 1.19736 1.33822 1.48456 1.63662 1.79466 1.95892 2.12965 2.30708 2.4914 2.68277 2.88129 3.087 3.29982 3.5196 3.74604 3.97874 4.21713 4.4605 4.70802 
4.70802 4.46432 4.22414 3.98819 3.75712 3.53144 3.31154 3.09773 2.8902 2.68904 2.49429 2.3059 2.12377 1.94778 1.77775 1.61351 1.45487 1.30164 1.15363 1.01066 0.872591 0.73928 0.609923 0.484271 0.362677 0.245492 0.133052 0.0256742 -0.076354 -0.172781 -0.2634 -0.348058 -0.42666 -0.49917 -0.565618 -0.626093 -0.680744 -0.734407 -0.786466 -0.835754 -0.882345 -0.925834 -0.965758 -1.00171 -1.03334 -1.06038 -1.08264 -1.10004 -1.11262 -1.1209 -1.12452 -1.12323 -1.11691 -1.10555 -1.08925 -1.06819 -1.04269 -1.01217 -0.976837 -0.936968 -0.892963 -0.845306 -0.794635 -0.742121 -0.687872 -0.632535 -0.571232 -0.503824 -0.430242 -0.350483 -0.264617 -0.172781 -0.0751722 0.0279541 0.136298 0.249523 0.367267 0.48915 0.614784 0.743779 0.877495 1.01585 1.15899 1.30707 1.46027 1.61878 1.78282 1.95257 2.12824 2.31 2.498 2.69234 2.89308 3.1002 3.3136 3.5331 3.75841 3.98912 4.22473 4.46461 4.70802 
4.70802 4.46791 4.23072 3.99708 3.76754 3.54256 3.32251 3.10769 2.89829 2.69444 2.4962 2.30357 2.11649 1.93487 1.75859 1.58753 1.42152 1.26042 1.10408 0.952383 0.805206 0.662466 0.523521 0.388244 0.257054 0.130367 0.00858342 -0.107915 -0.21878 -0.323705 -0.422434 -0.514772 -0.600591 -0.679831 -0.752506 -0.8187 -0.878563 -0.937518 -0.994878 -1.04945 -1.10118 -1.14958 -1.19413 -1.23433 -1.26979 -1.30016 -1.32523 -1.34485 -1.35902 -1.3682 -1.37206 -1.37032 -1.36288 -1.34978 -1.33111 -1.3071 -1.2781 -1.24364 -1.20397 -1.15945 -1.11055 -1.05782 -1.00198 -0.944207 -0.884728 -0.824254 -0.757324 -0.683798 -0.603607 -0.516764 -0.423356 -0.323549 -0.217578 -0.105741 0.0116111 0.134087 0.261266 0.392706 0.527959 0.666574 0.809667 0.957094 1.10894 1.26533 1.42639 1.59228 1.76317 1.9392 2.12052 2.30727 2.49955 2.69742 2.90089 3.10991 3.32437 3.54406 3.7687 3.99793 4.23126 4.46817 4.70802 
4.70802 4.47089 4.23611 4.0042 3.77563 3.5508 3.33003 3.11361 2.90173 2.69454 2.49211 2.29447 2.10161 1.91347 1.72997 1.551 1.37645 1.20621 1.04016 0.878215 0.720284 0.566329 0.415881 0.268955 0.126043 -0.01236 -0.145769 -0.273719 -0.395777 -0.511557 -0.620728 -0.723025 -0.818262 -0.906333 -0.987216 -1.06097 -1.12775 -1.19372 -1.25811 -1.31967 -1.37819 -1.43308 -1.48372 -1.52952 -1.57001 -1.60477 -1.63351 -1.65605 -1.67232 -1.68271 -1.68687 -1.68457 -1.67571 -1.66035 -1.63861 -1.61078 -1.57722 -1.53759 -1.49223 -1.44159 -1.38623 -1.32679 -1.26408 -1.19932 -1.13288 -1.06556 -0.991159 -0.909531 -0.820632 -0.724505 -0.621282 -0.511181 -0.394502 -0.271611 -0.142933 -0.00893724 0.129876 0.272989 0.419878 0.570021 0.724265 0.882394 1.04446 1.21053 1.38073 1.55517 1.73396 1.91725 2.10513 2.2977 2.49503 2.69713 2.904 3.11555 3.33165 3.55211 3.77665 4.00494 4.23659 4.47112 4.70802 
4.70802 4.47323 4.24023 4.00943 3.78119 3.55586 3.33371 3.11498 2.89986 2.6885 2.48099 2.27738 2.07767 1.88185 1.68985 1.5016 1.31702 1.136 0.95845 0.784296 0.613479 0.44598 0.281519 0.120264 -0.0372088 -0.19031 -0.338454 -0.481066 -0.617602 -0.747559 -0.870493 -0.98603 -1.09388 -1.19386 -1.28586 -1.3699 -1.44609 -1.52162 -1.59555 -1.66658 -1.73427 -1.79789 -1.85667 -1.90993 -1.95709 -1.99766 -2.03125 -2.05762 -2.07665 -2.08863 -2.09322 -2.0902 -2.07951 -2.06121 -2.03549 -2.00263 -1.96308 -1.91664 -1.86373 -1.80492 -1.74087 -1.67237 -1.60033 -1.52606 -1.45012 -1.37346 -1.28887 -1.19623 -1.09555 -0.986953 -0.870646 -0.746945 -0.616252 -0.479041 -0.335843 -0.187233 -0.0338134 0.123803 0.285004 0.449189 0.616896 0.78785 0.962072 1.13962 1.32059 1.50507 1.69316 1.88496 2.08057 2.28003 2.48338 2.69062 2.90171 3.11656 3.33503 3.55693 3.78203 4.01004 4.24063 4.47342 4.70802 
4.70802 4.47494 4.24309 4.01273 3.78415 3.5576 3.33329 3.11141 2.89213 2.67558 2.46184 2.25099 2.04304 1.83799 1.63581 1.43645 1.23982 1.04584 0.854425 0.665487 0.478963 0.294836 0.113022 -0.0661456 -0.242001 -0.413857 -0.581013 -0.742771 -0.89845 -1.0474 -1.18901 -1.32274 -1.44813 -1.56482 -1.67256 -1.77123 -1.86084 -1.94996 -2.03741 -2.12172 -2.20214 -2.27771 -2.34753 -2.41077 -2.46676 -2.51493 -2.55483 -2.58616 -2.60875 -2.62276 -2.62789 -2.62397 -2.61094 -2.5889 -2.55805 -2.51871 -2.47133 -2.41589 -2.35292 -2.28307 -2.20714 -2.12606 -2.04092 -1.95317 -1.8637 -1.77369 -1.67457 -1.56632 -1.44907 -1.32311 -1.18879 -1.04661 -0.897116 -0.740947 -0.57877 -0.411288 -0.239218 -0.0632782 0.115823 0.297403 0.48165 0.668245 0.857206 1.0486 1.24252 1.43905 1.63829 1.84031 2.04518 2.25294 2.4636 2.67713 2.89348 3.11256 3.33425 3.55838 3.78476 4.01317 4.24337 4.47508 4.70802 
4.70802 4.4761 4.2448 4.01428 3.7847 3.55619 3.32888 3.10289 2.87834 2.6553 2.43386 2.21407 1.99595 1.77952 1.56477 1.35165 1.14012 0.930093 0.72148 0.514184 0.308109 0.103202 -0.100406 -0.3022 -0.501445 -0.697384 -0.889248 -1.07626 -1.25764 -1.4326 -1.60039 -1.76023 -1.91141 -2.05327 -2.1852 -2.30673 -2.41754 -2.52795 -2.63607 -2.74004 -2.83864 -2.93071 -3.01524 -3.09141 -3.15853 -3.21607 -3.26363 -3.3009 -3.32771 -3.34409 -3.34982 -3.3448 -3.32901 -3.30253 -3.26555 -3.21833 -3.16126 -3.09449 -3.01851 -2.93397 -2.84169 -2.74267 -2.63815 -2.52978 -2.41908 -2.30797 -2.18612 -2.05385 -1.91166 -1.76013 -1.59995 -1.43185 -1.2566 -1.07496 -0.887733 -0.695705 -0.499664 -0.300389 -0.098651 0.1048 0.309745 0.515834 0.723124 0.931708 1.14169 1.35315 1.56618 1.78084 1.99716 2.21516 2.43484 2.65616 2.87908 3.10352 3.3294 3.55661 3.78502 4.01452 4.24495 4.47617 4.70802 
4.70802 4.47689 4.24576 4.01463 3.7835 3.55237 3.32124 3.09011 2.85898 2.62785 2.39672 2.16559 1.93446 1.70333 1.4722 1.24107 1.00994 0.77881 0.54768 0.31655 0.0854198 -0.145694 -0.376381 -0.606011 -0.833939 -1.05952 -1.28213 -1.50114 -1.71592 -1.92589 -2.13044 -2.32901 -2.52104 -2.70598 -2.88332 -3.05256 -3.21322 -3.36485 -3.50703 -3.63935 -3.76145 -3.87298 -3.97363 -4.06311 -4.14118 -4.20761 -4.26222 -4.30486 -4.33539 -4.35375 -4.35988 -4.35375 -4.33539 -4.30486 -4.26222 -4.20761 -4.14118 -4.06311 -3.97363 -3.87298 -3.76145 -3.63935 -3.50703 -3.36485 -3.21322 -3.05256 -2.88332 -2.70598 -2.52104 -2.32901 -2.13044 -1.92589 -1.71592 -1.50114 -1.28213 -1.05952 -0.833939 -0.606011 -0.376381 -0.145694 0.0854198 0.31655 0.54768 0.77881 1.00994 1.24107 1.4722 1.70333 1.93446 2.16559 2.39672 2.62785 2.85898 3.09011 3.32124 3.55237 3.7835 4.01463 4.24576 4.47689 4.70802 

y_vals
0 0 0 0 0 0 0 0 0 0 0 0 0 0 0 0 0 0 0 0 0 8.29224e-17 -0.010539 -0.020401 -0.0296473 -0.038314 -0.0464112 -0.0539239 -0.0608146 -0.0670269 -0.0724898 -0.0771226 -0.080841 -0.0835616 -0.085208 -0.085715 -0.085032 -0.0831268 -0.0799865 -0.0762935 -0.0729055 -0.0695108 -0.0658159 -0.061558 -0.0565039 -0.0504492 -0.0432179 -0.0346621 -0.0246625 -0.0131286 0 0.0142975 0.0292834 0.0448538 0.0608283 0.076952 0.092901 0.108288 0.122671 0.135562 0.14644 0.15476 0.159985 0.162948 0.164347 0.164139 0.162297 0.158817 0.153712 0.147009 0.138746 0.128966 0.117717 0.10504 0.0909704 0.0755316 0.058732 0.0405635 0.0210004 -5.51668e-17 0 0 0 0 0 0 0 0 0 0 0 0 0 0 0 0 0 0 0 0 0 
-0.005 -0.00494808 -0.00489809 -0.00484739 -0.00479455 -0.00473888 -0.00468023 -0.00461878 -0.00455498 -0.00448946 -0.00442298 -0.00435644 -0.00429081 -0.00422723 -0.00416699 -0.00411174 -0.00406367 -0.00402613 -0.00400505 -0.00401329 -0.00408968 -0.00447407 -0.0144497 -0.0240676 -0.0331403 -0.041659 -0.0496182 -0.0569963 -0.0637522 -0.0698275 -0.0751504 -0.0796401 -0.0832123 -0.0857845 -0.0872816 -0.0876401 -0.0868138 -0.0847736 -0.0815206 -0.0777584 -0.0742575 -0.0707253 -0.0668774 -0.0624556 -0.0572294 -0.0509971 -0.0435867 -0.0348631 -0.0248531 -0.0132476 -2.85578e-05 0.0143669 0.0294539 0.045123 0.0611873 0.0773806 0.0933349 0.108823 0.123328 0.136354 0.147381 0.155873 0.161307 0.164446 0.16601 0.165965 0.164288 0.160972 0.156031 0.14949 0.141389 0.131772 0.120688 0.108181 0.0942929 0.0790557 0.062496 0.0446457 0.0255973 0.00586957 0.00474551 0.00445512 0.004336 0.00428618 0.00427344 0.00428361 0.00430913 0.00434539 0.00438925 0.00443843 0.0044911 0.00454578 0.00460122 0.00465636 0.00471035 0.00476255 0.00481259 0.00486047 0.00490668 0.00495242 0.005 
-0.0105 -0.0103912 -0.0102864 -0.0101801 -0.0100693 -0.00995257 -0.00982957 -0.00970068 -0.00956684 -0.00942936 -0.00928984 -0.00915014 -0.00901233 -0.00887875 -0.00875215 -0.00863594 -0.00853473 -0.00845552 -0.00841066 -0.00842682 -0.00858337 -0.00932629 -0.0187443 -0.0280979 -0.0369802 -0.0453358 -0.0531432 -0.0603729 -0.0669802 -0.0729047 -0.0780734 -0.0824055 -0.0858169 -0.088226 -0.089559 -0.0897548 -0.0887716 -0.0865841 -0.0832081 -0.0793655 -0.0757394 -0.0720555 -0.0680393 -0.0634372 -0.0580221 -0.0515953 -0.04399 -0.0350898 -0.0250614 -0.0133769 -5.8717e-05 0.0144441 0.0296419 0.0454192 0.0615821 0.0778518 0.0938171 0.109415 0.124052 0.137225 0.148416 0.157097 0.162757 0.166091 0.167834 0.167969 0.166474 0.163339 0.158577 0.152215 0.144292 0.134854 0.123951 0.111632 0.0979435 0.0829273 0.0666294 0.0491228 0.0306143 0.0120867 0.00994706 0.00935026 0.00910324 0.00900005 0.00897412 0.00899602 0.00904998 0.00912637 0.00921864 0.00932198 0.00943261 0.00954741 0.00966376 0.00977946 0.00989271 0.0100022 0.0101071 0.0102075 0.0103044 0.0104003 0.0105 
-0.01655 -0.0163789 -0.0162141 -0.0160468 -0.0158725 -0.0156888 -0.0154952 -0.0152923 -0.0150816 -0.0148651 -0.0146453 -0.0144252 -0.014208 -0.0139973 -0.0137976 -0.0136141 -0.0134541 -0.0133286 -0.0132568 -0.0132801 -0.0135193 -0.0145903 -0.023459 -0.0325273 -0.041201 -0.0493773 -0.0570173 -0.0640836 -0.0705271 -0.0762854 -0.0812843 -0.0854429 -0.0886774 -0.0909072 -0.0920601 -0.0920774 -0.0909228 -0.0885746 -0.0850639 -0.0811284 -0.0773631 -0.073512 -0.0693105 -0.0645104 -0.058888 -0.0522484 -0.0444314 -0.0353452 -0.0252891 -0.0135172 -9.04208e-05 0.01453 0.0298494 0.0457451 0.062016 0.0783698 0.0943529 0.110068 0.12485 0.138185 0.149555 0.158442 0.164348 0.167895 0.169837 0.170169 0.168873 0.165937 0.161373 0.155208 0.147481 0.13824 0.127537 0.115424 0.101954 0.08718 0.0711674 0.0540315 0.0360876 0.0186877 0.0156435 0.0147274 0.014344 0.0141841 0.0141447 0.0141802 0.0142659 0.0143867 0.0145324 0.0146955 0.0148699 0.0150508 0.015234 0.0154162 0.0155945 0.0157668 0.0159319 0.0160899 0.0162424 0.0163932 0.01655 
-0.023205 -0.0229658 -0.0227351 -0.022501 -0.022257 -0.0219999 -0.0217289 -0.0214449 -0.0211498 -0.0208466 -0.0205387 -0.0202301 -0.0199256 -0.0196301 -0.0193498 -0.019092 -0.0188669 -0.0186898 -0.0185873 -0.0186163 -0.0189388 -0.0203033 -0.0286333 -0.0373948 -0.04584 -0.0538192 -0.0612748 -0.068161 -0.074424 -0.0799991 -0.0848111 -0.0887787 -0.0918186 -0.0938513 -0.0948063 -0.0946281 -0.0932864 -0.090763 -0.0871046 -0.0830618 -0.0791418 -0.0751061 -0.0707007 -0.065683 -0.0598334 -0.0529611 -0.0449147 -0.0356328 -0.0255379 -0.0136693 -0.000123572 0.0146257 0.0300783 0.0461039 0.0624931 0.0789394 0.0949485 0.110791 0.125731 0.139242 0.150809 0.159919 0.166093 0.169874 0.172034 0.172583 0.171506 0.168789 0.164443 0.158495 0.150984 0.141959 0.131476 0.11959 0.10636 0.0918506 0.0761487 0.0594117 0.0420565 0.0257126 0.0218764 0.020632 0.0201047 0.0198848 0.0198321 0.0198834 0.0200046 0.0201747 0.0203794 0.0206082 0.0208528 0.0211063 0.0213631 0.0216182 0.0218679 0.0221091 0.0223402 0.0225613 0.0227747 0.0229858 0.023205 
-0.0305255 -0.0302117 -0.0299089 -0.0296017 -0.0292814 -0.0289438 -0.028588 -0.028215 -0.0278274 -0.0274289 -0.0270242 -0.0266185 -0.0262179 -0.025829 -0.0254598 -0.02512 -0.0248228 -0.0245881 -0.0244505 -0.0244829 -0.0248872 -0.0265064 -0.0343099 -0.0427426 -0.0509384 -0.0587008 -0.0659534 -0.072641 -0.0787051 -0.0840784 -0.0886845 -0.0924418 -0.0952676 -0.0970837 -0.0978216 -0.0974292 -0.095883 -0.0931686 -0.0893482 -0.0851817 -0.0810896 -0.0768503 -0.0722206 -0.0669638 -0.060865 -0.0537388 -0.0454442 -0.0359564 -0.0258098 -0.0138342 -0.000158024 0.0147325 0.0303309 0.0464987 0.0630175 0.0795658 0.0956107 0.11159 0.126702 0.140407 0.152188 0.161543 0.168007 0.172045 0.174445 0.175232 0.174395 0.171919 0.167813 0.162103 0.15483 0.146044 0.135802 0.124165 0.111198 0.0969794 0.0816153 0.0653064 0.0485629 0.0332054 0.0286898 0.0271136 0.0264358 0.0261533 0.0260877 0.0261576 0.0263185 0.0265433 0.0268132 0.0271145 0.0274363 0.0277697 0.0281072 0.0284424 0.0287703 0.0290871 0.0293906 0.0296809 0.0299609 0.0302379 0.0305255 
-0.0385781 -0.0381827 -0.0378011 -0.0374137 -0.0370098 -0.0365842 -0.0361354 -0.0356648 -0.0351757 -0.0346727 -0.0341617 -0.0336493 -0.0331429 -0.0326512 -0.032184 -0.0317536 -0.0313764 -0.0310773 -0.0308993 -0.0309316 -0.0314134 -0.0332453 -0.0405356 -0.0486174 -0.0565408 -0.0640651 -0.0710941 -0.0775629 -0.0834078 -0.0885586 -0.0929378 -0.0964637 -0.0990541 -0.100632 -0.101132 -0.100505 -0.0987357 -0.095813 -0.0918144 -0.0875056 -0.083222 -0.0787582 -0.0738815 -0.0683622 -0.0619905 -0.0545873 -0.0460249 -0.0363202 -0.0261071 -0.0140127 -0.000193576 0.0148517 0.0306098 0.0469334 0.0635942 0.080255 0.0963473 0.112474 0.127775 0.14169 0.153706 0.163328 0.170105 0.174425 0.177089 0.178137 0.177565 0.175353 0.171511 0.166063 0.159052 0.150529 0.140553 0.129189 0.116512 0.10261 0.087613 0.0717626 0.0556522 0.0412147 0.0361313 0.0342258 0.0333927 0.0330457 0.0329683 0.0330599 0.0332655 0.033551 0.0338929 0.0342742 0.034681 0.0351022 0.0355283 0.0359515 0.0363652 0.0367647 0.0371475 0.0375135 0.0378666 0.0382158 0.0385781 
-0.0474359 -0.0469514 -0.0464835 -0.0460084 -0.0455131 -0.0449909 -0.0444403 -0.0438628 -0.0432625 -0.0426449 -0.0420172 -0.0413874 -0.0407649 -0.0401599 -0.0395845 -0.0390539 -0.0385879 -0.0382167 -0.0379919 -0.0380192 -0.038571 -0.0405705 -0.047361 -0.0550698 -0.0626966 -0.0699594 -0.0767422 -0.0829697 -0.0885729 -0.0934786 -0.097608 -0.100879 -0.10321 -0.104527 -0.104765 -0.103882 -0.101869 -0.0987197 -0.0945248 -0.0900525 -0.085556 -0.0808442 -0.0756959 -0.0698884 -0.063218 -0.055513 -0.0466621 -0.0367288 -0.026432 -0.0142059 -0.000229958 0.0149847 0.0309178 0.047412 0.0642283 0.0810134 0.0971668 0.113454 0.128958 0.143105 0.155376 0.165289 0.172406 0.177035 0.179989 0.181323 0.181042 0.179121 0.175568 0.17041 0.163687 0.155453 0.145769 0.134707 0.122347 0.108791 0.0941917 0.078831 0.0633734 0.0497941 0.0442518 0.0420266 0.0410358 0.0406234 0.0405359 0.0406533 0.0409092 0.0412622 0.0416839 0.0421532 0.0426536 0.0431713 0.0436947 0.0442143 0.044722 0.0452123 0.0456818 0.0461307 0.0465638 0.046992 0.0474359 
-0.0571794 -0.0565977 -0.0560354 -0.0554645 -0.054869 -0.0542413 -0.0535792 -0.0528847 -0.0521624 -0.0514191 -0.0506633 -0.0499047 -0.0491543 -0.0484245 -0.0477299 -0.0470883 -0.0465236 -0.0460714 -0.0457922 -0.0458078 -0.0464183 -0.0485379 -0.0548416 -0.0621552 -0.0694594 -0.0764354 -0.0829471 -0.0889088 -0.0942455 -0.098881 -0.102735 -0.105726 -0.107772 -0.108802 -0.108753 -0.107589 -0.105312 -0.101914 -0.0975029 -0.0928432 -0.0881097 -0.0831242 -0.0776771 -0.0715535 -0.0645562 -0.0565231 -0.0473622 -0.0371872 -0.0267875 -0.0144148 -0.000266825 0.0151335 0.0312581 0.0479389 0.0649257 0.0818483 0.0980785 0.114538 0.130266 0.144664 0.157216 0.167445 0.174929 0.179897 0.183169 0.184817 0.184854 0.183254 0.18002 0.17518 0.168774 0.160858 0.151496 0.140765 0.128752 0.115574 0.101406 0.0865667 0.0717797 0.0590023 0.0531066 0.0505789 0.0494309 0.0489538 0.048859 0.049007 0.0493196 0.0497478 0.0502577 0.0508243 0.0514277 0.0520514 0.0526816 0.0533069 0.0539177 0.0545072 0.0550717 0.0556114 0.0561319 0.0566464 0.0571794 
-0.0678974 -0.0672096 -0.0665441 -0.0658683 -0.0651634 -0.0644202 -0.0636363 -0.0628136 -0.0619577 -0.0610766 -0.0601802 -0.0592801 -0.0583891 -0.0575219 -0.0566956 -0.0559312 -0.0552565 -0.0547131 -0.0543704 -0.0543651 -0.055019 -0.0572095 -0.0630378 -0.0699341 -0.0768882 -0.0835497 -0.0897631 -0.0954318 -0.100475 -0.104812 -0.108363 -0.111045 -0.112778 -0.113492 -0.11313 -0.11166 -0.109093 -0.105425 -0.100774 -0.0959005 -0.090903 -0.0856156 -0.0798399 -0.0733695 -0.0660151 -0.0576255 -0.0481321 -0.0377009 -0.0271764 -0.0146406 -0.000303748 0.0152999 0.0316341 0.0485192 0.0656929 0.0827679 0.0990932 0.115741 0.13171 0.146384 0.159241 0.169815 0.177695 0.183033 0.186655 0.188647 0.189034 0.187785 0.184903 0.180413 0.174356 0.16679 0.157783 0.147414 0.135783 0.123017 0.109314 0.0950293 0.0809289 0.0689038 0.0627559 0.0599506 0.0586499 0.0581105 0.0580127 0.0581972 0.058574 0.059086 0.0596936 0.0603675 0.0610842 0.0618244 0.0625719 0.0633129 0.0640366 0.0647349 0.0654033 0.0660422 0.0666582 0.0672671 0.0678974 
-0.0796871 -0.0788836 -0.0781056 -0.0773152 -0.0764907 -0.0756214 -0.0747041 -0.0737412 -0.072739 -0.071707 -0.0706564 -0.0696008 -0.0685552 -0.0675366 -0.0665649 -0.0656643 -0.0648672 -0.0642208 -0.0638035 -0.0637657 -0.0644429 -0.0666538 -0.0720157 -0.0784727 -0.0850475 -0.0913645 -0.0972496 -0.102595 -0.107314 -0.111324 -0.114541 -0.116883 -0.118272 -0.118639 -0.117933 -0.116127 -0.113246 -0.109283 -0.104367 -0.0992489 -0.0939577 -0.088337 -0.0822001 -0.0753496 -0.0676053 -0.0588294 -0.0489797 -0.038276 -0.0276024 -0.0148846 -0.000340203 0.0154862 0.0320498 0.0491586 0.0665372 0.0837814 0.100223 0.117075 0.133308 0.148281 0.161471 0.17242 0.180729 0.186471 0.190477 0.192845 0.193617 0.192754 0.190258 0.186153 0.180481 0.173301 0.164682 0.154713 0.143498 0.131182 0.117981 0.104284 0.0908841 0.0795693 0.0732653 0.0702156 0.0687712 0.0681746 0.0680792 0.0683075 0.0687571 0.0693627 0.0700788 0.0708711 0.0717126 0.0725808 0.0734568 0.0743248 0.075172 0.0759891 0.0767711 0.0775184 0.0782389 0.0789508 0.0796871 
-0.0926558 -0.0917263 -0.0908254 -0.0899101 -0.088955 -0.0879478 -0.0868848 -0.0857686 -0.0846065 -0.083409 -0.0821894 -0.0809631 -0.0797474 -0.078562 -0.0774297 -0.0763782 -0.0754443 -0.0746812 -0.0741761 -0.0740907 -0.0747665 -0.0769465 -0.0818476 -0.0878432 -0.0940078 -0.0999477 -0.105472 -0.110462 -0.114824 -0.118471 -0.12132 -0.123288 -0.124298 -0.124286 -0.123203 -0.121032 -0.117808 -0.113522 -0.108311 -0.102916 -0.0972974 -0.0913089 -0.084775 -0.0775082 -0.0693389 -0.0601447 -0.049914 -0.0389192 -0.0280693 -0.0151483 -0.000375568 0.015695 0.0325096 0.0498632 0.0674666 0.0848991 0.10148 0.118556 0.135075 0.150375 0.163929 0.175286 0.184056 0.190239 0.194666 0.197447 0.198639 0.198201 0.19613 0.192449 0.1872 0.180444 0.172253 0.162722 0.151964 0.140136 0.127477 0.1144 0.101715 0.0910765 0.0847069 0.0814539 0.0798801 0.0792343 0.0791492 0.0794301 0.0799627 0.0806731 0.0815093 0.0824325 0.0834113 0.0844201 0.0854371 0.0864441 0.0874264 0.0883735 0.0892796 0.0901453 0.0909798 0.0918041 0.0926558 
-0.106921 -0.105855 -0.10482 -0.103768 -0.102671 -0.101513 -0.100291 -0.0990075 -0.0976703 -0.0962918 -0.0948869 -0.0934732 -0.0920705 -0.0907013 -0.0893914 -0.0881724 -0.0870855 -0.0861901 -0.085581 -0.0854294 -0.0860741 -0.0881713 -0.0926132 -0.0981247 -0.103846 -0.109374 -0.114501 -0.119099 -0.123067 -0.126316 -0.128759 -0.130315 -0.13091 -0.13048 -0.128985 -0.126415 -0.122818 -0.11818 -0.112641 -0.10693 -0.100948 -0.0945536 -0.0875837 -0.0798614 -0.0712293 -0.0615832 -0.0509448 -0.0396379 -0.0285815 -0.0154332 -0.000409123 0.0159291 0.0330184 0.05064 0.0684904 0.0861327 0.102881 0.120201 0.137031 0.152687 0.166638 0.178437 0.187706 0.194369 0.199257 0.202489 0.204143 0.204171 0.202567 0.199352 0.194569 0.188279 0.18056 0.171509 0.16125 0.149954 0.137877 0.125455 0.113497 0.10351 0.0971605 0.0937526 0.0920699 0.0913867 0.0913221 0.0916665 0.0922937 0.0931214 0.0940912 0.0951589 0.096289 0.0974522 0.0986237 0.0997829 0.100913 0.102002 0.103043 0.104038 0.104997 0.105944 0.106921 
-0.122614 -0.121398 -0.120217 -0.119017 -0.117764 -0.116443 -0.115047 -0.113581 -0.112052 -0.110476 -0.108868 -0.107248 -0.10564 -0.104068 -0.102562 -0.101157 -0.0998986 -0.0988525 -0.0981206 -0.0978797 -0.0984584 -0.10042 -0.1044 -0.109404 -0.114648 -0.119725 -0.124416 -0.128582 -0.132116 -0.134925 -0.136922 -0.138025 -0.138162 -0.137275 -0.135329 -0.132324 -0.12832 -0.123295 -0.117391 -0.111324 -0.104938 -0.0980957 -0.0906471 -0.0824269 -0.0732914 -0.0631578 -0.0520837 -0.0404401 -0.0291442 -0.0157413 -0.000440045 0.0161918 0.0335818 0.0514969 0.0696187 0.0874953 0.10444 0.12203 0.139198 0.155242 0.169624 0.181904 0.191711 0.198896 0.204288 0.208014 0.210173 0.210712 0.209622 0.206921 0.20265 0.196874 0.189672 0.181148 0.171435 0.160716 0.149265 0.137533 0.126314 0.116964 0.110714 0.107206 0.105442 0.104738 0.104707 0.105128 0.105864 0.106823 0.107941 0.109169 0.110465 0.111798 0.113139 0.114465 0.115756 0.117 0.118189 0.119325 0.120419 0.1215 0.122614 
-0.139875 -0.138497 -0.137158 -0.135796 -0.134375 -0.132874 -0.13129 -0.129624 -0.127886 -0.126093 -0.124263 -0.122418 -0.120584 -0.118789 -0.117065 -0.115453 -0.114003 -0.112785 -0.111907 -0.111549 -0.112022 -0.113796 -0.117304 -0.121775 -0.126505 -0.131091 -0.135302 -0.138992 -0.142048 -0.144372 -0.145877 -0.146482 -0.146117 -0.144729 -0.14229 -0.13881 -0.134364 -0.128914 -0.122604 -0.116134 -0.109298 -0.101962 -0.0939885 -0.0852245 -0.0755425 -0.0648837 -0.0533433 -0.041335 -0.0297631 -0.0160748 -0.000467426 0.0164867 0.034206 0.0524427 0.0708632 0.0890021 0.106178 0.124064 0.1416 0.158067 0.172919 0.185721 0.196107 0.203858 0.209802 0.214067 0.216779 0.21788 0.217354 0.215217 0.211511 0.206299 0.199666 0.19172 0.182603 0.172511 0.161731 0.150724 0.14026 0.131538 0.125465 0.121919 0.120108 0.119404 0.119424 0.119938 0.120798 0.121905 0.123189 0.124593 0.126073 0.127592 0.129118 0.130626 0.132093 0.133506 0.134856 0.136145 0.137387 0.138613 0.139875 
-0.158862 -0.157309 -0.155798 -0.15426 -0.152655 -0.15096 -0.14917 -0.147286 -0.145321 -0.143291 -0.141218 -0.139126 -0.137043 -0.135002 -0.133038 -0.131195 -0.129529 -0.128114 -0.127064 -0.126556 -0.126878 -0.128411 -0.131433 -0.135344 -0.13952 -0.143569 -0.147255 -0.150421 -0.152949 -0.154739 -0.155702 -0.155759 -0.154842 -0.152905 -0.149927 -0.14593 -0.141001 -0.135085 -0.128321 -0.121399 -0.114062 -0.106183 -0.0976337 -0.0882765 -0.0780019 -0.0667778 -0.0547381 -0.0423327 -0.0304448 -0.0164361 -0.000490287 0.016818 0.0348982 0.0534874 0.0722371 0.0906699 0.108115 0.126329 0.144266 0.161193 0.176557 0.189925 0.200934 0.209301 0.215846 0.220699 0.224017 0.225733 0.225826 0.22431 0.221224 0.216634 0.210625 0.203313 0.194848 0.185435 0.175374 0.16513 0.155436 0.147347 0.141522 0.138005 0.136188 0.135512 0.135605 0.13623 0.137234 0.138509 0.139976 0.141575 0.143257 0.144981 0.14671 0.148416 0.150076 0.151673 0.153198 0.154654 0.156056 0.157439 0.158862 
-0.179749 -0.178006 -0.176308 -0.174579 -0.172774 -0.170868 -0.168854 -0.166734 -0.16452 -0.162232 -0.159893 -0.157529 -0.155174 -0.152861 -0.150631 -0.148531 -0.146621 -0.144982 -0.143727 -0.143032 -0.143153 -0.144389 -0.146903 -0.150224 -0.153804 -0.157269 -0.160377 -0.162966 -0.164913 -0.166114 -0.166481 -0.165934 -0.164413 -0.161874 -0.158308 -0.153746 -0.14829 -0.141861 -0.134592 -0.127161 -0.119269 -0.110791 -0.101612 -0.0916083 -0.080692 -0.0688598 -0.0562843 -0.0434447 -0.0311969 -0.0168285 -0.00050761 0.0171903 0.0356664 0.0546426 0.0737556 0.0925184 0.110275 0.128853 0.147228 0.164656 0.180576 0.194557 0.206238 0.215271 0.222471 0.227967 0.231946 0.234337 0.23511 0.234275 0.231872 0.227964 0.222642 0.216025 0.20827 0.199593 0.190302 0.18086 0.171957 0.164511 0.159006 0.15559 0.153816 0.153202 0.153394 0.154155 0.155324 0.156787 0.15846 0.160276 0.16218 0.164127 0.166079 0.168002 0.169871 0.171668 0.173384 0.175021 0.176598 0.178152 0.179749 
-0.202724 -0.200775 -0.198875 -0.196939 -0.194918 -0.192783 -0.190525 -0.188148 -0.185664 -0.183095 -0.180464 -0.177804 -0.175149 -0.172536 -0.170011 -0.167625 -0.165441 -0.163544 -0.162048 -0.16112 -0.160985 -0.161869 -0.163846 -0.166542 -0.169482 -0.172309 -0.174783 -0.176737 -0.178043 -0.178596 -0.178306 -0.177097 -0.174911 -0.171714 -0.167505 -0.162328 -0.156296 -0.149302 -0.141469 -0.133468 -0.124962 -0.115825 -0.105956 -0.0952489 -0.0836385 -0.0711524 -0.0580003 -0.044684 -0.0320281 -0.0172556 -0.000518376 0.0176089 0.0365196 0.0559211 0.075436 0.0945699 0.112685 0.131667 0.150521 0.168495 0.18502 0.199665 0.212069 0.221823 0.229736 0.235932 0.240634 0.243762 0.245281 0.245196 0.243543 0.240386 0.235817 0.229961 0.222981 0.215101 0.206635 0.198036 0.189949 0.183167 0.178051 0.174811 0.173139 0.172628 0.172952 0.173876 0.175236 0.176912 0.178814 0.180869 0.183019 0.185212 0.187406 0.189566 0.191663 0.193678 0.1956 0.197434 0.199199 0.200938 0.202724 
-0.227996 -0.225826 -0.223707 -0.221547 -0.219291 -0.216908 -0.214387 -0.211731 -0.208953 -0.206077 -0.203129 -0.200144 -0.197159 -0.194217 -0.191365 -0.188659 -0.186166 -0.183972 -0.182192 -0.180981 -0.18053 -0.181002 -0.182408 -0.184439 -0.186688 -0.18882 -0.1906 -0.191855 -0.192455 -0.192293 -0.19128 -0.189343 -0.186429 -0.182512 -0.1776 -0.171752 -0.165091 -0.157473 -0.149012 -0.140374 -0.131187 -0.121325 -0.110702 -0.0992315 -0.086871 -0.0736814 -0.059907 -0.0460654 -0.0329486 -0.0177217 -0.000521623 0.0180794 0.0374682 0.057338 0.0772984 0.09685 0.115375 0.134809 0.154188 0.172756 0.189938 0.205303 0.218485 0.229019 0.237706 0.244663 0.250154 0.254089 0.256426 0.257164 0.256334 0.254002 0.250261 0.245238 0.239104 0.232086 0.224503 0.216793 0.209552 0.203464 0.198806 0.195822 0.194317 0.193959 0.194453 0.195574 0.197155 0.199073 0.201231 0.203551 0.20597 0.208432 0.210892 0.21331 0.215654 0.217905 0.220052 0.222099 0.224068 0.226008 0.227996 
-0.255796 -0.253387 -0.251032 -0.24863 -0.246121 -0.24347 -0.240663 -0.237704 -0.234608 -0.231397 -0.228104 -0.224763 -0.221417 -0.21811 -0.214896 -0.211833 -0.20899 -0.206457 -0.204344 -0.202792 -0.201961 -0.201959 -0.202748 -0.204071 -0.205574 -0.206949 -0.207967 -0.208453 -0.208276 -0.207326 -0.205518 -0.20278 -0.199068 -0.194362 -0.188683 -0.182103 -0.174753 -0.166447 -0.157287 -0.147939 -0.137998 -0.127341 -0.115896 -0.103595 -0.090424 -0.0764765 -0.0620284 -0.0476062 -0.0339698 -0.0182323 -0.000516508 0.0186086 0.0385242 0.0589107 0.079366 0.0993882 0.118382 0.138321 0.158275 0.177491 0.195388 0.211532 0.225552 0.236929 0.246455 0.254239 0.26059 0.265407 0.26864 0.27028 0.270356 0.26893 0.266096 0.261986 0.256773 0.250689 0.24405 0.237281 0.230922 0.225567 0.221438 0.218795 0.217529 0.217381 0.218092 0.219449 0.221286 0.223477 0.225922 0.228536 0.231252 0.234009 0.236758 0.239456 0.24207 0.244577 0.246966 0.249243 0.251433 0.253589 0.255796 
-0.286375 -0.283711 -0.281101 -0.278439 -0.275656 -0.272715 -0.269601 -0.266315 -0.262872 -0.259299 -0.255628 -0.251899 -0.248156 -0.244449 -0.240832 -0.23737 -0.234133 -0.231211 -0.228708 -0.226752 -0.225469 -0.224926 -0.225048 -0.22561 -0.226306 -0.226857 -0.227038 -0.226679 -0.225645 -0.223829 -0.221145 -0.217529 -0.212941 -0.207373 -0.200857 -0.193476 -0.185371 -0.176305 -0.166367 -0.15623 -0.145457 -0.133928 -0.121585 -0.108383 -0.0943374 -0.0795722 -0.0643917 -0.0493263 -0.0351055 -0.0187938 -0.000502385 0.0192037 0.0397013 0.0606593 0.0816657 0.102219 0.121745 0.14225 0.162838 0.182761 0.201435 0.218423 0.233345 0.245631 0.256066 0.264748 0.272034 0.277815 0.282028 0.284657 0.285727 0.285295 0.283458 0.280346 0.276137 0.271064 0.265439 0.259664 0.254234 0.249659 0.246135 0.243919 0.242972 0.243101 0.244083 0.245721 0.247855 0.250357 0.253121 0.256062 0.259104 0.262184 0.265249 0.268251 0.271157 0.27394 0.276591 0.279116 0.281545 0.283934 0.286375 
-0.320013 -0.317074 -0.314191 -0.311248 -0.308172 -0.304919 -0.301472 -0.297833 -0.294017 -0.29005 -0.285969 -0.281816 -0.277638 -0.273489 -0.269427 -0.265518 -0.261836 -0.258468 -0.255513 -0.253081 -0.25127 -0.250115 -0.249509 -0.249249 -0.249072 -0.248722 -0.247987 -0.246698 -0.244721 -0.24195 -0.238304 -0.233723 -0.228176 -0.221664 -0.214233 -0.205977 -0.197044 -0.187138 -0.176338 -0.165325 -0.153634 -0.141149 -0.127828 -0.11365 -0.0986577 -0.0830081 -0.0670284 -0.0512488 -0.0363714 -0.019414 -0.000478888 0.019873 0.0410152 0.0626071 0.0842289 0.105381 0.125512 0.146651 0.167938 0.188635 0.208155 0.226056 0.24195 0.255216 0.266635 0.27629 0.284593 0.291424 0.296709 0.300422 0.302582 0.303242 0.302497 0.300477 0.297362 0.293384 0.288846 0.284129 0.279681 0.275944 0.273103 0.271406 0.270866 0.271346 0.272662 0.274635 0.277112 0.279966 0.28309 0.286391 0.289793 0.293227 0.296634 0.299967 0.303188 0.30627 0.309203 0.311996 0.31468 0.317319 0.320013 
-0.357014 -0.353782 -0.350606 -0.347363 -0.343971 -0.340384 -0.33658 -0.33256 -0.32834 -0.323948 -0.319421 -0.314805 -0.310151 -0.305515 -0.30096 -0.296552 -0.292367 -0.28849 -0.285012 -0.282026 -0.279605 -0.277758 -0.276355 -0.275204 -0.274078 -0.272746 -0.271005 -0.268693 -0.265678 -0.261858 -0.257153 -0.251513 -0.244914 -0.237371 -0.22894 -0.219726 -0.209884 -0.199051 -0.187295 -0.175312 -0.16261 -0.149078 -0.134692 -0.119455 -0.103439 -0.0868301 -0.069975 -0.0534008 -0.0377862 -0.0201024 -0.000446004 0.0206257 0.0424843 0.0647817 0.0870925 0.108922 0.129737 0.151589 0.17365 0.195194 0.215633 0.234523 0.251465 0.265789 0.278271 0.288978 0.298387 0.306361 0.312817 0.317717 0.321071 0.322929 0.32338 0.322555 0.320632 0.31784 0.314471 0.310884 0.307481 0.30465 0.302576 0.301496 0.301457 0.302372 0.304092 0.306461 0.309336 0.31259 0.316114 0.319816 0.323613 0.327432 0.331214 0.334905 0.338465 0.341869 0.345105 0.348185 0.351145 0.354052 0.357014 
-0.397715 -0.39417 -0.390682 -0.387118 -0.383389 -0.379443 -0.375256 -0.370827 -0.366172 -0.361321 -0.356311 -0.351192 -0.346017 -0.340846 -0.335743 -0.330778 -0.326027 -0.321569 -0.317489 -0.313864 -0.310743 -0.308119 -0.305839 -0.303719 -0.30156 -0.299153 -0.29631 -0.292873 -0.288716 -0.283739 -0.277872 -0.271069 -0.263319 -0.254647 -0.245121 -0.234858 -0.224018 -0.212161 -0.199347 -0.186292 -0.172479 -0.157803 -0.142257 -0.125871 -0.108745 -0.0910917 -0.0732741 -0.0558143 -0.0393718 -0.0208705 -0.000404147 0.0214723 0.0441299 0.0672151 0.0902994 0.112894 0.134484 0.157137 0.180056 0.20253 0.223972 0.243934 0.262005 0.27747 0.2911 0.302945 0.313553 0.322772 0.330505 0.336703 0.341365 0.344535 0.346297 0.346779 0.346155 0.344648 0.34254 0.340163 0.337879 0.336031 0.334816 0.334455 0.335019 0.336461 0.338667 0.341502 0.344834 0.348541 0.352515 0.35666 0.36089 0.365131 0.369317 0.373395 0.377321 0.38107 0.384632 0.38802 0.391273 0.394466 0.397715 
-0.442487 -0.43861 -0.434789 -0.430882 -0.426794 -0.422465 -0.41787 -0.413003 -0.407882 -0.402534 -0.397003 -0.391337 -0.385593 -0.379833 -0.374125 -0.368539 -0.363149 -0.358033 -0.353264 -0.348905 -0.344988 -0.341492 -0.338246 -0.335068 -0.331781 -0.328198 -0.324143 -0.31947 -0.314056 -0.307809 -0.300663 -0.292585 -0.283572 -0.273664 -0.262941 -0.251528 -0.239591 -0.226605 -0.212624 -0.198386 -0.183353 -0.167425 -0.150616 -0.132981 -0.114649 -0.0958551 -0.0769754 -0.0585269 -0.0411539 -0.0217317 -0.000354206 0.022425 0.0459769 0.0699451 0.0939004 0.11736 0.139826 0.163381 0.187255 0.210751 0.233289 0.254414 0.273705 0.2904 0.305268 0.318343 0.330249 0.340822 0.349946 0.357562 0.363656 0.368263 0.37146 0.373371 0.374163 0.374052 0.373305 0.372228 0.371151 0.370374 0.370118 0.370584 0.371861 0.373931 0.376712 0.380091 0.383949 0.388169 0.392645 0.39728 0.401986 0.406686 0.411311 0.415805 0.420125 0.424244 0.428153 0.431868 0.435435 0.438933 0.442487 
-0.491735 -0.487508 -0.483334 -0.479064 -0.474594 -0.469859 -0.464828 -0.459494 -0.453873 -0.447994 -0.441899 -0.43564 -0.429276 -0.422871 -0.416494 -0.410216 -0.40411 -0.398248 -0.392695 -0.3875 -0.382682 -0.378211 -0.373898 -0.369559 -0.365038 -0.360166 -0.354783 -0.34875 -0.341953 -0.334308 -0.325758 -0.31628 -0.305884 -0.294623 -0.282587 -0.269913 -0.256772 -0.242542 -0.227274 -0.211734 -0.19536 -0.178064 -0.15988 -0.140886 -0.121238 -0.101193 -0.0811376 -0.0615831 -0.0431633 -0.0227024 -0.000297561 0.0234975 0.0480546 0.0730164 0.0979549 0.122395 0.145853 0.170423 0.19536 0.219986 0.243721 0.266111 0.286719 0.304743 0.320948 0.335349 0.348662 0.360703 0.371343 0.380506 0.388166 0.394345 0.399113 0.402585 0.404921 0.406327 0.407052 0.40738 0.407608 0.408003 0.408814 0.410224 0.412329 0.415138 0.418593 0.422603 0.427062 0.431862 0.436899 0.442075 0.447303 0.4525 0.457599 0.462541 0.467282 0.471796 0.476075 0.480139 0.484038 0.48786 0.491735 
-0.545909 -0.541312 -0.536767 -0.532113 -0.527239 -0.522073 -0.516581 -0.510751 -0.504598 -0.498149 -0.491448 -0.484549 -0.47751 -0.470399 -0.463285 -0.456238 -0.44933 -0.442627 -0.436186 -0.430045 -0.424212 -0.418652 -0.413159 -0.407546 -0.401672 -0.395387 -0.388543 -0.381014 -0.372697 -0.363515 -0.353423 -0.342409 -0.330497 -0.317752 -0.304278 -0.290221 -0.275756 -0.260158 -0.243473 -0.226499 -0.208656 -0.189864 -0.170178 -0.149702 -0.128614 -0.107193 -0.0858299 -0.0650356 -0.0454362 -0.0238022 -0.000236065 0.0247062 0.0503975 0.0764815 0.102533 0.128086 0.152665 0.178381 0.204507 0.230381 0.25543 0.279196 0.301231 0.320691 0.338339 0.354172 0.369005 0.38264 0.394929 0.405779 0.415149 0.423047 0.429533 0.434711 0.438731 0.441786 0.444108 0.445958 0.447603 0.449284 0.45128 0.453757 0.456816 0.460481 0.464719 0.469456 0.474601 0.480054 0.485715 0.491488 0.497284 0.503022 0.508631 0.514053 0.519243 0.524176 0.528847 0.53328 0.537531 0.541694 0.545909 
-0.6055 -0.600516 -0.59558 -0.590524 -0.585225 -0.579607 -0.573628 -0.567274 -0.560555 -0.553499 -0.54615 -0.538559 -0.53079 -0.522907 -0.514982 -0.507084 -0.499281 -0.491635 -0.484194 -0.476988 -0.470016 -0.463243 -0.456445 -0.449429 -0.44207 -0.434233 -0.425785 -0.416612 -0.406621 -0.39575 -0.383963 -0.371264 -0.357689 -0.343318 -0.328267 -0.312692 -0.296774 -0.27967 -0.261428 -0.242878 -0.223423 -0.202994 -0.181666 -0.159567 -0.136898 -0.113954 -0.0911345 -0.068947 -0.0480156 -0.0250538 -0.000171983 0.0260702 0.0530463 0.0804028 0.107719 0.134535 0.160386 0.187395 0.214854 0.242113 0.268606 0.293874 0.317457 0.338472 0.357678 0.375056 0.391534 0.406897 0.420978 0.433665 0.4449 0.454678 0.463041 0.470083 0.47594 0.480791 0.484849 0.488352 0.49154 0.494633 0.497943 0.501621 0.505766 0.510415 0.515551 0.521119 0.527042 0.533227 0.53958 0.546009 0.552425 0.558747 0.564904 0.570837 0.576504 0.58188 0.586965 0.591787 0.596408 0.600929 0.6055 
-0.67105 -0.665663 -0.660321 -0.654843 -0.649101 -0.64301 -0.63652 -0.629614 -0.622298 -0.614599 -0.606557 -0.598226 -0.589667 -0.580946 -0.572132 -0.563295 -0.554498 -0.545798 -0.537237 -0.528838 -0.520595 -0.512472 -0.504231 -0.49567 -0.486679 -0.477135 -0.466924 -0.455943 -0.444113 -0.431384 -0.417737 -0.403187 -0.387788 -0.371633 -0.354852 -0.33761 -0.320098 -0.30134 -0.281386 -0.261104 -0.239879 -0.217655 -0.194527 -0.170646 -0.146234 -0.121599 -0.0971489 -0.073392 -0.0509527 -0.0264847 -0.000107881 0.0276122 0.0560497 0.0848541 0.11361 0.141865 0.169159 0.197631 0.226586 0.255387 0.283474 0.310387 0.335653 0.358354 0.379245 0.398291 0.416549 0.433784 0.44981 0.464497 0.477767 0.489595 0.50001 0.509088 0.51695 0.523757 0.529704 0.535006 0.53988 0.544526 0.549291 0.554312 0.559683 0.56545 0.571609 0.57812 0.584918 0.591921 0.59904 0.606188 0.613276 0.620227 0.626969 0.633446 0.639616 0.645458 0.650977 0.656206 0.661214 0.666109 0.67105 
-0.743155 -0.737353 -0.731589 -0.725676 -0.719473 -0.712889 -0.705868 -0.698386 -0.690445 -0.682066 -0.67329 -0.664168 -0.65476 -0.64513 -0.635348 -0.625478 -0.615582 -0.605712 -0.595904 -0.586175 -0.576518 -0.566898 -0.55706 -0.546798 -0.536011 -0.524593 -0.512443 -0.499474 -0.485622 -0.470852 -0.45516 -0.438579 -0.421177 -0.403064 -0.384385 -0.365313 -0.346052 -0.325476 -0.303642 -0.281454 -0.258284 -0.234088 -0.208982 -0.183136 -0.156791 -0.130271 -0.10399 -0.0784594 -0.0543083 -0.028127 -4.6484e-05 0.0293598 0.0594654 0.0899235 0.120324 0.150219 0.179155 0.209286 0.239926 0.270449 0.300301 0.329019 0.356121 0.380656 0.403374 0.424223 0.444406 0.46367 0.481809 0.498671 0.514157 0.528223 0.540877 0.552177 0.562226 0.571167 0.579173 0.586437 0.593154 0.599507 0.605881 0.612396 0.619142 0.626168 0.633482 0.641054 0.648831 0.656741 0.664704 0.672634 0.68045 0.688073 0.695437 0.702487 0.709186 0.715516 0.721488 0.72714 0.732548 0.737832 0.743155 
-0.82247 -0.816244 -0.810048 -0.803686 -0.797011 -0.78992 -0.78235 -0.77427 -0.765677 -0.756588 -0.747038 -0.737077 -0.72676 -0.716153 -0.705319 -0.694321 -0.683218 -0.672055 -0.660866 -0.649664 -0.63844 -0.627162 -0.615563 -0.603426 -0.590665 -0.577186 -0.562905 -0.547751 -0.531676 -0.514663 -0.496725 -0.477912 -0.458312 -0.43805 -0.417284 -0.396204 -0.375023 -0.35245 -0.32855 -0.304264 -0.278952 -0.252583 -0.225291 -0.197268 -0.168773 -0.140141 -0.111796 -0.0842557 -0.0581549 -0.0300185 9.49371e-06 0.0313461 0.0633627 0.0957159 0.128 0.159772 0.190581 0.222596 0.255139 0.287591 0.319404 0.350112 0.379225 0.405759 0.430462 0.453264 0.475532 0.496995 0.517428 0.536655 0.554554 0.57106 0.586157 0.599882 0.612317 0.623584 0.633835 0.64324 0.651975 0.660203 0.668351 0.676521 0.684798 0.693231 0.701836 0.710592 0.719457 0.728368 0.737252 0.746031 0.754627 0.762967 0.770988 0.77864 0.785889 0.792725 0.799164 0.805252 0.811074 0.816755 0.82247 
-0.909718 -0.903061 -0.896427 -0.88961 -0.882453 -0.874846 -0.866715 -0.858022 -0.848756 -0.838929 -0.828571 -0.817725 -0.806445 -0.794791 -0.782823 -0.770602 -0.75818 -0.7456 -0.732891 -0.720065 -0.707112 -0.694006 -0.680464 -0.666266 -0.651334 -0.635592 -0.61897 -0.601414 -0.582898 -0.563419 -0.543013 -0.521749 -0.499734 -0.47711 -0.454053 -0.430767 -0.407478 -0.382709 -0.356536 -0.329935 -0.302257 -0.273484 -0.243771 -0.213325 -0.182424 -0.151417 -0.120737 -0.0909084 -0.0625788 -0.0322041 5.75349e-05 0.0336113 0.067825 0.102357 0.136805 0.17073 0.20368 0.237842 0.272541 0.307163 0.341163 0.374074 0.405397 0.434119 0.460984 0.485906 0.510436 0.534286 0.55721 0.579009 0.599536 0.618699 0.636459 0.652829 0.667867 0.681671 0.69437 0.706113 0.717054 0.727341 0.737438 0.747433 0.757402 0.767395 0.777431 0.787497 0.79756 0.807566 0.81745 0.827141 0.836569 0.845667 0.854376 0.862652 0.870471 0.877826 0.884743 0.891276 0.897519 0.903606 0.909718 
-1.00569 -0.998605 -0.991533 -0.984259 -0.976619 -0.968492 -0.959795 -0.95048 -0.940528 -0.929943 -0.918748 -0.906979 -0.894686 -0.881921 -0.868742 -0.855203 -0.841352 -0.827229 -0.812859 -0.798253 -0.783403 -0.768288 -0.752611 -0.736149 -0.718835 -0.700608 -0.681415 -0.661224 -0.640024 -0.617838 -0.594721 -0.570763 -0.546093 -0.520873 -0.495297 -0.469586 -0.44398 -0.416794 -0.388114 -0.358953 -0.328654 -0.297212 -0.2648 -0.231645 -0.19804 -0.164348 -0.131013 -0.0985711 -0.0676839 -0.034737 9.54968e-05 0.0362049 0.072953 0.109999 0.146941 0.183342 0.218748 0.255364 0.292514 0.329585 0.366035 0.401396 0.435159 0.466285 0.495514 0.522744 0.549734 0.576179 0.601811 0.626406 0.649792 0.671849 0.692512 0.711764 0.729638 0.746207 0.761575 0.775867 0.789219 0.801762 0.813995 0.82599 0.837818 0.849525 0.861132 0.872633 0.884003 0.895195 0.906155 0.91682 0.927126 0.937016 0.946439 0.955359 0.963758 0.971641 0.979041 0.986023 0.992689 0.999181 1.00569 
-1.11126 -1.10376 -1.09625 -1.08853 -1.08041 -1.07177 -1.06251 -1.05258 -1.04194 -1.03058 -1.01853 -1.00581 -0.992463 -0.978533 -0.964071 -0.949126 -0.933742 -0.917952 -0.901781 -0.885238 -0.868319 -0.851005 -0.83299 -0.814049 -0.794126 -0.773176 -0.751166 -0.728082 -0.703937 -0.678778 -0.652681 -0.625763 -0.598173 -0.570098 -0.54175 -0.51337 -0.485212 -0.455361 -0.423909 -0.391907 -0.358693 -0.324273 -0.28884 -0.252638 -0.215977 -0.179236 -0.14287 -0.10743 -0.0735952 -0.0376808 0.000121771 0.0391873 0.0788691 0.118824 0.158651 0.19791 0.236144 0.275572 0.315517 0.355365 0.394573 0.43267 0.469139 0.502919 0.534743 0.564494 0.594166 0.623438 0.652017 0.679657 0.706156 0.731364 0.755186 0.777577 0.79854 0.818119 0.836392 0.853461 0.869441 0.884448 0.899009 0.913186 0.927039 0.940613 0.953929 0.966986 0.979765 0.992229 1.00433 1.01602 1.02725 1.03796 1.04811 1.05768 1.06667 1.07508 1.08296 1.09039 1.09747 1.10436 1.11126 
-1.22738 -1.21948 -1.21157 -1.20341 -1.19484 -1.1857 -1.17589 -1.16535 -1.15403 -1.14191 -1.129 -1.11531 -1.10088 -1.08575 -1.06994 -1.05352 -1.0365 -1.01893 -1.00083 -0.982193 -0.96303 -0.943324 -0.922761 -0.901114 -0.878342 -0.854415 -0.829321 -0.803068 -0.775695 -0.747271 -0.717901 -0.687728 -0.656926 -0.625706 -0.594304 -0.56298 -0.532009 -0.499208 -0.464684 -0.429517 -0.393043 -0.355285 -0.316451 -0.276805 -0.236673 -0.19645 -0.156607 -0.117712 -0.0804647 -0.0411119 0.000135412 0.0426331 0.085723 0.129057 0.172231 0.214799 0.2563 0.298966 0.342111 0.38512 0.427446 0.468614 0.508101 0.544824 0.579509 0.612026 0.644634 0.676992 0.708787 0.739744 0.769632 0.798271 0.825532 0.851337 0.875658 0.898509 0.91994 0.940026 0.958861 0.976546 0.993635 1.01017 1.02622 1.0418 1.05696 1.07168 1.08596 1.09977 1.11307 1.12583 1.138 1.14954 1.16043 1.17066 1.18022 1.18915 1.1975 1.20535 1.21284 1.22012 1.22738 
-1.35512 -1.34686 -1.33856 -1.33001 -1.321 -1.3114 -1.30107 -1.28995 -1.27798 -1.26512 -1.25136 -1.23671 -1.22119 -1.20483 -1.18764 -1.16968 -1.15096 -1.13151 -1.11134 -1.09048 -1.0689 -1.04661 -1.02329 -0.998704 -0.972832 -0.945662 -0.917201 -0.887483 -0.856573 -0.824569 -0.791605 -0.757851 -0.723512 -0.688825 -0.654051 -0.619474 -0.58539 -0.549316 -0.51137 -0.472661 -0.432527 -0.391005 -0.348322 -0.30476 -0.260663 -0.216443 -0.172592 -0.129695 -0.0884782 -0.0451233 0.000136227 0.0466346 0.0936987 0.140973 0.188043 0.23446 0.27975 0.326157 0.372982 0.419604 0.465473 0.510107 0.552975 0.59298 0.630837 0.666401 0.702234 0.737973 0.773284 0.807861 0.841444 0.873818 0.904819 0.934334 0.9623 0.988699 1.01355 1.0369 1.05883 1.07941 1.09922 1.11829 1.13668 1.15441 1.17152 1.188 1.20386 1.21907 1.23361 1.24745 1.26058 1.27295 1.28457 1.29542 1.30554 1.31496 1.32375 1.33202 1.33988 1.34751 1.35512 
-1.49563 -1.48705 -1.47843 -1.46952 -1.46013 -1.45011 -1.43932 -1.42767 -1.41509 -1.40153 -1.38697 -1.37139 -1.3548 -1.33721 -1.31864 -1.29911 -1.27863 -1.25723 -1.23491 -1.21168 -1.18754 -1.16249 -1.13619 -1.10844 -1.07921 -1.04852 -1.0164 -0.982901 -0.948124 -0.912198 -0.875286 -0.837593 -0.799355 -0.760839 -0.722335 -0.684153 -0.646614 -0.606892 -0.565119 -0.522427 -0.47816 -0.43237 -0.385304 -0.337263 -0.28861 -0.239779 -0.19128 -0.143724 -0.0978655 -0.0498296 0.000124822 0.0513068 0.103025 0.15491 0.206538 0.257446 0.307152 0.357899 0.408974 0.459748 0.509662 0.558228 0.604907 0.648591 0.68998 0.72892 0.76831 0.807768 0.846933 0.88547 0.923084 0.959525 0.994591 1.02813 1.06005 1.09028 1.11882 1.1457 1.17094 1.19463 1.21735 1.23912 1.25998 1.27997 1.29912 1.31742 1.3349 1.35154 1.36733 1.38226 1.39632 1.4095 1.4218 1.43326 1.44389 1.45376 1.46295 1.47158 1.47978 1.48773 1.49563 
-1.6502 -1.64137 -1.63248 -1.62329 -1.61359 -1.60322 -1.59204 -1.57994 -1.56683 -1.55265 -1.53736 -1.52092 -1.50332 -1.48455 -1.46462 -1.44352 -1.42128 -1.39789 -1.37335 -1.34767 -1.32084 -1.29286 -1.2634 -1.23226 -1.19943 -1.16494 -1.12885 -1.09124 -1.05225 -1.01203 -0.970786 -0.928757 -0.886216 -0.843462 -0.800821 -0.758631 -0.717241 -0.673437 -0.627362 -0.580165 -0.531203 -0.480546 -0.428458 -0.375263 -0.321344 -0.267159 -0.213242 -0.160231 -0.108914 -0.0553732 0.000102615 0.0567939 0.113986 0.171293 0.228274 0.284452 0.339326 0.395133 0.45114 0.506707 0.561265 0.614317 0.665315 0.713146 0.758493 0.80119 0.844524 0.888088 0.931491 0.974368 1.01639 1.05726 1.09674 1.13464 1.17082 1.20518 1.23769 1.26832 1.29712 1.32411 1.3499 1.3745 1.39794 1.42026 1.44149 1.46165 1.48075 1.4988 1.51581 1.53179 1.54673 1.56066 1.5736 1.58558 1.59666 1.60692 1.61645 1.62538 1.63385 1.64206 1.6502 
-1.82022 -1.81124 -1.80218 -1.79279 -1.78288 -1.77227 -1.76081 -1.74836 -1.73484 -1.72016 -1.70424 -1.68705 -1.66855 -1.6487 -1.62749 -1.60491 -1.58094 -1.55558 -1.52882 -1.50064 -1.47104 -1.44001 -1.40724 -1.3725 -1.33584 -1.29728 -1.25692 -1.21487 -1.17129 -1.12638 -1.08039 -1.03359 -0.98629 -0.938839 -0.891594 -0.84493 -0.799229 -0.750833 -0.699895 -0.647574 -0.593247 -0.537001 -0.479122 -0.419956 -0.359912 -0.299471 -0.239198 -0.179761 -0.121985 -0.0619337 7.17944e-05 0.0632784 0.126944 0.190658 0.253959 0.316348 0.377305 0.439041 0.500803 0.561933 0.621851 0.68005 0.735974 0.788508 0.838314 0.885218 0.932946 0.981063 1.02915 1.07679 1.12363 1.16933 1.2136 1.2562 1.29697 1.33575 1.37248 1.40711 1.43965 1.47011 1.4991 1.5266 1.55267 1.57734 1.60065 1.62263 1.64331 1.66271 1.68086 1.69779 1.71353 1.7281 1.74157 1.75399 1.76542 1.77597 1.78575 1.79489 1.80355 1.81193 1.82022 
-2.00724 -1.99824 -1.98913 -1.97968 -1.96968 -1.95896 -1.94736 -1.93473 -1.92095 -1.90592 -1.88956 -1.8718 -1.85256 -1.8318 -1.80947 -1.78555 -1.75999 -1.73276 -1.70384 -1.67321 -1.64083 -1.6067 -1.5705 -1.53203 -1.49133 -1.44847 -1.40355 -1.35672 -1.30818 -1.25816 -1.20697 -1.15491 -1.10235 -1.04968 -0.99729 -0.945612 -0.89506 -0.841469 -0.785 -0.726813 -0.666312 -0.603605 -0.539001 -0.47287 -0.405649 -0.33785 -0.270069 -0.203011 -0.137544 -0.0697407 3.52488e-05 0.0709933 0.142358 0.213689 0.284495 0.354248 0.422405 0.491129 0.559644 0.627272 0.693416 0.757558 0.819134 0.877035 0.931898 0.98354 1.03619 1.08938 1.14265 1.19555 1.24766 1.29862 1.34807 1.39575 1.44141 1.48489 1.52608 1.56489 1.60132 1.63536 1.66759 1.69802 1.72669 1.75365 1.77895 1.80264 1.82476 1.84537 1.86452 1.88225 1.89862 1.91369 1.92754 1.94024 1.95189 1.96261 1.97251 1.98175 1.99048 1.99891 2.00724 
-2.21296 -2.2041 -2.1951 -2.18575 -2.17584 -2.1652 -2.15364 -2.14102 -2.12721 -2.11207 -2.09551 -2.07742 -2.05771 -2.0363 -2.01312 -1.98811 -1.96119 -1.93232 -1.90143 -1.86849 -1.83344 -1.79625 -1.75662 -1.71436 -1.66951 -1.62216 -1.57243 -1.5205 -1.46662 -1.41107 -1.35419 -1.29634 -1.23795 -1.17945 -1.1213 -1.06397 -1.00793 -0.948422 -0.885619 -0.820668 -0.753008 -0.682773 -0.610298 -0.535979 -0.460286 -0.383764 -0.307049 -0.230886 -0.156189 -0.0790913 -3.56855e-06 0.0802398 0.160824 0.241268 0.321043 0.399587 0.476323 0.553341 0.629834 0.705101 0.778527 0.84958 0.917689 0.98176 1.0424 1.09941 1.1576 1.21648 1.27551 1.33422 1.39213 1.4488 1.50385 1.55694 1.60781 1.65623 1.70205 1.74516 1.78554 1.82317 1.85861 1.89186 1.92298 1.95205 1.97913 2.00431 2.02765 2.04922 2.06912 2.08741 2.10418 2.11953 2.13354 2.14633 2.15801 2.16871 2.17857 2.18775 2.19641 2.20475 2.21296 
-2.43926 -2.43073 -2.42205 -2.41301 -2.40341 -2.39306 -2.38181 -2.36947 -2.35591 -2.34098 -2.32455 -2.30649 -2.28668 -2.26502 -2.24139 -2.21568 -2.18781 -2.15768 -2.12519 -2.09027 -2.05283 -2.0128 -1.96989 -1.92392 -1.87492 -1.82299 -1.76828 -1.711 -1.65143 -1.58991 -1.52683 -1.46261 -1.39774 -1.33272 -1.26807 -1.20434 -1.14203 -1.07573 -1.00561 -0.932793 -0.856759 -0.777675 -0.695902 -0.611871 -0.526088 -0.439139 -0.351701 -0.264569 -0.178708 -0.0903749 -4.08589e-05 0.0914101 0.183117 0.274548 0.365125 0.454242 0.541283 0.628219 0.714213 0.798534 0.880548 0.959705 1.03543 1.10665 1.17394 1.23708 1.30158 1.36685 1.43234 1.49748 1.56174 1.62462 1.68569 1.74454 1.80085 1.85436 1.90488 1.9523 1.99655 2.03762 2.07605 2.11185 2.14512 2.17595 2.20444 2.23072 2.25488 2.27704 2.29732 2.31581 2.33266 2.34796 2.36185 2.37446 2.38592 2.39638 2.40598 2.41489 2.42328 2.43134 2.43926 
-2.68819 -2.68024 -2.67212 -2.66365 -2.65463 -2.64489 -2.63425 -2.62255 -2.60962 -2.59531 -2.57945 -2.56192 -2.54254 -2.52117 -2.49768 -2.47191 -2.44371 -2.41295 -2.37948 -2.34317 -2.30388 -2.2615 -2.21573 -2.16636 -2.11343 -2.05703 -1.99731 -1.93454 -1.869 -1.8011 -1.73128 -1.66006 -1.58797 -1.51562 -1.4436 -1.37253 -1.30301 -1.22883 -1.15017 -1.06809 -0.982144 -0.892537 -0.799661 -0.703986 -0.606061 -0.50652 -0.406093 -0.305626 -0.206137 -0.104105 -7.28348e-05 0.105019 0.210256 0.315043 0.41874 0.520689 0.620219 0.719131 0.81655 0.911715 1.00397 1.09273 1.17744 1.25705 1.33206 1.40229 1.474 1.54655 1.61929 1.69159 1.76283 1.83244 1.89991 1.96478 2.02667 2.08529 2.14042 2.19191 2.23972 2.28385 2.32479 2.3626 2.39742 2.4294 2.4587 2.48546 2.50986 2.53204 2.55215 2.57036 2.58681 2.60164 2.61502 2.62709 2.638 2.64791 2.65698 2.66537 2.67325 2.68079 2.68819 
-2.96201 -2.95493 -2.94769 -2.9401 -2.932 -2.92323 -2.9136 -2.90297 -2.89116 -2.878 -2.86333 -2.84697 -2.82874 -2.80847 -2.78597 -2.76103 -2.73347 -2.70308 -2.66965 -2.63297 -2.59283 -2.54902 -2.50122 -2.4492 -2.39293 -2.33249 -2.26803 -2.19981 -2.12817 -2.05356 -1.97648 -1.89755 -1.81739 -1.73671 -1.65622 -1.57664 -1.49869 -1.41522 -1.32641 -1.23325 -1.13539 -1.03308 -0.926746 -0.816919 -0.7042 -0.589281 -0.47295 -0.35611 -0.239834 -0.120952 -9.62604e-05 0.121734 0.243569 0.364733 0.484515 0.602189 0.717022 0.830566 0.941903 1.05024 1.15488 1.25522 1.35068 1.44029 1.52445 1.60299 1.68309 1.76401 1.84498 1.92528 2.00419 2.08104 2.15524 2.22626 2.29368 2.35715 2.41644 2.47143 2.52208 2.56843 2.61096 2.64981 2.68519 2.71732 2.74644 2.77277 2.79651 2.81788 2.83707 2.85429 2.86971 2.8835 2.89585 2.90692 2.91686 2.92585 2.93404 2.94159 2.94866 2.95541 2.96201 
-3.26321 -3.25734 -3.25132 -3.245 -3.23822 -3.23085 -3.22273 -3.21371 -3.20362 -3.19231 -3.17959 -3.16529 -3.1492 -3.13111 -3.11081 -3.08806 -3.06259 -3.03413 -3.00239 -2.96706 -2.9278 -2.88427 -2.83606 -2.78286 -2.72454 -2.6611 -2.59266 -2.51946 -2.44187 -2.36037 -2.27556 -2.18813 -2.09885 -2.00857 -1.91813 -1.82843 -1.74033 -1.6456 -1.54438 -1.4376 -1.32505 -1.20703 -1.08405 -0.956715 -0.825694 -0.691751 -0.555739 -0.418617 -0.281499 -0.141753 -0.000109059 0.142384 0.284704 0.426092 0.56576 0.702903 0.836719 0.968399 1.09699 1.22164 1.34161 1.45627 1.56498 1.66684 1.76214 1.8507 1.94081 2.03156 2.12206 2.21141 2.29876 2.38334 2.46443 2.54146 2.61394 2.68151 2.74395 2.80117 2.8532 2.90019 2.94263 2.9808 3.01505 3.04572 3.07313 3.09758 3.11936 3.13874 3.15595 3.17122 3.18476 3.19677 3.20743 3.21691 3.22537 3.23298 3.23988 3.24621 3.25211 3.25773 3.26321 
-3.59453 -3.59025 -3.58584 -3.5812 -3.5762 -3.57074 -3.5647 -3.55794 -3.55032 -3.54171 -3.53194 -3.52083 -3.50819 -3.4938 -3.47744 -3.45883 -3.43767 -3.41363 -3.38631 -3.35527 -3.32 -3.27995 -3.23445 -3.18298 -3.12519 -3.06094 -2.99024 -2.91329 -2.83044 -2.74223 -2.64931 -2.55248 -2.45266 -2.35087 -2.24821 -2.14581 -2.04482 -1.93559 -1.81836 -1.69397 -1.56246 -1.42429 -1.28009 -1.13057 -0.976518 -0.818772 -0.658242 -0.495917 -0.33291 -0.167369 -0.000109886 0.16781 0.335359 0.501712 0.666019 0.827415 0.98503 1.13956 1.29002 1.4355 1.57518 1.70833 1.83422 1.95196 2.06162 2.16298 2.26568 2.36856 2.47046 2.57029 2.66701 2.7597 2.84754 2.92989 3.00623 3.07621 3.13966 3.19657 3.24712 3.29167 3.33087 3.36529 3.39551 3.42203 3.4453 3.46571 3.48361 3.4993 3.51304 3.52509 3.53565 3.54491 3.55305 3.56023 3.56659 3.57227 3.57739 3.58206 3.58641 3.59053 3.59453 
-3.95898 -3.95667 -3.95428 -3.95176 -3.94903 -3.94603 -3.94269 -3.93893 -3.93466 -3.92978 -3.92417 -3.91771 -3.91027 -3.90166 -3.8917 -3.88016 -3.86676 -3.85118 -3.83298 -3.81165 -3.78649 -3.75649 -3.7201 -3.67615 -3.62393 -3.56313 -3.49365 -3.41563 -3.32938 -3.23537 -3.13426 -3.0269 -2.91428 -2.79762 -2.6783 -2.55785 -2.43793 -2.30732 -2.1667 -2.01716 -1.85924 -1.69373 -1.52147 -1.3433 -1.16009 -0.972708 -0.782036 -0.588996 -0.394575 -0.198 -9.06607e-05 0.198202 0.395948 0.592338 0.786546 0.977728 1.16502 1.34849 1.52718 1.7002 1.86663 2.02556 2.17608 2.31707 2.44802 2.56819 2.68882 2.80826 2.92496 3.03753 3.14478 3.24569 3.33942 3.42533 3.50295 3.57195 3.63224 3.6839 3.72727 3.76306 3.79253 3.81717 3.83802 3.85575 3.8709 3.88388 3.89503 3.90462 3.91288 3.92 3.92616 3.93149 3.93612 3.94016 3.94371 3.94685 3.94966 3.95222 3.95458 3.95682 3.95898 
-4.35988 -4.35988 -4.35988 -4.35988 -4.35988 -4.35988 -4.35988 -4.35988 -4.35988 -4.35988 -4.35988 -4.35988 -4.35988 -4.35988 -4.35988 -4.35988 -4.35988 -4.35988 -4.35988 -4.35988 -4.35988 -4.35744 -4.3436 -4.31756 -4.27938 -4.22918 -4.16709 -4.0933 -4.00801 -3.91146 -3.80391 -3.68568 -3.55709 -3.41851 -3.27032 -3.11295 -2.94683 -2.77242 -2.59023 -2.40076 -2.20455 -2.00214 -1.7941 -1.58103 -1.36351 -1.14216 -0.917605 -0.69047 -0.461394 -0.231021 0 0.231021 0.461394 0.69047 0.917605 1.14216 1.36351 1.58103 1.7941 2.00214 2.20455 2.40076 2.59023 2.77242 2.94683 3.11295 3.27032 3.41851 3.55709 3.68568 3.80391 3.91146 4.00801 4.0933 4.16709 4.22918 4.27938 4.31756 4.3436 4.35744 4.35988 4.35988 4.35988 4.35988 4.35988 4.35988 4.35988 4.35988 4.35988 4.35988 4.35988 4.35988 4.35988 4.35988 4.35988 4.35988 4.35988 4.35988 4.35988 4.35988 4.35988 
