-0 4.52835e-13 -1.72225e-12 -3.06982e-12 -1.94623e-12 1.15601e-12 2.91431e-12 8.76789e-13 -1.37438e-12 -1.52272e-12 -0.000272196 1010.15 0 0 0 4.54747e-13 -4.54747e-13 0 0 0 0 0 0 0 0 0 0 0 0 0 0 0 0 -2.27374e-13 0 0 0 4.54747e-13 -4.54747e-13 1010.15 -0.000272196 1.52272e-12 1.37438e-12 -8.76789e-13 -2.91431e-12 -1.15601e-12 1.94623e-12 3.06982e-12 1.72225e-12 -4.52835e-13 0 
-11.2876 -12.1013 -14.9282 -19.0379 -24.3163 -30.974 -39.3316 -49.2523 -56.396 -41.9101 25.1665 549.637 -411.359 -428.346 -175.514 -91.2227 -159.847 -228.763 -279.044 -340.611 -438.753 -619.125 -924.548 -1069.28 -5335.02 -14079.2 -5335.02 -1069.28 -924.548 -619.125 -438.753 -340.611 -279.044 -228.763 -159.847 -91.2227 -175.514 -428.346 -411.359 549.637 25.1665 -41.9101 -56.396 -49.2523 -39.3316 -30.974 -24.3163 -19.0379 -14.9282 -12.1013 -11.2876 
-21.0074 -22.5176 -27.5729 -34.8901 -44.3089 -56.2058 -71.0081 -88.3361 -101.387 -80.3287 31.2917 390.514 -511.068 -674.314 -505.881 -426.828 -545.181 -703.405 -887.095 -1148.38 -1559.45 -2293.08 -3683.1 -5856.96 -13180.8 -21544.5 -13180.8 -5856.96 -3683.1 -2293.08 -1559.45 -1148.38 -887.095 -703.405 -545.181 -426.828 -505.881 -674.314 -511.068 390.514 31.2917 -80.3287 -101.387 -88.3361 -71.0081 -56.2058 -44.3089 -34.8901 -27.5729 -22.5176 -21.0074 
-29.4589 -31.5651 -38.5532 -48.7081 -61.8023 -78.3561 -98.981 -123.171 -140.861 -111.601 5.68935 156.196 -652.358 -897.973 -758.321 -680.087 -840.383 -1062.45 -1334.31 -1727.63 -2345.03 -3423.17 -5357.37 -8293.58 -16885.6 -26368.4 -16885.6 -8293.58 -5357.37 -3423.17 -2345.03 -1727.63 -1334.31 -1062.45 -840.383 -680.087 -758.321 -897.973 -652.358 156.196 5.68935 -111.601 -140.861 -123.171 -98.981 -78.3561 -61.8023 -48.7081 -38.5532 -31.5651 -29.4589 
-36.7463 -39.3567 -47.8822 -60.3807 -76.5217 -96.9342 -122.402 -152.244 -172.929 -136.26 -23.7119 -21.7035 -787.898 -1103.6 -951.341 -884.254 -1085.71 -1360.37 -1706.34 -2213.03 -3010.09 -4377.86 -6748.76 -10477.6 -19500.3 -27543.6 -19500.3 -10477.6 -6748.76 -4377.86 -3010.09 -2213.03 -1706.34 -1360.37 -1085.71 -884.254 -951.341 -1103.6 -787.898 -21.7035 -23.7119 -136.26 -172.929 -152.244 -122.402 -96.9342 -76.5217 -60.3807 -47.8822 -39.3567 -36.7463 
-43.0297 -46.0718 -55.8064 -70.2474 -88.9626 -112.625 -142.237 -176.791 -198.751 -157.576 -68.3278 -184.901 -917.052 -1270.75 -1103.81 -1061.65 -1299.31 -1616.49 -2025.44 -2626.33 -3565.18 -5130.65 -7740.68 -11862.1 -20309.3 -27020.5 -20309.3 -11862.1 -7740.68 -5130.65 -3565.18 -2626.33 -2025.44 -1616.49 -1299.31 -1061.65 -1103.81 -1270.75 -917.052 -184.901 -68.3278 -157.576 -198.751 -176.791 -142.237 -112.625 -88.9626 -70.2474 -55.8064 -46.0718 -43.0297 
-48.4668 -51.8443 -62.5479 -78.6269 -99.4728 -125.924 -159.183 -197.633 -219.92 -178.158 -121.874 -331.498 -1038.13 -1394.19 -1215.61 -1208.78 -1476.38 -1825.24 -2282.7 -2954.02 -3987.88 -5655.66 -8356.31 -12627.8 -20039 -25100.8 -20039 -12627.8 -8356.31 -5655.66 -3987.88 -2954.02 -2282.7 -1825.24 -1476.38 -1208.78 -1215.61 -1394.19 -1038.13 -331.498 -121.874 -178.158 -219.92 -197.633 -159.183 -125.924 -99.4728 -78.6269 -62.5479 -51.8443 -48.4668 
-53.1692 -56.8374 -68.331 -85.7567 -108.425 -137.291 -173.821 -215.545 -237.727 -199.9 -181.814 -461.725 -1145.1 -1473.34 -1293.13 -1328.52 -1618.63 -1988.69 -2480.57 -3197.03 -4278.13 -5966.08 -8641.07 -12796 -18891.7 -22543.2 -18891.7 -12796 -8641.07 -5966.08 -4278.13 -3197.03 -2480.57 -1988.69 -1618.63 -1328.52 -1293.13 -1473.34 -1145.1 -461.725 -181.814 -199.9 -237.727 -215.545 -173.821 -137.291 -108.425 -85.7567 -68.331 -56.8374 -53.1692 
-57.2458 -61.1394 -73.3036 -91.8263 -116.011 -146.982 -186.429 -230.666 -252.389 -222.353 -244.394 -578.402 -1235.33 -1509.75 -1342.87 -1421.88 -1725.58 -2107.21 -2618.67 -3353.15 -4434.31 -6075.95 -8635.12 -12449.5 -17192.9 -19679 -17192.9 -12449.5 -8635.12 -6075.95 -4434.31 -3353.15 -2618.67 -2107.21 -1725.58 -1421.88 -1342.87 -1509.75 -1235.33 -578.402 -244.394 -222.353 -252.389 -230.666 -186.429 -146.982 -116.011 -91.8263 -73.3036 -61.1394 -57.2458 
-60.7584 -64.8179 -77.5235 -96.8882 -122.281 -155.045 -197.019 -242.828 -263.946 -245.178 -307.791 -684.344 -1304.49 -1506.16 -1368.88 -1488.13 -1796.52 -2180.15 -2694.83 -3419.07 -4459.05 -6009.44 -8378.82 -11680 -15181.8 -16811.9 -15181.8 -11680 -8378.82 -6009.44 -4459.05 -3419.07 -2694.83 -2180.15 -1796.52 -1488.13 -1368.88 -1506.16 -1304.49 -684.344 -307.791 -245.178 -263.946 -242.828 -197.019 -155.045 -122.281 -96.8882 -77.5235 -64.8179 -60.7584 
-63.7017 -67.8785 -80.9886 -100.947 -127.238 -161.504 -205.531 -251.88 -272.623 -268.394 -371.525 -780.189 -1344.51 -1467.66 -1374.33 -1526.13 -1830.4 -2205.84 -2706.09 -3394.25 -4365.68 -5795.78 -7908.6 -10601.1 -13068.2 -14106.7 -13068.2 -10601.1 -7908.6 -5795.78 -4365.68 -3394.25 -2706.09 -2205.84 -1830.4 -1526.13 -1374.33 -1467.66 -1344.51 -780.189 -371.525 -268.394 -272.623 -251.88 -205.531 -161.504 -127.238 -100.947 -80.9886 -67.8785 -63.7017 
-66.0997 -70.3348 -83.6756 -103.974 -130.902 -166.425 -211.957 -257.796 -278.765 -292.188 -435.106 -862.604 -1346.75 -1402.37 -1360.95 -1534.2 -1825.38 -2181.87 -2651.75 -3286.62 -4175.27 -5462.53 -7263.65 -9334.79 -11007.1 -11658.2 -11007.1 -9334.79 -7263.65 -5462.53 -4175.27 -3286.62 -2651.75 -2181.87 -1825.38 -1534.2 -1360.95 -1402.37 -1346.75 -862.604 -435.106 -292.188 -278.765 -257.796 -211.957 -166.425 -130.902 -103.974 -83.6756 -70.3348 -66.0997 
-67.9302 -72.1636 -85.57 -105.993 -133.328 -169.857 -216.172 -260.43 -282.69 -316.798 -497.47 -924.124 -1306.31 -1319.48 -1328.62 -1509.95 -1779.78 -2108.53 -2537.85 -3112.48 -3911.02 -5032.46 -6490.61 -7999.48 -9100.61 -9505.54 -9100.61 -7999.48 -6490.61 -5032.46 -3911.02 -3112.48 -2537.85 -2108.53 -1779.78 -1509.95 -1328.62 -1319.48 -1306.31 -924.124 -497.47 -316.798 -282.69 -260.43 -216.172 -169.857 -133.328 -105.993 -85.57 -72.1636 -67.9302 
-69.1569 -73.3415 -86.6565 -106.976 -134.515 -171.746 -217.89 -259.557 -284.773 -342.427 -555.532 -954.798 -1226.51 -1225.82 -1275.04 -1451.91 -1695.28 -1992.09 -2378.25 -2891.04 -3591.05 -4526.55 -5644.61 -6693.73 -7404.45 -7655.46 -7404.45 -6693.73 -5644.61 -4526.55 -3591.05 -2891.04 -2378.25 -1992.09 -1695.28 -1451.91 -1275.04 -1225.82 -1226.51 -954.798 -555.532 -342.427 -284.773 -259.557 -217.89 -171.746 -134.515 -106.976 -86.6565 -73.3415 -69.1569 
-69.7321 -73.8065 -86.8616 -106.884 -134.447 -171.924 -216.646 -254.989 -285.736 -368.857 -602.887 -945.509 -1117.68 -1124.22 -1198.76 -1362.92 -1579.32 -1844.99 -2188.62 -2636.89 -3228.31 -3969.87 -4783.5 -5486.47 -5939.17 -6094.52 -5939.17 -5486.47 -4783.5 -3969.87 -3228.31 -2636.89 -2188.62 -1844.99 -1579.32 -1362.92 -1198.76 -1124.22 -1117.68 -945.509 -602.887 -368.857 -285.736 -254.989 -216.646 -171.924 -134.447 -106.884 -86.8616 -73.8065 -69.7321 
-69.5515 -73.4635 -86.1049 -105.643 -133.022 -170.059 -211.872 -246.983 -286.719 -394.228 -629.508 -893.184 -992.846 -1015.91 -1102.42 -1251.3 -1443.61 -1680.02 -1980.22 -2359.12 -2835.51 -3392.68 -3958.21 -4416.52 -4702.12 -4798.26 -4702.12 -4416.52 -3958.21 -3392.68 -2835.51 -2359.12 -1980.22 -1680.02 -1443.61 -1251.3 -1102.42 -1015.91 -992.846 -893.184 -629.508 -394.228 -286.719 -246.983 -211.872 -170.059 -133.022 -105.643 -86.1049 -73.4635 -69.5515 
-68.4901 -72.182 -84.2477 -103.154 -130.12 -165.649 -203.135 -236.564 -288.505 -413.449 -624.938 -804.887 -864.088 -903.532 -993.261 -1127.68 -1298.45 -1505.32 -1758.99 -2064.77 -2428.61 -2826.69 -3205.27 -3498.08 -3677.03 -3736.51 -3677.03 -3498.08 -3205.27 -2826.69 -2428.61 -2064.77 -1758.99 -1505.32 -1298.45 -1127.68 -993.261 -903.532 -864.088 -804.887 -624.938 -413.449 -288.505 -236.564 -203.135 -165.649 -130.12 -103.154 -84.2477 -72.182 -68.4901 
-66.3242 -69.7789 -81.1864 -99.4065 -125.44 -157.959 -190.637 -225.361 -289.832 -418.11 -585.142 -696.493 -740.321 -791.359 -879.411 -1000.17 -1149.38 -1324.21 -1528.83 -1762.9 -2026.63 -2298.78 -2544.73 -2729.05 -2840.63 -2877.37 -2840.63 -2729.05 -2544.73 -2298.78 -2026.63 -1762.9 -1528.83 -1324.21 -1149.38 -1000.17 -879.411 -791.359 -740.321 -696.493 -585.142 -418.11 -289.832 -225.361 -190.637 -157.959 -125.44 -99.4065 -81.1864 -69.7789 -66.3242 
-62.9937 -66.106 -76.8062 -94.212 -118.378 -146.622 -175.567 -214.235 -286.256 -400.816 -517.024 -584.895 -626.457 -683.248 -766.177 -872.324 -998.124 -1138.87 -1295.42 -1465.34 -1647.61 -1826.9 -1983 -2097.72 -2166.93 -2189.58 -2166.93 -2097.72 -1983 -1826.9 -1647.61 -1465.34 -1295.42 -1138.87 -998.124 -872.324 -766.177 -683.248 -626.457 -584.895 -517.024 -400.816 -286.256 -214.235 -175.567 -146.622 -118.378 -94.212 -76.8062 -66.106 -62.9937 
-58.2917 -61.0362 -71.0231 -87.1454 -108.294 -132.057 -159.572 -201.967 -271.862 -360.484 -434.676 -481.142 -523.717 -580.728 -655.369 -745.003 -845.96 -953.194 -1066.76 -1184.13 -1304.94 -1419.5 -1516.68 -1587.32 -1629.98 -1643.9 -1629.98 -1587.32 -1516.68 -1419.5 -1304.94 -1184.13 -1066.76 -953.194 -845.96 -745.003 -655.369 -580.728 -523.717 -481.142 -434.676 -360.484 -271.862 -201.967 -159.572 -132.057 -108.294 -87.1454 -71.0231 -61.0362 -58.2917 
-52.1786 -54.5441 -63.6667 -77.7966 -95.3269 -115.674 -142.813 -184.727 -243.018 -303.967 -351.504 -388.961 -430.962 -483.681 -547.249 -619.065 -695.608 -772.797 -851.153 -928.67 -1005.89 -1077.18 -1136.62 -1179.64 -1205.72 -1214.24 -1205.72 -1179.64 -1136.62 -1077.18 -1005.89 -928.67 -851.153 -772.797 -695.608 -619.065 -547.249 -483.681 -430.962 -388.961 -351.504 -303.967 -243.018 -184.727 -142.813 -115.674 -95.3269 -77.7966 -63.6667 -54.5441 -52.1786 
-44.7767 -46.708 -54.5782 -66.0028 -79.9351 -97.6644 -123.149 -159.325 -202.04 -241.839 -275.138 -307.731 -346.052 -391.144 -441.932 -496.054 -550.821 -603.521 -655.217 -704.467 -752.343 -795.698 -831.477 -857.371 -873.164 -878.32 -873.164 -857.371 -831.477 -795.698 -752.343 -704.467 -655.217 -603.521 -550.821 -496.054 -441.932 -391.144 -346.052 -307.731 -275.138 -241.839 -202.04 -159.325 -123.149 -97.6644 -79.9351 -66.0028 -54.5782 -46.708 -44.7767 
-35.6305 -37.1157 -43.1325 -51.5784 -62.5446 -77.9977 -99.9047 -127.282 -155.642 -181.513 -206.368 -233.889 -265.981 -301.764 -339.876 -378.495 -415.809 -450.283 -483.291 -513.703 -542.718 -568.626 -589.872 -605.286 -614.736 -617.824 -614.736 -605.286 -589.872 -568.626 -542.718 -513.703 -483.291 -450.283 -415.809 -378.495 -339.876 -301.764 -265.981 -233.889 -206.368 -181.513 -155.642 -127.282 -99.9047 -77.9977 -62.5446 -51.5784 -43.1325 -37.1157 -35.6305 
-24.521 -25.5353 -29.7147 -35.9271 -44.8365 -57.4398 -73.3138 -90.2667 -106.37 -122.33 -140.589 -162.697 -188.21 -215.504 -243.198 -269.963 -294.758 -316.849 -337.599 -356.101 -373.439 -388.72 -401.173 -410.229 -415.779 -417.604 -415.779 -410.229 -401.173 -388.72 -373.439 -356.101 -337.599 -316.849 -294.758 -269.963 -243.198 -215.504 -188.21 -162.697 -140.589 -122.33 -106.37 -90.2667 -73.3138 -57.4398 -44.8365 -35.9271 -29.7147 -25.5353 -24.521 
-12.0603 -12.5827 -15.0395 -18.8655 -24.3004 -31.1774 -38.4195 -45.1697 -52.0969 -61.2448 -74.9389 -93.7667 -114.979 -136.298 -156.559 -175.056 -191.371 -205.297 -218.037 -229.183 -239.458 -248.346 -255.49 -260.666 -263.814 -264.859 -263.814 -260.666 -255.49 -248.346 -239.458 -229.183 -218.037 -205.297 -191.371 -175.056 -156.559 -136.298 -114.979 -93.7667 -74.9389 -61.2448 -52.0969 -45.1697 -38.4195 -31.1774 -24.3004 -18.8655 -15.0395 -12.5827 -12.0603 
-0 -0 -0 -0 -0 -0 -0 -0 -0 -1.98273 -18.9014 -47.475 -73.909 -96.8568 -117.068 -135.004 -150.955 -165.094 -177.474 -187.92 -196.624 -203.686 -209.154 -213.049 -215.384 -216.162 -215.384 -213.049 -209.154 -203.686 -196.624 -187.92 -177.474 -165.094 -150.955 -135.004 -117.068 -96.8568 -73.909 -47.475 -18.9014 -1.98273 0 0 0 0 0 0 0 0 0 
