    0 712.852010
    1 963.464701
    2 1148.220743
    3 1288.166282
    4 1433.134937
    5 1573.946973
    6 1702.995842
    7 1825.623854
    8 1946.673991
    9 2064.246698
   10 2171.795672
   11 2262.408551
   12 2331.096102
   13 2375.170136
   14 2393.599003
   15 2386.434927
   16 2354.611485
   17 2299.689607
   18 2223.729808
   19 2129.915552
   20 2022.325501
   21 1905.962174
   22 1786.706155
   23 1670.435380
   24 1562.939059
   25 1469.526423
   26 1393.852902
   27 1337.294358
   28 1299.004705
   29 1276.077856
   30 1264.081086
   31 1258.215315
   32 1254.164591
   33 1248.530194
   34 1238.956905
   35 1223.968916
   36 1202.886697
   37 1175.484737
   38 1142.064736
   39 1103.373830
   40 1060.111353
   41 1012.930971
   42 962.587287
   43 909.817619
   44 855.355440
   45 799.886831
   46 744.174711
   47 688.921843
   48 634.810797
   49 582.484882
   50 532.753210
   51 486.383822
   52 444.083216
   53 406.613635
   54 374.620946
   55 348.612816
   56 328.743478
   57 314.719560
   58 305.900641
   59 301.292680
   60 299.709650
   61 299.947047
   62 300.855295
   63 301.558567
   64 301.464903
   65 300.162611
   66 297.494425
   67 293.488685
   68 288.334637
   69 282.330684
   70 275.862407
   71 269.403245
   72 263.465645
   73 258.511059
   74 254.933219
   75 252.991701
   76 252.817865
   77 254.333766
   78 257.313829
   79 261.416730
   80 266.238806
   81 271.369309
   82 276.427837
   83 281.053316
   84 284.928212
   85 287.785446
   86 289.488086
   87 289.908695
   88 288.967226
   89 286.648789
   90 283.011641
   91 278.155489
   92 272.213128
   93 265.362979
   94 257.803771
   95 249.758346
   96 241.515931
   97 233.346398
   98 225.525270
   99 218.340679
  100 212.070643
  101 206.952004
  102 203.160461
  103 200.797513
  104 199.870768
  105 200.299074
  106 201.926094
  107 204.502518
  108 207.759446
  109 211.416180
  110 215.190169
  111 218.817358
  112 222.069947
  113 224.758346
  114 226.731345
  115 227.878196
  116 228.125193
  117 227.449192
  118 225.867591
  119 223.441686
  120 220.274005
  121 216.508401
  122 212.325546
  123 207.933296
  124 203.566280
  125 199.477150
  126 195.919928
  127 193.128250
  128 191.299327
  129 190.567775
  130 190.997299
  131 192.568634
  132 195.177487
  133 198.656485
  134 202.792843
  135 207.343634
  136 212.064415
  137 216.716482
  138 221.080263
  139 224.955056
  140 228.169342
  141 230.587867
  142 232.104923
  143 232.643309
  144 232.153061
  145 230.609897
  146 228.018857
  147 224.404460
  148 219.814418
  149 214.315817
  150 208.003862
  151 200.985963
  152 193.390231
  153 185.365174
  154 177.073861
  155 168.695422
  156 160.423566
  157 152.468964
  158 145.043843
  159 138.358024
  160 132.602077
  161 127.939130
  162 124.474560
  163 122.237447
  164 121.180246
  165 121.177511
  166 122.042929
  167 123.551724
  168 125.472536
  169 127.574366
  170 129.641770
  171 131.492410
  172 132.974941
  173 133.970421
  174 134.392357
  175 134.185918
  176 133.326872
  177 131.818079
  178 129.693606
  179 127.006900
  180 123.834659
  181 120.283702
  182 116.481007
  183 112.573974
  184 108.724619
  185 105.103352
  186 101.881119
  187 99.215232
  188 97.236002
  189 96.029143
  190 95.625648
  191 95.992980
  192 97.043763
  193 98.649647
  194 100.652773
  195 102.886747
  196 105.191442
  197 107.419204
  198 109.436246
  199 111.129664
  200 112.411679
  201 113.217856
  202 113.502840
  203 113.240853
  204 112.423087
  205 111.062280
  206 109.186168
  207 106.834903
  208 104.064395
  209 100.944720
  210 97.559338
  211 94.004621
  212 90.386133
  213 86.821527
  214 83.432138
  215 80.339990
  216 77.661796
  217 75.496976
  218 73.919233
  219 72.966024
  220 72.631604
  221 72.870357
  222 73.600421
  223 74.712317
  224 76.082151
  225 77.585253
  226 79.102747
  227 80.526266
  228 81.764253
  229 82.740560
  230 83.394909
  231 83.683737
  232 83.580224
  233 83.072831
  234 82.165470
  235 80.877408
  236 79.240927
  237 77.301698
  238 75.119010
  239 72.765433
  240 70.324309
  241 67.888280
  242 65.557083
  243 63.432287
  244 61.610541
  245 60.175320
  246 59.188777
  247 58.683009
  248 58.655507
  249 59.069826
  250 59.860637
  251 60.941372
  252 62.214689
  253 63.581900
  254 64.949443
  255 66.232768
  256 67.359290
  257 68.269033
  258 68.915186
  259 69.264256
  260 69.293299
  261 68.991574
  262 68.360960
  263 67.413603
  264 66.171083
  265 64.664454
  266 62.934692
  267 61.029710
  268 59.006181
  269 56.929483
  270 54.871225
  271 52.906798
  272 51.112390
  273 49.559722
  274 48.311710
  275 47.416257
  276 46.900146
  277 46.763792
  278 46.981684
  279 47.506046
  280 48.272643
  281 49.207064
  282 50.233697
  283 51.278736
  284 52.274061
  285 53.160012
  286 53.886550
  287 54.413437
  288 54.710345
  289 54.756603
  290 54.541015
  291 54.060981
  292 53.322399
  293 52.339630
  294 51.134607
  295 49.737477
  296 48.186183
  297 46.525593
  298 44.807132
  299 43.087645
  300 41.428434
  301 39.892499
  302 38.540891
  303 37.428114
  304 36.596596
  305 36.070916
  306 35.854901
  307 35.930734
  308 36.260998
  309 36.793725
  310 37.468586
  311 38.223014
  312 38.996774
  313 39.735010
  314 40.390390
  315 40.923759
  316 41.304423
  317 41.509857
  318 41.525464
  319 41.344095
  320 40.965799
  321 40.397372
  322 39.651999
  323 38.749003
  324 37.713577
  325 36.576591
  326 35.374293
  327 34.147614
  328 32.941292
  329 31.802438
  330 30.778289
  331 29.913461
  332 29.245514
  333 28.801165
  334 28.592782
  335 28.616846
  336 28.853706
  337 29.270614
  338 29.825574
  339 30.472170
  340 31.163132
  341 31.853500
  342 32.502570
  343 33.074981
  344 33.541275
  345 33.878084
  346 34.068006
  347 34.099153
  348 33.965135
  349 33.664874
  350 33.202390
  351 32.586536
  352 31.830817
  353 30.953204
  354 29.976022
  355 28.925798
  356 27.832887
  357 26.731060
  358 25.656707
  359 24.647533
  360 23.740746
  361 22.970476
  362 22.364575
  363 21.941386
  364 21.707126
  365 21.654835
  366 21.765226
  367 22.009205
  368 22.351374
  369 22.754043
  370 23.180280
  371 23.595905
  372 23.970832
  373 24.280002
  374 24.503576
  375 24.626855
  376 24.640128
  377 24.538440
  378 24.321290
  379 23.992409
  380 23.559694
  381 23.034935
  382 22.433627
  383 21.774883
  384 21.081121
  385 20.377871
  386 19.692722
  387 19.054515
  388 18.491838
  389 18.031028
  390 17.693721
  391 17.494270
  392 17.437849
  393 17.519716
  394 17.725784
  395 18.034521
  396 18.419597
  397 18.852524
  398 19.304858
  399 19.749851
  400 20.163496
  401 20.525085
  402 20.817478
  403 21.027141
  404 21.143996
  405 21.161329
  406 21.075693
  407 20.886757
  408 20.597165
  409 20.212396
  410 19.740677
  411 19.192876
  412 18.582413
  413 17.925192
  414 17.239388
  415 16.545292
  416 15.864743
  417 15.220476
  418 14.635137
  419 14.129817
  420 13.722230
  421 13.424699
  422 13.242502
  423 13.172971
  424 13.205735
  425 13.324102
  426 13.507184
  427 13.732126
  428 13.976136
  429 14.217978
  430 14.438895
  431 14.623082
  432 14.757889
  433 14.833862
  434 14.844646
  435 14.786809
  436 14.659709
  437 14.465350
  438 14.208228
  439 13.895282
  440 13.535846
  441 13.141479
  442 12.725777
  443 12.304160
  444 11.893444
  445 11.511221
  446 11.174995
  447 10.900854
  448 10.701945
  449 10.586962
  450 10.558973
  451 10.614986
  452 10.746312
  453 10.939759
  454 11.179229
  455 11.447333
  456 11.726752
  457 12.001219
  458 12.256186
  459 12.479120
  460 12.659616
  461 12.789457
  462 12.862556
  463 12.874890
  464 12.824402
  465 12.710907
  466 12.536019
  467 12.303085
  468 12.017097
  469 11.684659
  470 11.313931
  471 10.914552
  472 10.497544
  473 10.075172
  474 9.660683
  475 9.267911
  476 8.910659
  477 8.601807
  478 8.352214
  479 8.169510
  480 8.057064
  481 8.013418
  482 8.032413
  483 8.104004
  484 8.215522
  485 8.353060
  486 8.502706
  487 8.651459
  488 8.787799
  489 8.902013
  490 8.986305
  491 9.034799
  492 9.043491
  493 9.010142
  494 8.934199
  495 8.816735
  496 8.660368
  497 8.469204
  498 8.248757
  499 8.005889
  500 7.748714
  501 7.486494
  502 7.229410
  503 6.988177
  504 6.773531
  505 6.595483
  506 6.462400
  507 6.380050
  508 6.350826
  509 6.373391
  510 6.442857
  511 6.551449
  512 6.689488
  513 6.846388
  514 7.011515
  515 7.174849
  516 7.327387
  517 7.461368
  518 7.570360
  519 7.649276
  520 7.694350
  521 7.703086
  522 7.674200
  523 7.607566
  524 7.504168
  525 7.366047
  526 7.196275
  527 6.998916
  528 6.778985
  529 6.542416
  530 6.295985
  531 6.047229
  532 5.804275
  533 5.575568
  534 5.369470
  535 5.193706
  536 5.054657
  537 4.956628
  538 4.901253
  539 4.887209
  540 4.910368
  541 4.964340
  542 5.041272
  543 5.132674
  544 5.230140
  545 5.325862
  546 5.412953
  547 5.485611
  548 5.539182
  549 5.570167
  550 5.576175
  551 5.555872
  552 5.508931
  553 5.435982
  554 5.338571
  555 5.219116
  556 5.080884
  557 4.927948
  558 4.765148
  559 4.598013
  560 4.432651
  561 4.275561
  562 4.133327
  563 4.012204
  564 3.917586
  565 3.853418
  566 3.821679
  567 3.822086
  568 3.852107
  569 3.907323
  570 3.981995
  571 4.069694
  572 4.163876
  573 4.258315
  574 4.347383
  575 4.426211
  576 4.490756
  577 4.537816
  578 4.565018
  579 4.570783
  580 4.554289
  581 4.515438
  582 4.454821
  583 4.373699
  584 4.273973
  585 4.158159
  586 4.029367
  587 3.891278
  588 3.748097
  589 3.604485
  590 3.465448
  591 3.336142
  592 3.221610
  593 3.126405
  594 3.054147
  595 3.007087
  596 2.985780
  597 2.988988
  598 3.013832
  599 3.056174
  600 3.111117
  601 3.173492
  602 3.238262
  603 3.300794
  604 3.357036
  605 3.403589
  606 3.437740
  607 3.457452
  608 3.461340
  609 3.448642
  610 3.419188
  611 3.373371
  612 3.312122
  613 3.236888
  614 3.149612
  615 3.052715
  616 2.949069
  617 2.841969
  618 2.735064
  619 2.632266
  620 2.537587
  621 2.454912
  622 2.387696
  623 2.338603
  624 2.309181
  625 2.299625
  626 2.308738
  627 2.334082
  628 2.372315
  629 2.419573
  630 2.471846
  631 2.525267
  632 2.576310
  633 2.621909
  634 2.659512
  635 2.687091
  636 2.703137
  637 2.706639
  638 2.697066
  639 2.674342
  640 2.638823
  641 2.591282
  642 2.532894
  643 2.465222
  644 2.390199
  645 2.310112
  646 2.227572
  647 2.145462
  648 2.066857
  649 1.994894
  650 1.932586
  651 1.882576
  652 1.846862
  653 1.826541
  654 1.821655
  655 1.831164
  656 1.853094
  657 1.884789
  658 1.923221
  659 1.965265
  660 2.007921
  661 2.048462
  662 2.084518
  663 2.114114
  664 2.135680
  665 2.148042
  666 2.150410
  667 2.142359
  668 2.123811
  669 2.095019
  670 2.056553
  671 2.009284
  672 1.954377
  673 1.893277
  674 1.827699
  675 1.759604
  676 1.691175
  677 1.624758
  678 1.562780
  679 1.507626
  680 1.461465
  681 1.426041
  682 1.402467
  683 1.391062
  684 1.391292
  685 1.401836
  686 1.420769
  687 1.445789
  688 1.474457
  689 1.504390
  690 1.533394
  691 1.559549
  692 1.581247
  693 1.597210
  694 1.606482
  695 1.608420
  696 1.602681
  697 1.589207
  698 1.568211
  699 1.540167
  700 1.505799
  701 1.466073
  702 1.422189
  703 1.375562
  704 1.327805
  705 1.280696
  706 1.236115
  707 1.195960
  708 1.162019
  709 1.135818
  710 1.118450
  711 1.110432
  712 1.111627
  713 1.121259
  714 1.138021
  715 1.160241
  716 1.186062
  717 1.213605
  718 1.241086
  719 1.266897
  720 1.289650
  721 1.308191
  722 1.321609
  723 1.329225
  724 1.330590
  725 1.325466
  726 1.313822
  727 1.295822
  728 1.271815
  729 1.242333
  730 1.208078
  731 1.169920
  732 1.128888
  733 1.086158
  734 1.043040
  735 1.000943
  736 0.961334
  737 0.925665
  738 0.895276
  739 0.871272
  740 0.854396
  741 0.844927
  742 0.842626
  743 0.846769
  744 0.856238
  745 0.869666
  746 0.885576
  747 0.902508
  748 0.919110
  749 0.934191
  750 0.946752
  751 0.955993
  752 0.961317
  753 0.962319
  754 0.958781
  755 0.950661
  756 0.938087
  757 0.921347
  758 0.900885
  759 0.877296
  760 0.851315
  761 0.823814
  762 0.795784
  763 0.768312
  764 0.742543
  765 0.719622
  766 0.700617
  767 0.686415
  768 0.677627
  769 0.674501
  770 0.676890
  771 0.684264
  772 0.695790
  773 0.710430
  774 0.727054
  775 0.744530
  776 0.761793
  777 0.777887
  778 0.791991
  779 0.803424
  780 0.811650
  781 0.816272
  782 0.817030
  783 0.813789
  784 0.806539
  785 0.795384
  786 0.780543
  787 0.762338
  788 0.741199
  789 0.717652
  790 0.692319
  791 0.665913
  792 0.639224
  793 0.613103
  794 0.588440
  795 0.566114
  796 0.546946
  797 0.531615
  798 0.520592
  799 0.514067
  800 0.511920
  801 0.513734
  802 0.518846
  803 0.526434
  804 0.535605
  805 0.545471
  806 0.555203
  807 0.564074
  808 0.571468
  809 0.576894
  810 0.579984
  811 0.580487
  812 0.578269
  813 0.573302
  814 0.565663
  815 0.555527
  816 0.543164
  817 0.528937
  818 0.513296
  819 0.496771
  820 0.479967
  821 0.463547
  822 0.448205
  823 0.434637
  824 0.423482
  825 0.415271
  826 0.410360
  827 0.408883
  828 0.410733
  829 0.415572
  830 0.422885
  831 0.432037
  832 0.442340
  833 0.453109
  834 0.463702
  835 0.473546
  836 0.482147
  837 0.489097
  838 0.494077
  839 0.496851
  840 0.497264
  841 0.495239
  842 0.490772
  843 0.483931
  844 0.474850
  845 0.463728
  846 0.450827
  847 0.436470
  848 0.421036
  849 0.404959
  850 0.388719
  851 0.372836
  852 0.357848
  853 0.344291
  854 0.332661
  855 0.323368
  856 0.316697
  857 0.312758
  858 0.311477
  859 0.312596
  860 0.315711
  861 0.320322
  862 0.325887
  863 0.331865
  864 0.337756
  865 0.343115
  866 0.347573
  867 0.350830
  868 0.352663
  869 0.352922
  870 0.351525
  871 0.348454
  872 0.343758
  873 0.337542
  874 0.329970
  875 0.321262
  876 0.311691
  877 0.301578
  878 0.291291
  879 0.281230
  880 0.271818
  881 0.263477
  882 0.256597
  883 0.251503
  884 0.248412
  885 0.247409
  886 0.248431
  887 0.251276
  888 0.255630
  889 0.261108
  890 0.267293
  891 0.273767
  892 0.280141
  893 0.286065
  894 0.291239
  895 0.295416
  896 0.298401
  897 0.300052
  898 0.300276
  899 0.299027
  900 0.296304
  901 0.292149
  902 0.286644
  903 0.279914
  904 0.272118
  905 0.263456
  906 0.254160
  907 0.244496
  908 0.234758
  909 0.225265
  910 0.216345
  911 0.208321
  912 0.201494
  913 0.196106
  914 0.192322
  915 0.190198
  916 0.189678
  917 0.190596
  918 0.192698
  919 0.195679
  920 0.199205
  921 0.202952
  922 0.206616
  923 0.209931
  924 0.212675
  925 0.214669
  926 0.215781
  927 0.215921
  928 0.215041
  929 0.213131
  930 0.210221
  931 0.206375
  932 0.201692
  933 0.196306
  934 0.190380
  935 0.184110
  936 0.177716
  937 0.171441
  938 0.165541
  939 0.160274
  940 0.155878
  941 0.152557
  942 0.150447
  943 0.149609
  944 0.150012
  945 0.151538
  946 0.154002
  947 0.157172
  948 0.160793
  949 0.164611
  950 0.168387
  951 0.171907
  952 0.174987
  953 0.177474
  954 0.179251
  955 0.180228
  956 0.180349
  957 0.179586
  958 0.177938
  959 0.175432
  960 0.172119
  961 0.168074
  962 0.163398
  963 0.158212
  964 0.152660
  965 0.146905
  966 0.141129
  967 0.135526
  968 0.130297
  969 0.125639
  970 0.121729
  971 0.118711
  972 0.116675
  973 0.115647
  974 0.115582
  975 0.116369
  976 0.117851
  977 0.119835
  978 0.122121
  979 0.124511
  980 0.126824
  981 0.128901
  982 0.130611
  983 0.131846
  984 0.132530
  985 0.132609
  986 0.132055
  987 0.130865
  988 0.129055
  989 0.126666
  990 0.123758
  991 0.120410
  992 0.116722
  993 0.112811
  994 0.108809
  995 0.104864
  996 0.101130
  997 0.097765
  998 0.094915
  999 0.092706
 1000 0.091229
 1001 0.090526
 1002 0.090583
 1003 0.091337
 1004 0.092678
 1005 0.094466
 1006 0.096549
 1007 0.098771
 1008 0.100984
 1009 0.103057
 1010 0.104877
 1011 0.106348
 1012 0.107398
 1013 0.107972
 1014 0.108036
 1015 0.107571
 1016 0.106578
 1017 0.105071
 1018 0.103084
 1019 0.100663
 1020 0.097869
 1021 0.094778
 1022 0.091478
 1023 0.088070
 1024 0.084665
 1025 0.081384
 1026 0.078348
 1027 0.075675
 1028 0.073473
 1029 0.071823
 1030 0.070774
 1031 0.070335
 1032 0.070472
 1033 0.071111
 1034 0.072152
 1035 0.073478
 1036 0.074965
 1037 0.076495
 1038 0.077960
 1039 0.079265
 1040 0.080333
 1041 0.081100
 1042 0.081522
 1043 0.081566
 1044 0.081218
 1045 0.080476
 1046 0.079350
 1047 0.077865
 1048 0.076057
 1049 0.073975
 1050 0.071678
 1051 0.069237
 1052 0.066731
 1053 0.064250
 1054 0.061886
 1055 0.059736
 1056 0.057889
 1057 0.056425
 1058 0.055400
 1059 0.054846
 1060 0.054758
 1061 0.055101
 1062 0.055812
 1063 0.056808
 1064 0.057995
 1065 0.059279
 1066 0.060570
 1067 0.061786
 1068 0.062857
 1069 0.063725
 1070 0.064344
 1071 0.064680
 1072 0.064712
 1073 0.064429
 1074 0.063830
 1075 0.062926
 1076 0.061735
 1077 0.060287
 1078 0.058619
 1079 0.056778
 1080 0.054819
 1081 0.052803
 1082 0.050800
 1083 0.048881
 1084 0.047123
 1085 0.045595
 1086 0.044362
 1087 0.043469
 1088 0.042944
 1089 0.042787
 1090 0.042973
 1091 0.043454
 1092 0.044168
 1093 0.045042
 1094 0.046001
 1095 0.046974
 1096 0.047898
 1097 0.048715
 1098 0.049379
 1099 0.049854
 1100 0.050113
 1101 0.050138
 1102 0.049920
 1103 0.049457
 1104 0.048758
 1105 0.047837
 1106 0.046716
 1107 0.045424
 1108 0.043998
 1109 0.042480
 1110 0.040917
 1111 0.039364
 1112 0.037876
 1113 0.036512
 1114 0.035327
 1115 0.034370
 1116 0.033678
 1117 0.033270
 1118 0.033148
 1119 0.033292
 1120 0.033665
 1121 0.034218
 1122 0.034894
 1123 0.035637
 1124 0.036390
 1125 0.037103
 1126 0.037733
 1127 0.038245
 1128 0.038609
 1129 0.038806
 1130 0.038821
 1131 0.038648
 1132 0.038286
 1133 0.037742
 1134 0.037028
 1135 0.036160
 1136 0.035163
 1137 0.034065
 1138 0.032900
 1139 0.031706
 1140 0.030525
 1141 0.029401
 1142 0.028380
 1143 0.027505
 1144 0.026812
 1145 0.026329
 1146 0.026071
 1147 0.026033
 1148 0.026201
 1149 0.026542
 1150 0.027018
 1151 0.027584
 1152 0.028195
 1153 0.028809
 1154 0.029387
 1155 0.029895
 1156 0.030306
 1157 0.030598
 1158 0.030756
 1159 0.030770
 1160 0.030633
 1161 0.030346
 1162 0.029913
 1163 0.029343
 1164 0.028650
 1165 0.027852
 1166 0.026969
 1167 0.026029
 1168 0.025059
 1169 0.024092
 1170 0.023162
 1171 0.022305
 1172 0.021553
 1173 0.020938
 1174 0.020482
 1175 0.020198
 1176 0.020089
 1177 0.020143
 1178 0.020339
 1179 0.020648
 1180 0.021036
 1181 0.021466
 1182 0.021907
 1183 0.022327
 1184 0.022699
 1185 0.023001
 1186 0.023216
 1187 0.023331
 1188 0.023337
 1189 0.023231
 1190 0.023012
 1191 0.022684
 1192 0.022254
 1193 0.021734
 1194 0.021136
 1195 0.020480
 1196 0.019785
 1197 0.019075
 1198 0.018376
 1199 0.017715
 1200 0.017120
 1201 0.016616
 1202 0.016224
 1203 0.015962
 1204 0.015835
 1205 0.015842
 1206 0.015971
 1207 0.016203
 1208 0.016513
 1209 0.016874
 1210 0.017260
 1211 0.017643
 1212 0.018002
 1213 0.018316
 1214 0.018568
 1215 0.018748
 1216 0.018844
 1217 0.018850
 1218 0.018765
 1219 0.018587
 1220 0.018319
 1221 0.017968
 1222 0.017541
 1223 0.017049
 1224 0.016505
 1225 0.015924
 1226 0.015325
 1227 0.014726
 1228 0.014149
 1229 0.013614
 1230 0.013142
 1231 0.012751
 1232 0.012457
 1233 0.012267
 1234 0.012183
 1235 0.012200
 1236 0.012304
 1237 0.012477
 1238 0.012701
 1239 0.012952
 1240 0.013211
 1241 0.013459
 1242 0.013679
 1243 0.013858
 1244 0.013985
 1245 0.014053
 1246 0.014055
 1247 0.013990
 1248 0.013857
 1249 0.013659
 1250 0.013400
 1251 0.013087
 1252 0.012728
 1253 0.012335
 1254 0.011920
 1255 0.011497
 1256 0.011082
 1257 0.010692
 1258 0.010343
 1259 0.010051
 1260 0.009829
 1261 0.009685
 1262 0.009624
 1263 0.009643
 1264 0.009736
 1265 0.009888
 1266 0.010087
 1267 0.010315
 1268 0.010555
 1269 0.010793
 1270 0.011015
 1271 0.011208
 1272 0.011363
 1273 0.011472
 1274 0.011530
 1275 0.011533
 1276 0.011479
 1277 0.011369
 1278 0.011204
 1279 0.010988
 1280 0.010725
 1281 0.010422
 1282 0.010088
 1283 0.009731
 1284 0.009361
 1285 0.008992
 1286 0.008635
 1287 0.008303
 1288 0.008008
 1289 0.007763
 1290 0.007576
 1291 0.007452
 1292 0.007392
 1293 0.007394
 1294 0.007449
 1295 0.007548
 1296 0.007677
 1297 0.007825
 1298 0.007977
 1299 0.008124
 1300 0.008255
 1301 0.008361
 1302 0.008436
 1303 0.008476
 1304 0.008477
 1305 0.008437
 1306 0.008356
 1307 0.008236
 1308 0.008080
 1309 0.007892
 1310 0.007676
 1311 0.007440
 1312 0.007191
 1313 0.006939
 1314 0.006692
 1315 0.006462
 1316 0.006257
 1317 0.006087
 1318 0.005960
 1319 0.005881
 1320 0.005853
 1321 0.005872
 1322 0.005935
 1323 0.006034
 1324 0.006160
 1325 0.006303
 1326 0.006452
 1327 0.006599
 1328 0.006735
 1329 0.006853
 1330 0.006948
 1331 0.007014
 1332 0.007049
 1333 0.007050
 1334 0.007016
 1335 0.006948
 1336 0.006847
 1337 0.006713
 1338 0.006552
 1339 0.006366
 1340 0.006161
 1341 0.005941
 1342 0.005714
 1343 0.005487
 1344 0.005267
 1345 0.005061
 1346 0.004879
 1347 0.004726
 1348 0.004607
 1349 0.004527
 1350 0.004487
 1351 0.004483
 1352 0.004513
 1353 0.004569
 1354 0.004645
 1355 0.004732
 1356 0.004822
 1357 0.004909
 1358 0.004987
 1359 0.005050
 1360 0.005095
 1361 0.005118
 1362 0.005118
 1363 0.005094
 1364 0.005045
 1365 0.004972
 1366 0.004878
 1367 0.004764
 1368 0.004635
 1369 0.004493
 1370 0.004344
 1371 0.004193
 1372 0.004046
 1373 0.003909
 1374 0.003789
 1375 0.003690
 1376 0.003617
 1377 0.003574
 1378 0.003560
 1379 0.003576
 1380 0.003618
 1381 0.003682
 1382 0.003761
 1383 0.003849
 1384 0.003942
 1385 0.004032
 1386 0.004115
 1387 0.004187
 1388 0.004245
 1389 0.004285
 1390 0.004306
 1391 0.004306
 1392 0.004285
 1393 0.004243
 1394 0.004180
 1395 0.004098
 1396 0.003999
 1397 0.003885
 1398 0.003759
 1399 0.003625
 1400 0.003486
 1401 0.003346
 1402 0.003211
 1403 0.003084
 1404 0.002971
 1405 0.002876
 1406 0.002802
 1407 0.002752
 1408 0.002725
 1409 0.002721
 1410 0.002737
 1411 0.002769
 1412 0.002813
 1413 0.002865
 1414 0.002918
 1415 0.002970
 1416 0.003017
 1417 0.003055
 1418 0.003081
 1419 0.003095
 1420 0.003095
 1421 0.003079
 1422 0.003050
 1423 0.003006
 1424 0.002949
 1425 0.002880
 1426 0.002802
 1427 0.002717
 1428 0.002627
 1429 0.002537
 1430 0.002449
 1431 0.002368
 1432 0.002296
 1433 0.002238
 1434 0.002196
 1435 0.002172
 1436 0.002166
 1437 0.002177
 1438 0.002205
 1439 0.002244
 1440 0.002294
 1441 0.002348
 1442 0.002405
 1443 0.002460
 1444 0.002511
 1445 0.002555
 1446 0.002590
 1447 0.002614
 1448 0.002626
 1449 0.002626
 1450 0.002613
 1451 0.002587
 1452 0.002548
 1453 0.002498
 1454 0.002437
 1455 0.002368
 1456 0.002291
 1457 0.002208
 1458 0.002123
 1459 0.002038
 1460 0.001955
 1461 0.001878
 1462 0.001808
 1463 0.001750
 1464 0.001704
 1465 0.001673
 1466 0.001656
 1467 0.001653
 1468 0.001662
 1469 0.001681
 1470 0.001707
 1471 0.001738
 1472 0.001770
 1473 0.001801
 1474 0.001829
 1475 0.001852
 1476 0.001867
 1477 0.001876
 1478 0.001875
 1479 0.001866
 1480 0.001848
 1481 0.001821
 1482 0.001787
 1483 0.001745
 1484 0.001698
 1485 0.001646
 1486 0.001592
 1487 0.001538
 1488 0.001485
 1489 0.001436
 1490 0.001393
 1491 0.001358
 1492 0.001333
 1493 0.001319
 1494 0.001316
 1495 0.001324
 1496 0.001341
 1497 0.001365
 1498 0.001396
 1499 0.001429
 1500 0.001463
 1501 0.001497
 1502 0.001528
 1503 0.001554
 1504 0.001575
 1505 0.001590
 1506 0.001597
 1507 0.001597
 1508 0.001589
 1509 0.001572
 1510 0.001549
 1511 0.001518
 1512 0.001481
 1513 0.001439
 1514 0.001392
 1515 0.001342
 1516 0.001290
 1517 0.001238
 1518 0.001188
 1519 0.001141
 1520 0.001099
 1521 0.001063
 1522 0.001036
 1523 0.001017
 1524 0.001007
 1525 0.001005
 1526 0.001011
 1527 0.001022
 1528 0.001038
 1529 0.001057
 1530 0.001077
 1531 0.001096
 1532 0.001112
 1533 0.001126
 1534 0.001136
 1535 0.001141
 1536 0.001140
 1537 0.001135
 1538 0.001123
 1539 0.001107
 1540 0.001086
 1541 0.001061
 1542 0.001032
 1543 0.001000
 1544 0.000968
 1545 0.000934
 1546 0.000902
 1547 0.000872
 1548 0.000846
 1549 0.000825
 1550 0.000810
 1551 0.000801
 1552 0.000799
 1553 0.000803
 1554 0.000813
 1555 0.000828
 1556 0.000846
 1557 0.000866
 1558 0.000887
 1559 0.000907
 1560 0.000925
 1561 0.000941
 1562 0.000954
 1563 0.000963
 1564 0.000967
 1565 0.000967
 1566 0.000961
 1567 0.000952
 1568 0.000937
 1569 0.000919
 1570 0.000896
 1571 0.000870
 1572 0.000842
 1573 0.000812
 1574 0.000781
 1575 0.000749
 1576 0.000719
 1577 0.000691
