0 7.60806e-15 -2.93342e-15 1.34823e-14 1.70489e-14 8.62505e-15 2.88103e-14 2.25653e-14 2.98928e-14 2.54241e-14 7.78544e-15 4.57025e-15 41.9058 37.0909 30.3627 25.9412 19.6692 10.8299 -0.729583 -15.6771 -35.0694 -60.7625 -96.0299 -147.214 -194.025 4.82395e-13 194.025 147.214 96.0299 60.7625 35.0694 15.6771 0.729583 -10.8299 -19.6692 -25.9412 -30.3627 -37.0909 -41.9058 4.57025e-15 7.78544e-15 2.54241e-14 2.98928e-14 2.25653e-14 2.88103e-14 8.62505e-15 1.70489e-14 1.34823e-14 -2.93342e-15 7.60806e-15 0 
0.00486858 0.00486851 0.0240222 0.0448001 0.0700535 0.109989 0.179604 0.292007 0.393036 0.188687 -0.239323 6.97945 43.7002 38.3481 28.8274 23.2491 17.0322 8.0601 -4.00465 -19.6701 -40.0711 -67.2094 -104.763 -156.871 -197.756 -1.13215e-12 197.756 156.871 104.763 67.2094 40.0711 19.6701 4.00465 -8.0601 -17.0322 -23.2491 -28.8274 -38.3481 -43.7002 -6.97945 0.239323 -0.188687 -0.393036 -0.292007 -0.179604 -0.109989 -0.0700535 -0.0448001 -0.0240222 -0.00486851 -0.00486858 
0.00761769 0.00761765 0.0428055 0.0780936 0.121028 0.192896 0.321228 0.530948 0.737968 0.440044 -0.487381 7.23229 41.4679 38.0098 29.0157 22.9691 16.5648 7.4782 -4.75278 -20.6585 -41.4697 -69.1522 -107.096 -157.603 -188.606 -1.084e-13 188.606 157.603 107.096 69.1522 41.4697 20.6585 4.75278 -7.4782 -16.5648 -22.9691 -29.0157 -38.0098 -41.4679 -7.23229 0.487381 -0.440044 -0.737968 -0.530948 -0.321228 -0.192896 -0.121028 -0.0780936 -0.0428055 -0.00761765 -0.00761769 
0.00994573 0.00994572 0.0641877 0.118453 0.184168 0.295234 0.495991 0.826099 1.13182 0.622205 -0.25791 10.0562 40.3942 37.654 28.6568 22.0416 15.4515 6.16257 -6.42733 -22.7622 -44.1201 -72.3594 -110.509 -158.421 -172.374 -3.70807e-13 172.374 158.421 110.509 72.3594 44.1201 22.7622 6.42733 -6.16257 -15.4515 -22.0416 -28.6568 -37.654 -40.3942 -10.0562 0.25791 -0.622205 -1.13182 -0.826099 -0.495991 -0.295234 -0.184168 -0.118453 -0.0641877 -0.00994572 -0.00994573 
0.00844773 0.0084477 0.0799699 0.1522 0.239159 0.388145 0.662399 1.11525 1.48698 0.672297 -0.180095 12.0467 39.5133 37.3838 27.8432 20.6989 13.9888 4.47316 -8.47231 -25.1376 -46.7975 -75.1088 -112.439 -154.587 -149.617 -2.33705e-13 149.617 154.587 112.439 75.1088 46.7975 25.1376 8.47231 -4.47316 -13.9888 -20.6989 -27.8432 -37.3838 -39.5133 -12.0467 0.180095 -0.672297 -1.48698 -1.11525 -0.662399 -0.388145 -0.239159 -0.1522 -0.0799699 -0.0084477 -0.00844773 
0.00228603 0.00228602 0.0895859 0.180241 0.288974 0.477727 0.8325 1.41189 1.79151 0.630322 0.203378 14.1726 38.8565 36.9583 26.7601 19.1899 12.3593 2.57037 -10.7065 -27.6225 -49.454 -77.639 -113.448 -147.569 -126.381 -9.02946e-14 126.381 147.569 113.448 77.639 49.454 27.6225 10.7065 -2.57037 -12.3593 -19.1899 -26.7601 -36.9583 -38.8565 -14.1726 -0.203378 -0.630322 -1.79151 -1.41189 -0.8325 -0.477727 -0.288974 -0.180241 -0.0895859 -0.00228602 -0.00228603 
-0.00817873 -0.00817872 0.0947116 0.205566 0.338437 0.571973 1.01983 1.732 2.06448 0.563256 0.85088 16.3677 38.512 36.2586 25.2823 17.416 10.4448 0.312484 -13.306 -30.4459 -52.3918 -80.2377 -113.307 -136.93 -103.724 -8.49102e-14 103.724 136.93 113.307 80.2377 52.3918 30.4459 13.306 -0.312484 -10.4448 -17.416 -25.2823 -36.2586 -38.512 -16.3677 -0.85088 -0.563256 -2.06448 -1.732 -1.01983 -0.571973 -0.338437 -0.205566 -0.0947116 0.00817872 0.00817873 
-0.0210459 -0.0210459 0.100276 0.234953 0.396524 0.684133 1.24417 2.09338 2.32169 0.548042 1.82741 18.6166 38.3552 35.1478 23.3702 15.3602 8.18592 -2.37297 -16.3403 -33.6661 -55.6234 -82.6239 -111.136 -122.667 -82.9181 -1.42617e-13 82.9181 122.667 111.136 82.6239 55.6234 33.6661 16.3403 2.37297 -8.18592 -15.3602 -23.3702 -35.1478 -38.3552 -18.6166 -1.82741 -0.548042 -2.32169 -2.09338 -1.24417 -0.684133 -0.396524 -0.234953 -0.100276 0.0210459 0.0210459 
-0.0344545 -0.0344545 0.110745 0.273276 0.468222 0.820819 1.51298 2.48735 2.53598 0.578 3.09816 20.9598 38.2705 33.4716 21.0031 12.9817 5.4943 -5.56383 -19.8526 -37.2818 -59.0039 -84.19 -106.051 -105.566 -64.6229 7.35818e-14 64.6229 105.566 106.051 84.19 59.0039 37.2818 19.8526 5.56383 -5.4943 -12.9817 -21.0031 -33.4716 -38.2705 -20.9598 -3.09816 -0.578 -2.53598 -2.48735 -1.51298 -0.820819 -0.468222 -0.273276 -0.110745 0.0344545 0.0344545 
-0.0480995 -0.0480994 0.126925 0.319897 0.551086 0.979321 1.81848 2.87875 2.65995 0.655506 4.69496 23.4608 38.0643 31.0762 18.1572 10.208 2.27688 -9.31006 -23.846 -41.2201 -62.1816 -84.0846 -97.5823 -87.2562 -49.3942 1.55507e-15 49.3942 87.2562 97.5823 84.0846 62.1816 41.2201 23.846 9.31006 -2.27688 -10.208 -18.1572 -31.0762 -38.0643 -23.4608 -4.69496 -0.655506 -2.65995 -2.87875 -1.81848 -0.979321 -0.551086 -0.319897 -0.126925 0.0480994 0.0480995 
-0.0635356 -0.0635355 0.145703 0.369784 0.638955 1.15503 2.14929 3.22808 2.66233 0.833634 6.72517 26.1204 37.397 27.8434 14.8336 6.96226 -1.53828 -13.6344 -28.2919 -45.28 -64.5231 -81.418 -86.0181 -69.5045 -37.1993 -6.86629e-14 37.1993 69.5045 86.0181 81.418 64.5231 45.28 28.2919 13.6344 1.53828 -6.96226 -14.8336 -27.8434 -37.397 -26.1204 -6.72517 -0.833634 -2.66233 -3.22808 -2.14929 -1.15503 -0.638955 -0.369784 -0.145703 0.0635355 0.0635356 
-0.082916 -0.0829159 0.162939 0.418151 0.728963 1.35026 2.49822 3.49955 2.53843 1.22343 9.31354 28.7465 35.8247 23.7473 11.051 3.15927 -6.01652 -18.5406 -33.055 -48.9747 -65.1151 -75.6231 -72.4467 -53.6872 -27.7044 7.16128e-16 27.7044 53.6872 72.4467 75.6231 65.1151 48.9747 33.055 18.5406 6.01652 -3.15927 -11.051 -23.7473 -35.8247 -28.7465 -9.31354 -1.22343 -2.53843 -3.49955 -2.49822 -1.35026 -0.728963 -0.418151 -0.162939 0.0829159 0.082916 
-0.10732 -0.10732 0.176502 0.463662 0.824825 1.57408 2.85348 3.64807 2.30565 1.98838 12.5391 30.8846 32.9245 18.8778 6.80309 -1.31223 -11.1975 -23.9038 -37.6918 -51.4378 -63.0562 -66.8755 -58.4159 -40.5051 -20.4436 -1.28127e-14 20.4436 40.5051 58.4159 66.8755 63.0562 51.4378 37.6918 23.9038 11.1975 1.31223 -6.80309 -18.8778 -32.9245 -30.8846 -12.5391 -1.98838 -2.30565 -3.64807 -2.85348 -1.57408 -0.824825 -0.463662 -0.176502 0.10732 0.10732 
-0.13633 -0.136329 0.186258 0.507381 0.934184 1.83383 3.18301 3.61215 2.02143 3.35063 16.295 31.8521 28.4768 13.3816 2.01168 -6.54046 -16.9493 -29.2485 -41.3247 -51.6481 -57.9631 -56.1767 -45.3598 -30.038 -14.9618 2.72223e-14 14.9618 30.038 45.3598 56.1767 57.9631 51.6481 41.3247 29.2485 16.9493 6.54046 -2.01168 -13.3816 -28.4768 -31.8521 -16.295 -3.35063 -2.02143 -3.61215 -3.18301 -1.83383 -0.934184 -0.507381 -0.186258 0.136329 0.13633 
-0.169263 -0.169263 0.191778 0.550782 1.06669 2.12792 3.42482 3.33116 1.84246 5.54842 20.0946 30.9035 22.5475 7.37208 -3.40389 -12.3811 -22.723 -33.6287 -42.856 -48.9502 -50.3058 -44.9575 -34.176 -21.9899 -10.8661 8.67908e-15 10.8661 21.9899 34.176 44.9575 50.3058 48.9502 42.856 33.6287 22.723 12.3811 3.40389 -7.37208 -22.5475 -30.9035 -20.0946 -5.54842 -1.84246 -3.33116 -3.42482 -2.12792 -1.06669 -0.550782 -0.191778 0.169263 0.169263 
-0.206133 -0.206132 0.19127 0.597053 1.23559 2.43559 3.47904 2.80122 2.08677 8.65144 22.9621 27.5138 15.4463 0.974877 -9.26539 -18.204 -27.4821 -35.8907 -41.5207 -43.4997 -41.2521 -34.5052 -25.1609 -15.9294 -7.83402 -2.79651e-14 7.83402 15.9294 25.1609 34.5052 41.2521 43.4997 41.5207 35.8907 27.4821 18.204 9.26539 -0.974877 -15.4463 -27.5138 -22.9621 -8.65144 -2.08677 -2.80122 -3.47904 -2.43559 -1.23559 -0.597053 -0.19127 0.206132 0.206133 
-0.249057 -0.249056 0.180964 0.656293 1.45551 2.69185 3.23092 2.19014 3.16657 12.2083 23.6534 21.6885 7.72275 -5.4578 -14.8976 -22.9128 -30.0589 -35.2684 -37.3729 -36.2486 -32.1401 -25.5991 -18.1944 -11.4299 -5.60644 -8.86366e-16 5.60644 11.4299 18.1944 25.5991 32.1401 36.2486 37.3729 35.2684 30.0589 22.9128 14.8976 5.4578 -7.72275 -21.6885 -23.6534 -12.2083 -3.16657 -2.19014 -3.23092 -2.69185 -1.45551 -0.656293 -0.180964 0.249056 0.249057 
-0.305168 -0.305168 0.16251 0.757683 1.71904 2.76574 2.65562 1.90286 5.24006 15.0543 21.3434 14.1476 0.177551 -11.2026 -19.243 -25.3961 -29.7751 -31.8579 -31.2934 -28.4741 -23.9793 -18.4851 -12.9604 -8.12231 -3.97928 -1.9559e-14 3.97928 8.12231 12.9604 18.4851 23.9793 28.4741 31.2934 31.8579 29.7751 25.3961 19.243 11.2026 -0.177551 -14.1476 -21.3434 -15.0543 -5.24006 -1.90286 -2.65562 -2.76574 -1.71904 -0.757683 -0.16251 0.305168 0.305168 
-0.375251 -0.375251 0.162194 0.927252 1.92844 2.50929 1.97641 2.40605 7.77425 15.7963 16.2545 6.18549 -6.24445 -15.3525 -21.3611 -25.1245 -26.8269 -26.556 -24.5202 -21.2474 -17.2615 -13.0515 -9.10196 -5.70955 -2.79643 -7.63104e-15 2.79643 5.70955 9.10196 13.0515 17.2615 21.2474 24.5202 26.556 26.8269 25.1245 21.3611 15.3525 6.24445 -6.18549 -16.2545 -15.7963 -7.77425 -2.40605 -1.97641 -2.50929 -1.92844 -0.927252 -0.162194 0.375251 0.375251 
-0.443275 -0.443275 0.206477 1.10696 1.91548 1.98302 1.69305 3.76296 9.55878 13.7518 9.62061 -0.812868 -10.7162 -17.2409 -20.9248 -22.4096 -22.1357 -20.5734 -18.1232 -15.1804 -12.0607 -9.03504 -6.30227 -3.96584 -1.94312 -3.16173e-14 1.94312 3.96584 6.30227 9.03504 12.0607 15.1804 18.1232 20.5734 22.1357 22.4096 20.9248 17.2409 10.7162 0.812868 -9.62061 -13.7518 -9.55878 -3.76296 -1.69305 -1.98302 -1.91548 -1.10696 -0.206477 0.443275 0.443275 
-0.457823 -0.457823 0.317833 1.21875 1.68419 1.55913 2.10275 5.19748 9.41614 9.48382 3.1159 -5.79861 -12.7886 -16.7643 -18.3534 -18.1945 -16.8814 -14.9587 -12.7603 -10.4751 -8.23201 -6.15603 -4.31182 -2.7265 -1.33705 4.66757e-15 1.33705 2.7265 4.31182 6.15603 8.23201 10.4751 12.7603 14.9587 16.8814 18.1945 18.3534 16.7643 12.7886 5.79861 -3.1159 -9.48382 -9.41614 -5.19748 -2.10275 -1.55913 -1.68419 -1.21875 -0.317833 0.457823 0.457823 
-0.312141 -0.312141 0.504472 1.19411 1.32214 1.39436 2.74677 5.6367 7.32409 4.63505 -1.73523 -8.26058 -12.564 -14.4754 -14.6305 -13.6526 -12.0972 -10.3835 -8.69975 -7.08342 -5.55482 -4.16846 -2.93942 -1.86972 -0.917921 -3.35883e-15 0.917921 1.86972 2.93942 4.16846 5.55482 7.08342 8.69975 10.3835 12.0972 13.6526 14.6305 14.4754 12.564 8.26058 1.73523 -4.63505 -7.32409 -5.6367 -2.74677 -1.39436 -1.32214 -1.19411 -0.504472 0.312141 0.312141 
-0.121348 -0.121348 0.51641 0.875327 0.968543 1.6379 3.4637 5.30704 4.74885 0.921028 -4.33806 -8.64033 -10.9728 -11.5689 -11.0121 -9.83473 -8.45203 -7.12108 -5.92237 -4.81973 -3.78787 -2.85774 -2.02974 -1.29854 -0.637925 -4.12618e-14 0.637925 1.29854 2.02974 2.85774 3.78787 4.81973 5.92237 7.12108 8.45203 9.83473 11.0121 11.5689 10.9728 8.64033 4.33806 -0.921028 -4.74885 -5.30704 -3.4637 -1.6379 -0.968543 -0.875327 -0.51641 0.121348 0.121348 
-0.0729794 -0.0729796 0.415191 0.868375 1.58047 2.96902 4.47478 4.52507 2.06079 -2.12903 -6.16745 -8.7506 -9.68619 -9.41782 -8.4749 -7.27333 -6.08199 -5.03248 -4.14857 -3.36533 -2.63995 -1.99454 -1.42229 -0.913067 -0.448164 -9.9545e-15 0.448164 0.913067 1.42229 1.99454 2.63995 3.36533 4.14857 5.03248 6.08199 7.27333 8.4749 9.41782 9.68619 8.7506 6.16745 2.12903 -2.06079 -4.52507 -4.47478 -2.96902 -1.58047 -0.868375 -0.415191 0.0729796 0.0729794 
-0.175976 -0.175976 0.290142 0.91571 1.77399 2.62581 2.53826 0.693168 -2.57102 -5.86985 -7.96607 -8.60861 -8.21544 -7.27508 -6.14698 -5.0501 -4.08871 -3.28813 -2.63058 -2.08126 -1.6103 -1.208 -0.859281 -0.551193 -0.269788 -2.39343e-14 0.269788 0.551193 0.859281 1.208 1.6103 2.08126 2.63058 3.28813 4.08871 5.0501 6.14698 7.27508 8.21544 8.60861 7.96607 5.86985 2.57102 -0.693168 -2.53826 -2.62581 -1.77399 -0.91571 -0.290142 0.175976 0.175976 
0 0 0 0 0 0 0 0 0 0 0 0 0 0 0 0 0 0 0 0 0 0 0 0 0 0 0 0 0 0 0 0 0 0 0 0 0 0 0 0 0 0 0 0 0 0 0 0 0 0 0 
