    0 387.178289
    1 482.952185
    2 627.958478
    3 777.160231
    4 928.209773
    5 1074.837785
    6 1212.423538
    7 1339.796249
    8 1457.196720
    9 1564.239606
   10 1659.683367
   11 1742.169746
   12 1811.047669
   13 1866.454981
   14 1909.013921
   15 1939.519857
   16 1958.684268
   17 1967.113463
   18 1965.362394
   19 1954.035343
   20 1933.811365
   21 1905.448216
   22 1869.842406
   23 1827.944586
   24 1780.689199
   25 1728.857119
   26 1673.188303
   27 1614.199885
   28 1552.307655
   29 1488.046552
   30 1421.692053
   31 1353.648937
   32 1284.381017
   33 1214.472991
   34 1144.646498
   35 1075.640234
   36 1008.247069
   37 943.303623
   38 881.667533
   39 824.118633
   40 771.346171
   41 723.847075
   42 681.933819
   43 645.695916
   44 615.006181
   45 589.545225
   46 568.779587
   47 552.041700
   48 538.602136
   49 527.735204
   50 518.770654
   51 511.125109
   52 504.319524
   53 497.987058
   54 491.863718
   55 485.772237
   56 479.607197
   57 473.320801
   58 466.907664
   59 460.387107
   60 453.817438
   61 447.250439
   62 440.740346
   63 434.343343
   64 428.110012
   65 422.083727
   66 416.299553
   67 410.780121
   68 405.537485
   69 400.573558
   70 395.879940
   71 391.440237
   72 387.231085
   73 383.223038
   74 379.380875
   75 375.664494
   76 372.030360
   77 368.433118
   78 364.826411
   79 361.166154
   80 357.409485
   81 353.517168
   82 349.448818
   83 345.175710
   84 340.670715
   85 335.913415
   86 330.886624
   87 325.574563
   88 319.968648
   89 314.062797
   90 307.863881
   91 301.379708
   92 294.624826
   93 287.615214
   94 280.366515
   95 272.901517
   96 265.242760
   97 257.415692
   98 249.449842
   99 241.368595
  100 233.206714
  101 224.993352
  102 216.757142
  103 208.525898
  104 200.325666
  105 192.184204
  106 184.127777
  107 176.180815
  108 168.366608
  109 160.707705
  110 153.223954
  111 145.931104
  112 138.847596
  113 131.990703
  114 125.374548
  115 119.010766
  116 112.909104
  117 107.078545
  118 101.527105
  119 96.262030
  120 91.289658
  121 86.615383
  122 82.241534
  123 78.170039
  124 74.401386
  125 70.934878
  126 67.767981
  127 64.896388
  128 62.313885
  129 60.012073
  130 57.980542
  131 56.205774
  132 54.672520
  133 53.363692
  134 52.260702
  135 51.343895
  136 50.593163
  137 49.987721
  138 49.506998
  139 49.131093
  140 48.841050
  141 48.619115
  142 48.448907
  143 48.315498
  144 48.205458
  145 48.106957
  146 48.009776
  147 47.904130
  148 47.781750
  149 47.636011
  150 47.461588
  151 47.253211
  152 47.006703
  153 46.718966
  154 46.387801
  155 46.011642
  156 45.589326
  157 45.120284
  158 44.604438
  159 44.042072
  160 43.433922
  161 42.781083
  162 42.084989
  163 41.347354
  164 40.570017
  165 39.755212
  166 38.905388
  167 38.023078
  168 37.110938
  169 36.171788
  170 35.208542
  171 34.224188
  172 33.221763
  173 32.204325
  174 31.174958
  175 30.136753
  176 29.092787
  177 28.046088
  178 26.999616
  179 25.956275
  180 24.918888
  181 23.890193
  182 22.872830
  183 21.869336
  184 20.882137
  185 19.913539
  186 18.965766
  187 18.040869
  188 17.140802
  189 16.267414
  190 15.422435
  191 14.607482
  192 13.824045
  193 13.073480
  194 12.357031
  195 11.675829
  196 11.030873
  197 10.423018
  198 9.852961
  199 9.321218
  200 8.828101
  201 8.373682
  202 7.957759
  203 7.579821
  204 7.239015
  205 6.934126
  206 6.663568
  207 6.425390
  208 6.217305
  209 6.036740
  210 5.880906
  211 5.746875
  212 5.631668
  213 5.532334
  214 5.446030
  215 5.370078
  216 5.302012
  217 5.239605
  218 5.180889
  219 5.124154
  220 5.067941
  221 5.011033
  222 4.952435
  223 4.891353
  224 4.827181
  225 4.759468
  226 4.687910
  227 4.612323
  228 4.532634
  229 4.448858
  230 4.361092
  231 4.269497
  232 4.174288
  233 4.075726
  234 3.974112
  235 3.869776
  236 3.763071
  237 3.654370
  238 3.544055
  239 3.432521
  240 3.320163
  241 3.207385
  242 3.094587
  243 2.982167
  244 2.870520
  245 2.760032
  246 2.651080
  247 2.544034
  248 2.439249
  249 2.337070
  250 2.237825
  251 2.141826
  252 2.049368
  253 1.960722
  254 1.876137
  255 1.795834
  256 1.720003
  257 1.648798
  258 1.582333
  259 1.520680
  260 1.463861
  261 1.411846
  262 1.364554
  263 1.321847
  264 1.283534
  265 1.249376
  266 1.219089
  267 1.192352
  268 1.168818
  269 1.148121
  270 1.129889
  271 1.113752
  272 1.099347
  273 1.086334
  274 1.074394
  275 1.063234
  276 1.052596
  277 1.042248
  278 1.031994
  279 1.021669
  280 1.011136
  281 1.000288
  282 0.989045
  283 0.977351
  284 0.965171
  285 0.952493
  286 0.939320
  287 0.925674
  288 0.911589
  289 0.897112
  290 0.882301
  291 0.867224
  292 0.851955
  293 0.836575
  294 0.821170
  295 0.805827
  296 0.790639
  297 0.775696
  298 0.761090
  299 0.746907
  300 0.733233
  301 0.720147
  302 0.707723
  303 0.696025
  304 0.685109
  305 0.675020
  306 0.665793
  307 0.657451
  308 0.650001
  309 0.643443
  310 0.637759
  311 0.632923
  312 0.628897
  313 0.625631
  314 0.623068
  315 0.621145
  316 0.619792
  317 0.618933
  318 0.618494
  319 0.618396
  320 0.618562
  321 0.618917
  322 0.619387
  323 0.619902
  324 0.620396
  325 0.620807
  326 0.621079
  327 0.621158
  328 0.620998
  329 0.620557
  330 0.619798
  331 0.618688
  332 0.617201
  333 0.615312
  334 0.613005
  335 0.610263
  336 0.607076
  337 0.603438
  338 0.599345
  339 0.594796
  340 0.589794
  341 0.584343
  342 0.578451
  343 0.572128
  344 0.565385
  345 0.558236
  346 0.550695
  347 0.542780
  348 0.534508
  349 0.525898
  350 0.516969
  351 0.507742
  352 0.498239
  353 0.488480
  354 0.478489
  355 0.468286
  356 0.457896
  357 0.447341
  358 0.436642
  359 0.425824
  360 0.414908
  361 0.403916
  362 0.392870
  363 0.381793
  364 0.370704
  365 0.359624
  366 0.348574
  367 0.337572
  368 0.326639
  369 0.315791
  370 0.305048
  371 0.294425
  372 0.283939
  373 0.273606
  374 0.263441
  375 0.253456
  376 0.243667
  377 0.234086
  378 0.224724
  379 0.215593
  380 0.206703
  381 0.198064
  382 0.189685
  383 0.181573
  384 0.173737
  385 0.166182
  386 0.158914
  387 0.151939
  388 0.145260
  389 0.138880
  390 0.132801
  391 0.127024
  392 0.121550
  393 0.116377
  394 0.111503
  395 0.106923
  396 0.102632
  397 0.098625
  398 0.094893
  399 0.091427
  400 0.088217
  401 0.085250
  402 0.082514
  403 0.079994
  404 0.077676
  405 0.075543
  406 0.073580
  407 0.071770
  408 0.070098
  409 0.068548
  410 0.067105
  411 0.065753
  412 0.064480
  413 0.063273
  414 0.062119
  415 0.061008
  416 0.059931
  417 0.058880
  418 0.057846
  419 0.056823
  420 0.055807
  421 0.054792
  422 0.053775
  423 0.052753
  424 0.051723
  425 0.050686
  426 0.049638
  427 0.048580
  428 0.047512
  429 0.046434
  430 0.045347
  431 0.044251
  432 0.043149
  433 0.042041
  434 0.040928
  435 0.039814
  436 0.038698
  437 0.037584
  438 0.036473
  439 0.035366
  440 0.034267
  441 0.033177
  442 0.032097
  443 0.031030
  444 0.029977
  445 0.028940
  446 0.027922
  447 0.026922
  448 0.025944
  449 0.024988
  450 0.024056
  451 0.023150
  452 0.022269
  453 0.021416
  454 0.020591
  455 0.019795
  456 0.019029
  457 0.018294
  458 0.017590
  459 0.016918
  460 0.016278
  461 0.015669
  462 0.015093
  463 0.014548
  464 0.014035
  465 0.013554
  466 0.013103
  467 0.012683
  468 0.012292
  469 0.011929
  470 0.011595
  471 0.011286
  472 0.011003
  473 0.010743
  474 0.010506
  475 0.010291
  476 0.010094
  477 0.009917
  478 0.009756
  479 0.009610
  480 0.009478
  481 0.009360
  482 0.009252
  483 0.009156
  484 0.009068
  485 0.008989
  486 0.008917
  487 0.008851
  488 0.008791
  489 0.008736
  490 0.008685
  491 0.008638
  492 0.008595
  493 0.008554
  494 0.008515
  495 0.008478
  496 0.008443
  497 0.008409
  498 0.008375
  499 0.008343
  500 0.008311
  501 0.008279
  502 0.008247
  503 0.008215
  504 0.008182
  505 0.008148
  506 0.008114
  507 0.008079
  508 0.008043
  509 0.008005
  510 0.007966
  511 0.007925
  512 0.007883
  513 0.007839
  514 0.007792
  515 0.007744
  516 0.007694
  517 0.007641
  518 0.007586
  519 0.007529
  520 0.007469
  521 0.007407
  522 0.007342
  523 0.007275
  524 0.007205
  525 0.007133
  526 0.007058
  527 0.006980
  528 0.006900
  529 0.006818
  530 0.006733
  531 0.006646
  532 0.006556
  533 0.006465
  534 0.006371
  535 0.006275
  536 0.006177
  537 0.006077
  538 0.005975
  539 0.005872
  540 0.005768
  541 0.005662
  542 0.005554
  543 0.005446
  544 0.005336
  545 0.005226
  546 0.005115
  547 0.005003
  548 0.004891
  549 0.004778
  550 0.004665
  551 0.004552
  552 0.004440
  553 0.004327
  554 0.004215
  555 0.004103
  556 0.003992
  557 0.003881
  558 0.003772
  559 0.003663
  560 0.003556
  561 0.003449
  562 0.003344
  563 0.003240
  564 0.003138
  565 0.003037
  566 0.002938
  567 0.002841
  568 0.002745
  569 0.002651
  570 0.002560
  571 0.002470
  572 0.002382
  573 0.002297
  574 0.002214
  575 0.002133
  576 0.002054
  577 0.001977
  578 0.001903
  579 0.001831
  580 0.001761
  581 0.001694
  582 0.001629
  583 0.001567
  584 0.001507
  585 0.001449
  586 0.001393
  587 0.001340
  588 0.001289
  589 0.001240
  590 0.001193
  591 0.001149
  592 0.001107
  593 0.001066
  594 0.001028
  595 0.000991
  596 0.000957
  597 0.000924
  598 0.000893
  599 0.000863
  600 0.000835
  601 0.000808
  602 0.000783
  603 0.000759
  604 0.000737
  605 0.000715
  606 0.000695
  607 0.000675
  608 0.000657
  609 0.000639
  610 0.000622
  611 0.000606
  612 0.000590
  613 0.000575
  614 0.000560
  615 0.000546
  616 0.000532
  617 0.000519
  618 0.000506
  619 0.000494
  620 0.000481
  621 0.000470
  622 0.000458
  623 0.000446
  624 0.000435
  625 0.000424
  626 0.000413
  627 0.000402
  628 0.000392
  629 0.000382
