0 3.12641e-15 1.61121e-14 1.16504e-14 -5.25274e-15 -2.71588e-14 -1.94983e-14 -3.40561e-14 -5.2125e-14 -3.35981e-14 -4.15917e-14 0 41.9058 37.0909 30.3627 25.9412 19.6692 10.8299 -0.729583 -15.677 -35.0694 -60.7624 -96.0299 -147.214 -194.026 2.58231e-13 194.026 147.214 96.0299 60.7624 35.0694 15.677 0.729583 -10.8299 -19.6692 -25.9412 -30.3627 -37.0909 -41.9058 0 -4.15917e-14 -3.35981e-14 -5.2125e-14 -3.40561e-14 -1.94983e-14 -2.71588e-14 -5.25274e-15 1.16504e-14 1.61121e-14 3.12641e-15 0 
0.00486775 0.00486774 0.0240214 0.044803 0.0700622 0.109999 0.179604 0.291992 0.393011 0.188664 -0.23933 6.97947 43.7002 38.3481 28.8274 23.2491 17.0322 8.06006 -4.00463 -19.67 -40.0712 -67.2095 -104.763 -156.871 -197.757 5.74733e-13 197.757 156.871 104.763 67.2095 40.0712 19.67 4.00463 -8.06006 -17.0322 -23.2491 -28.8274 -38.3481 -43.7002 -6.97947 0.23933 -0.188664 -0.393011 -0.291992 -0.179604 -0.109999 -0.0700622 -0.044803 -0.0240214 -0.00486774 -0.00486775 
0.00761759 0.00761757 0.0428056 0.078096 0.121033 0.1929 0.321226 0.530938 0.737954 0.440032 -0.487384 7.23231 41.468 38.0098 29.0157 22.9691 16.5648 7.47817 -4.75274 -20.6584 -41.4697 -69.1523 -107.096 -157.603 -188.606 1.66475e-13 188.606 157.603 107.096 69.1523 41.4697 20.6584 4.75274 -7.47817 -16.5648 -22.9691 -29.0157 -38.0098 -41.468 -7.23231 0.487384 -0.440032 -0.737954 -0.530938 -0.321226 -0.1929 -0.121033 -0.078096 -0.0428056 -0.00761757 -0.00761759 
0.00994543 0.00994541 0.0641882 0.118456 0.184175 0.295239 0.495988 0.826087 1.13181 0.622189 -0.257913 10.0562 40.3943 37.654 28.6568 22.0416 15.4515 6.16255 -6.42727 -22.7622 -44.1202 -72.3594 -110.509 -158.421 -172.374 9.95585e-14 172.374 158.421 110.509 72.3594 44.1202 22.7622 6.42727 -6.16255 -15.4515 -22.0416 -28.6568 -37.654 -40.3943 -10.0562 0.257913 -0.622189 -1.13181 -0.826087 -0.495988 -0.295239 -0.184175 -0.118456 -0.0641882 -0.00994541 -0.00994543 
0.00844767 0.00844764 0.0799702 0.152203 0.239165 0.38815 0.662397 1.11524 1.48696 0.672282 -0.180098 12.0468 39.5133 37.3838 27.8432 20.6989 13.9888 4.47316 -8.47225 -25.1376 -46.7976 -75.1088 -112.439 -154.587 -149.617 1.62536e-13 149.617 154.587 112.439 75.1088 46.7976 25.1376 8.47225 -4.47316 -13.9888 -20.6989 -27.8432 -37.3838 -39.5133 -12.0468 0.180098 -0.672282 -1.48696 -1.11524 -0.662397 -0.38815 -0.239165 -0.152203 -0.0799702 -0.00844764 -0.00844767 
0.00228606 0.00228603 0.0895865 0.180245 0.28898 0.477732 0.832498 1.41188 1.79149 0.630306 0.203377 14.1727 38.8565 36.9583 26.7601 19.1898 12.3593 2.5704 -10.7065 -27.6225 -49.454 -77.639 -113.448 -147.569 -126.381 2.28024e-13 126.381 147.569 113.448 77.639 49.454 27.6225 10.7065 -2.5704 -12.3593 -19.1898 -26.7601 -36.9583 -38.8565 -14.1727 -0.203377 -0.630306 -1.79149 -1.41188 -0.832498 -0.477732 -0.28898 -0.180245 -0.0895865 -0.00228603 -0.00228606 
-0.00817859 -0.00817863 0.0947125 0.20557 0.338444 0.571978 1.01983 1.73199 2.06446 0.563241 0.85088 16.3678 38.512 36.2585 25.2823 17.416 10.4448 0.312527 -13.306 -30.446 -52.3919 -80.2376 -113.307 -136.93 -103.724 7.74174e-14 103.724 136.93 113.307 80.2376 52.3919 30.446 13.306 -0.312527 -10.4448 -17.416 -25.2823 -36.2585 -38.512 -16.3678 -0.85088 -0.563241 -2.06446 -1.73199 -1.01983 -0.571978 -0.338444 -0.20557 -0.0947125 0.00817863 0.00817859 
-0.0210456 -0.0210457 0.100277 0.234957 0.396531 0.684138 1.24417 2.09337 2.32168 0.548027 1.82742 18.6166 38.3553 35.1478 23.3702 15.3602 8.18594 -2.37292 -16.3403 -33.6661 -55.6234 -82.6238 -111.136 -122.667 -82.9182 1.50293e-13 82.9182 122.667 111.136 82.6238 55.6234 33.6661 16.3403 2.37292 -8.18594 -15.3602 -23.3702 -35.1478 -38.3553 -18.6166 -1.82742 -0.548027 -2.32168 -2.09337 -1.24417 -0.684138 -0.396531 -0.234957 -0.100277 0.0210457 0.0210456 
-0.0344542 -0.0344542 0.110747 0.27328 0.468228 0.820824 1.51298 2.48734 2.53597 0.577987 3.09816 20.9598 38.2705 33.4716 21.0031 12.9817 5.49433 -5.5638 -19.8526 -37.2818 -59.0039 -84.19 -106.051 -105.566 -64.6229 1.9335e-13 64.6229 105.566 106.051 84.19 59.0039 37.2818 19.8526 5.5638 -5.49433 -12.9817 -21.0031 -33.4716 -38.2705 -20.9598 -3.09816 -0.577987 -2.53597 -2.48734 -1.51298 -0.820824 -0.468228 -0.27328 -0.110747 0.0344542 0.0344542 
-0.0480991 -0.0480991 0.126926 0.3199 0.551092 0.979326 1.81848 2.87874 2.65993 0.655494 4.69497 23.4608 38.0643 31.0762 18.1572 10.208 2.27691 -9.31005 -23.846 -41.2202 -62.1816 -84.0846 -97.5823 -87.2562 -49.3942 2.12651e-13 49.3942 87.2562 97.5823 84.0846 62.1816 41.2202 23.846 9.31005 -2.27691 -10.208 -18.1572 -31.0762 -38.0643 -23.4608 -4.69497 -0.655494 -2.65993 -2.87874 -1.81848 -0.979326 -0.551092 -0.3199 -0.126926 0.0480991 0.0480991 
-0.0635352 -0.0635353 0.145705 0.369788 0.638961 1.15503 2.14929 3.22807 2.66232 0.833623 6.72518 26.1205 37.3969 27.8434 14.8336 6.9623 -1.53825 -13.6344 -28.2919 -45.28 -64.5231 -81.418 -86.0181 -69.5045 -37.1993 1.8018e-13 37.1993 69.5045 86.0181 81.418 64.5231 45.28 28.2919 13.6344 1.53825 -6.9623 -14.8336 -27.8434 -37.3969 -26.1205 -6.72518 -0.833623 -2.66232 -3.22807 -2.14929 -1.15503 -0.638961 -0.369788 -0.145705 0.0635353 0.0635352 
-0.0829156 -0.0829156 0.16294 0.418155 0.728968 1.35026 2.49822 3.49955 2.53842 1.22342 9.31355 28.7465 35.8247 23.7472 11.051 3.1593 -6.01652 -18.5406 -33.055 -48.9747 -65.1151 -75.623 -72.4467 -53.6872 -27.7044 3.31865e-14 27.7044 53.6872 72.4467 75.623 65.1151 48.9747 33.055 18.5406 6.01652 -3.1593 -11.051 -23.7472 -35.8247 -28.7465 -9.31355 -1.22342 -2.53842 -3.49955 -2.49822 -1.35026 -0.728968 -0.418155 -0.16294 0.0829156 0.0829156 
-0.10732 -0.10732 0.176503 0.463666 0.82483 1.57408 2.85349 3.64806 2.30563 1.98837 12.5391 30.8846 32.9245 18.8778 6.80312 -1.31221 -11.1976 -23.9038 -37.6918 -51.4378 -63.0562 -66.8755 -58.4159 -40.5051 -20.4436 1.94665e-14 20.4436 40.5051 58.4159 66.8755 63.0562 51.4378 37.6918 23.9038 11.1976 1.31221 -6.80312 -18.8778 -32.9245 -30.8846 -12.5391 -1.98837 -2.30563 -3.64806 -2.85349 -1.57408 -0.82483 -0.463666 -0.176503 0.10732 0.10732 
-0.136329 -0.136329 0.18626 0.507385 0.934189 1.83383 3.18301 3.61215 2.02142 3.35063 16.295 31.8521 28.4768 13.3816 2.01169 -6.54047 -16.9493 -29.2486 -41.3247 -51.6481 -57.9631 -56.1767 -45.3598 -30.038 -14.9618 8.92618e-14 14.9618 30.038 45.3598 56.1767 57.9631 51.6481 41.3247 29.2486 16.9493 6.54047 -2.01169 -13.3816 -28.4768 -31.8521 -16.295 -3.35063 -2.02142 -3.61215 -3.18301 -1.83383 -0.934189 -0.507385 -0.18626 0.136329 0.136329 
-0.169262 -0.169262 0.19178 0.550786 1.0667 2.12793 3.42482 3.33115 1.84245 5.54842 20.0946 30.9035 22.5475 7.37209 -3.40389 -12.3811 -22.723 -33.6287 -42.856 -48.9502 -50.3058 -44.9575 -34.176 -21.9899 -10.8661 7.03768e-14 10.8661 21.9899 34.176 44.9575 50.3058 48.9502 42.856 33.6287 22.723 12.3811 3.40389 -7.37209 -22.5475 -30.9035 -20.0946 -5.54842 -1.84245 -3.33115 -3.42482 -2.12793 -1.0667 -0.550786 -0.19178 0.169262 0.169262 
-0.206132 -0.206132 0.191272 0.597057 1.23559 2.43559 3.47904 2.80121 2.08677 8.65144 22.9621 27.5138 15.4463 0.974873 -9.26539 -18.204 -27.4822 -35.8907 -41.5207 -43.4997 -41.2521 -34.5052 -25.1609 -15.9294 -7.83402 6.61691e-14 7.83402 15.9294 25.1609 34.5052 41.2521 43.4997 41.5207 35.8907 27.4822 18.204 9.26539 -0.974873 -15.4463 -27.5138 -22.9621 -8.65144 -2.08677 -2.80121 -3.47904 -2.43559 -1.23559 -0.597057 -0.191272 0.206132 0.206132 
-0.249055 -0.249055 0.180967 0.656297 1.45551 2.69185 3.23092 2.19013 3.16656 12.2083 23.6534 21.6885 7.72274 -5.45781 -14.8976 -22.9128 -30.0589 -35.2684 -37.3729 -36.2486 -32.1401 -25.5991 -18.1944 -11.4299 -5.60644 4.38857e-14 5.60644 11.4299 18.1944 25.5991 32.1401 36.2486 37.3729 35.2684 30.0589 22.9128 14.8976 5.45781 -7.72274 -21.6885 -23.6534 -12.2083 -3.16656 -2.19013 -3.23092 -2.69185 -1.45551 -0.656297 -0.180967 0.249055 0.249055 
-0.305166 -0.305166 0.162512 0.757688 1.71905 2.76575 2.65562 1.90286 5.24007 15.0544 21.3434 14.1475 0.177538 -11.2027 -19.243 -25.3961 -29.7751 -31.8579 -31.2934 -28.4741 -23.9793 -18.4851 -12.9604 -8.12231 -3.97928 4.87729e-14 3.97928 8.12231 12.9604 18.4851 23.9793 28.4741 31.2934 31.8579 29.7751 25.3961 19.243 11.2027 -0.177538 -14.1475 -21.3434 -15.0544 -5.24007 -1.90286 -2.65562 -2.76575 -1.71905 -0.757688 -0.162512 0.305166 0.305166 
-0.375249 -0.375249 0.162197 0.927257 1.92844 2.50929 1.9764 2.40605 7.77425 15.7963 16.2545 6.18547 -6.24446 -15.3525 -21.3611 -25.1245 -26.8269 -26.556 -24.5202 -21.2474 -17.2615 -13.0515 -9.10196 -5.70955 -2.79643 2.63187e-14 2.79643 5.70955 9.10196 13.0515 17.2615 21.2474 24.5202 26.556 26.8269 25.1245 21.3611 15.3525 6.24446 -6.18547 -16.2545 -15.7963 -7.77425 -2.40605 -1.9764 -2.50929 -1.92844 -0.927257 -0.162197 0.375249 0.375249 
-0.443272 -0.443272 0.206481 1.10696 1.91549 1.98302 1.69304 3.76297 9.55878 13.7518 9.6206 -0.81288 -10.7162 -17.241 -20.9248 -22.4096 -22.1357 -20.5734 -18.1232 -15.1804 -12.0607 -9.03504 -6.30227 -3.96584 -1.94312 -3.15069e-14 1.94312 3.96584 6.30227 9.03504 12.0607 15.1804 18.1232 20.5734 22.1357 22.4096 20.9248 17.241 10.7162 0.81288 -9.6206 -13.7518 -9.55878 -3.76297 -1.69304 -1.98302 -1.91549 -1.10696 -0.206481 0.443272 0.443272 
-0.457819 -0.457819 0.317837 1.21876 1.68419 1.55913 2.10275 5.19749 9.41614 9.48382 3.11589 -5.79861 -12.7886 -16.7643 -18.3534 -18.1945 -16.8814 -14.9587 -12.7603 -10.4751 -8.232 -6.15603 -4.31182 -2.7265 -1.33705 -3.41134e-14 1.33705 2.7265 4.31182 6.15603 8.232 10.4751 12.7603 14.9587 16.8814 18.1945 18.3534 16.7643 12.7886 5.79861 -3.11589 -9.48382 -9.41614 -5.19749 -2.10275 -1.55913 -1.68419 -1.21876 -0.317837 0.457819 0.457819 
-0.312136 -0.312136 0.504478 1.19411 1.32214 1.39436 2.74677 5.6367 7.32409 4.63505 -1.73524 -8.26058 -12.564 -14.4754 -14.6305 -13.6526 -12.0972 -10.3835 -8.69975 -7.08342 -5.55482 -4.16846 -2.93942 -1.86972 -0.91792 -2.19152e-15 0.91792 1.86972 2.93942 4.16846 5.55482 7.08342 8.69975 10.3835 12.0972 13.6526 14.6305 14.4754 12.564 8.26058 1.73524 -4.63505 -7.32409 -5.6367 -2.74677 -1.39436 -1.32214 -1.19411 -0.504478 0.312136 0.312136 
-0.121341 -0.121341 0.516415 0.875331 0.968544 1.6379 3.4637 5.30705 4.74885 0.921024 -4.33806 -8.64033 -10.9728 -11.5689 -11.0121 -9.83473 -8.45203 -7.12107 -5.92237 -4.81972 -3.78787 -2.85774 -2.02974 -1.29854 -0.637925 7.20456e-15 0.637925 1.29854 2.02974 2.85774 3.78787 4.81972 5.92237 7.12107 8.45203 9.83473 11.0121 11.5689 10.9728 8.64033 4.33806 -0.921024 -4.74885 -5.30705 -3.4637 -1.6379 -0.968544 -0.875331 -0.516415 0.121341 0.121341 
-0.0729727 -0.0729728 0.415196 0.868378 1.58047 2.96903 4.47478 4.52507 2.06078 -2.12903 -6.16745 -8.7506 -9.68619 -9.41782 -8.4749 -7.27333 -6.08199 -5.03248 -4.14857 -3.36532 -2.63995 -1.99454 -1.42229 -0.913067 -0.448164 -7.65642e-15 0.448164 0.913067 1.42229 1.99454 2.63995 3.36532 4.14857 5.03248 6.08199 7.27333 8.4749 9.41782 9.68619 8.7506 6.16745 2.12903 -2.06078 -4.52507 -4.47478 -2.96903 -1.58047 -0.868378 -0.415196 0.0729728 0.0729727 
-0.175968 -0.175968 0.290148 0.915714 1.774 2.62581 2.53826 0.693167 -2.57102 -5.86985 -7.96608 -8.60861 -8.21544 -7.27508 -6.14698 -5.0501 -4.08871 -3.28813 -2.63058 -2.08126 -1.6103 -1.208 -0.859281 -0.551193 -0.269788 -2.85852e-14 0.269788 0.551193 0.859281 1.208 1.6103 2.08126 2.63058 3.28813 4.08871 5.0501 6.14698 7.27508 8.21544 8.60861 7.96608 5.86985 2.57102 -0.693167 -2.53826 -2.62581 -1.774 -0.915714 -0.290148 0.175968 0.175968 
0 0 0 0 0 0 0 0 0 0 0 0 0 0 0 0 0 0 0 0 0 0 0 0 0 0 0 0 0 0 0 0 0 0 0 0 0 0 0 0 0 0 0 0 0 0 0 0 0 0 0 
