0 0 0 0 0 0 0 0 0 0 0 4.73193e-09 -0.0149783 -0.0279405 -0.0389613 -0.0479311 -0.0546107 -0.0587164 -0.060013 -0.0583914 -0.0539131 -0.0468134 -0.0374613 -0.026288 -0.0137006 0 0.0137006 0.026288 0.0374613 0.0468134 0.0539131 0.0583914 0.060013 0.0587164 0.0546107 0.0479311 0.0389613 0.0279405 0.0149783 -4.73193e-09 0 0 0 0 0 0 0 0 0 0 0 
-0.02 -0.0195706 -0.0191563 -0.0187253 -0.0182667 -0.0177813 -0.0172772 -0.0167685 -0.016277 -0.0158422 -0.0155697 -0.0161143 -0.0292871 -0.0411102 -0.0510991 -0.0590246 -0.0646128 -0.0675752 -0.0676954 -0.0648788 -0.0591858 -0.0508475 -0.0402301 -0.0277905 -0.0145572 6.75792e-19 0.0145572 0.0277905 0.0402301 0.0508475 0.0591858 0.0648788 0.0676954 0.0675752 0.0646128 0.0590246 0.0510991 0.0411102 0.0292871 0.0161143 0.0155697 0.0158422 0.016277 0.0167685 0.0172772 0.0177813 0.0182667 0.0187253 0.0191563 0.0195706 0.02 
-0.043 -0.0420818 -0.0411943 -0.0402702 -0.0392863 -0.0382438 -0.0371599 -0.0360644 -0.035004 -0.0340629 -0.0334621 -0.0343304 -0.0456646 -0.0561935 -0.0649891 -0.0717039 -0.0760277 -0.0776698 -0.076441 -0.0722513 -0.0651591 -0.0553925 -0.0433228 -0.0294849 -0.0155105 1.54881e-18 0.0155105 0.0294849 0.0433228 0.0553925 0.0651591 0.0722513 0.076441 0.0776698 0.0760277 0.0717039 0.0649891 0.0561935 0.0456646 0.0343304 0.0334621 0.0340629 0.035004 0.0360644 0.0371599 0.0382438 0.0392863 0.0402702 0.0411943 0.0420818 0.043 
-0.06945 -0.0679762 -0.0665489 -0.0650616 -0.0634765 -0.061795 -0.0600442 -0.0582717 -0.0565518 -0.055018 -0.054008 -0.0549424 -0.0643982 -0.0734595 -0.0808757 -0.0861862 -0.0890451 -0.0891634 -0.0863892 -0.0806224 -0.0719188 -0.0605074 -0.0467778 -0.0313985 -0.0165706 2.67304e-18 0.0165706 0.0313985 0.0467778 0.0605074 0.0719188 0.0806224 0.0863892 0.0891634 0.0890451 0.0861862 0.0808757 0.0734595 0.0643982 0.0549424 0.054008 0.055018 0.0565518 0.0582717 0.0600442 0.061795 0.0634765 0.0650616 0.0665489 0.0679762 0.06945 
-0.0998675 -0.0977635 -0.0957216 -0.0935918 -0.0913193 -0.0889055 -0.086388 -0.0838339 -0.0813481 -0.0791163 -0.0775838 -0.0782929 -0.0858145 -0.093214 -0.0990359 -0.102717 -0.103879 -0.10224 -0.0976974 -0.0901199 -0.0795622 -0.0662597 -0.0506417 -0.0335651 -0.0177504 4.1523e-18 0.0177504 0.0335651 0.0506417 0.0662597 0.0795622 0.0901199 0.0976974 0.10224 0.103879 0.102717 0.0990359 0.093214 0.0858145 0.0782929 0.0775838 0.0791163 0.0813481 0.0838339 0.086388 0.0889055 0.0913193 0.0935918 0.0957216 0.0977635 0.0998675 
-0.134848 -0.132031 -0.12929 -0.126429 -0.123372 -0.120119 -0.116721 -0.113264 -0.109886 -0.106827 -0.104619 -0.10478 -0.110286 -0.115805 -0.119785 -0.121576 -0.120772 -0.117108 -0.110544 -0.100889 -0.0882005 -0.0727293 -0.0549729 -0.0360268 -0.0190666 6.0175e-18 0.0190666 0.0360268 0.0549729 0.0727293 0.0882005 0.100889 0.110544 0.117108 0.120772 0.121576 0.119785 0.115805 0.110286 0.10478 0.104619 0.106827 0.109886 0.113264 0.116721 0.120119 0.123372 0.126429 0.12929 0.132031 0.134848 
-0.175075 -0.171453 -0.167922 -0.164228 -0.160277 -0.156066 -0.151655 -0.147155 -0.142737 -0.138691 -0.135609 -0.134868 -0.138238 -0.141629 -0.14348 -0.143078 -0.139999 -0.134005 -0.125135 -0.113099 -0.0979634 -0.0800128 -0.0598457 -0.0388373 -0.0205423 8.3202e-18 0.0205423 0.0388373 0.0598457 0.0800128 0.0979634 0.113099 0.125135 0.134005 0.139999 0.143078 0.14348 0.141629 0.138238 0.134868 0.135609 0.138691 0.142737 0.147155 0.151655 0.156066 0.160277 0.164228 0.167922 0.171453 0.175075 
-0.221336 -0.21681 -0.212384 -0.207748 -0.20278 -0.197475 -0.191902 -0.186196 -0.180561 -0.17533 -0.171121 -0.169098 -0.170163 -0.17114 -0.170533 -0.167588 -0.161876 -0.153204 -0.141705 -0.126943 -0.109007 -0.0882309 -0.0653562 -0.0420654 -0.0222097 1.12852e-17 0.0222097 0.0420654 0.0653562 0.0882309 0.109007 0.126943 0.141705 0.153204 0.161876 0.167588 0.170533 0.17114 0.170163 0.169098 0.171121 0.17533 0.180561 0.186196 0.191902 0.197475 0.20278 0.207748 0.212384 0.21681 0.221336 
-0.274536 -0.268998 -0.263565 -0.257864 -0.251744 -0.245191 -0.238286 -0.231185 -0.224123 -0.217467 -0.211821 -0.208101 -0.206632 -0.204865 -0.201416 -0.195523 -0.18677 -0.175027 -0.160534 -0.142658 -0.121521 -0.0975381 -0.0716304 -0.0458002 -0.0241126 1.50801e-17 0.0241126 0.0458002 0.0716304 0.0975381 0.121521 0.142658 0.160534 0.175027 0.18677 0.195523 0.201416 0.204865 0.206632 0.208101 0.211821 0.217467 0.224123 0.231185 0.238286 0.245191 0.251744 0.257864 0.263565 0.268998 0.274536 
-0.335717 -0.329051 -0.322489 -0.31559 -0.308168 -0.300197 -0.291767 -0.283052 -0.274315 -0.26594 -0.258485 -0.25262 -0.248313 -0.243414 -0.23668 -0.227372 -0.215111 -0.19985 -0.181956 -0.160529 -0.135746 -0.108136 -0.0788341 -0.0501571 -0.0263107 1.99015e-17 0.0263107 0.0501571 0.0788341 0.108136 0.135746 0.160529 0.181956 0.19985 0.215111 0.227372 0.23668 0.243414 0.248313 0.25262 0.258485 0.26594 0.274315 0.283052 0.291767 0.300197 0.308168 0.31559 0.322489 0.329051 0.335717 
-0.406074 -0.398161 -0.390341 -0.382101 -0.373213 -0.363637 -0.353464 -0.342885 -0.332179 -0.321733 -0.312032 -0.303527 -0.295996 -0.287509 -0.276978 -0.263718 -0.247416 -0.228133 -0.206381 -0.180915 -0.151993 -0.120289 -0.0871847 -0.0552866 -0.0288833 2.59542e-17 0.0288833 0.0552866 0.0871847 0.120289 0.151993 0.180915 0.206381 0.228133 0.247416 0.263718 0.276978 0.287509 0.295996 0.303527 0.312032 0.321733 0.332179 0.342885 0.353464 0.363637 0.373213 0.382101 0.390341 0.398161 0.406074 
-0.486985 -0.477701 -0.468489 -0.458758 -0.448231 -0.436845 -0.424687 -0.411955 -0.398939 -0.386005 -0.373555 -0.36186 -0.350624 -0.33801 -0.323089 -0.305264 -0.284315 -0.260445 -0.234325 -0.204276 -0.170666 -0.13435 -0.0969678 -0.0613841 -0.0319339 3.38046e-17 0.0319339 0.0613841 0.0969678 0.13435 0.170666 0.204276 0.234325 0.260445 0.284315 0.305264 0.323089 0.33801 0.350624 0.36186 0.373555 0.386005 0.398939 0.411955 0.424687 0.436845 0.448231 0.458758 0.468489 0.477701 0.486985 
-0.580033 -0.569257 -0.55852 -0.547144 -0.534795 -0.521379 -0.50697 -0.491763 -0.47604 -0.460138 -0.444364 -0.428864 -0.413341 -0.395966 -0.37597 -0.352875 -0.326598 -0.297504 -0.266449 -0.231215 -0.192305 -0.150783 -0.108557 -0.068704 -0.0355959 4.40215e-17 0.0355959 0.068704 0.108557 0.150783 0.192305 0.231215 0.266449 0.297504 0.326598 0.352875 0.37597 0.395966 0.413341 0.428864 0.444364 0.460138 0.47604 0.491763 0.50697 0.521379 0.534795 0.547144 0.55852 0.569257 0.580033 
-0.687038 -0.67466 -0.662269 -0.649097 -0.634744 -0.61907 -0.602124 -0.584083 -0.565208 -0.54579 -0.526049 -0.506052 -0.485548 -0.462669 -0.43681 -0.407648 -0.375269 -0.340239 -0.30362 -0.262524 -0.217622 -0.170206 -0.122438 -0.0775771 -0.0400411 5.75025e-17 0.0400411 0.0775771 0.122438 0.170206 0.217622 0.262524 0.30362 0.340239 0.375269 0.407648 0.43681 0.462669 0.485548 0.506052 0.526049 0.54579 0.565208 0.584083 0.602124 0.61907 0.634744 0.649097 0.662269 0.67466 0.687038 
-0.810094 -0.796022 -0.781867 -0.766763 -0.75023 -0.73207 -0.71229 -0.69103 -0.668514 -0.644974 -0.620554 -0.595283 -0.568989 -0.539747 -0.507124 -0.470988 -0.431638 -0.389873 -0.346986 -0.299264 -0.247569 -0.193431 -0.139249 -0.0884356 -0.0454907 7.57886e-17 0.0454907 0.0884356 0.139249 0.193431 0.247569 0.299264 0.346986 0.389873 0.431638 0.470988 0.507124 0.539747 0.568989 0.595283 0.620554 0.644974 0.668514 0.69103 0.71229 0.73207 0.75023 0.766763 0.781867 0.796022 0.810094 
-0.951608 -0.935787 -0.919788 -0.902643 -0.88378 -0.862926 -0.840019 -0.815145 -0.788468 -0.760157 -0.730287 -0.698882 -0.665871 -0.629282 -0.588872 -0.544739 -0.497437 -0.448037 -0.398083 -0.342855 -0.283416 -0.221533 -0.159825 -0.101848 -0.0522332 9.76552e-17 0.0522332 0.101848 0.159825 0.221533 0.283416 0.342855 0.398083 0.448037 0.497437 0.544739 0.588872 0.629282 0.665871 0.698882 0.730287 0.760157 0.788468 0.815145 0.840019 0.862926 0.88378 0.902643 0.919788 0.935787 0.951608 
-1.11435 -1.09678 -1.07891 -1.05967 -1.03838 -1.01466 -0.988366 -0.9595 -0.928147 -0.894397 -0.858265 -0.819792 -0.779028 -0.733982 -0.684634 -0.631351 -0.574991 -0.516928 -0.458984 -0.395205 -0.32686 -0.255943 -0.185276 -0.118569 -0.0606503 1.27257e-16 0.0606503 0.118569 0.185276 0.255943 0.32686 0.395205 0.458984 0.516928 0.574991 0.631351 0.684634 0.733982 0.779028 0.819792 0.858265 0.894397 0.928147 0.9595 0.988366 1.01466 1.03838 1.05967 1.07891 1.09678 1.11435 
-1.3015 -1.28228 -1.26259 -1.24128 -1.21754 -1.19088 -1.16102 -1.12785 -1.09135 -1.05152 -1.00832 -0.961798 -0.912152 -0.857427 -0.797858 -0.734128 -0.667445 -0.599528 -0.532501 -0.458898 -0.380188 -0.298579 -0.217094 -0.139621 -0.0712565 1.61671e-16 0.0712565 0.139621 0.217094 0.298579 0.380188 0.458898 0.532501 0.599528 0.667445 0.734128 0.797858 0.857427 0.912152 0.961798 1.00832 1.05152 1.09135 1.12785 1.16102 1.19088 1.21754 1.24128 1.26259 1.28228 1.3015 
-1.51673 -1.49606 -1.47475 -1.45153 -1.42547 -1.39592 -1.36245 -1.32482 -1.28284 -1.2364 -1.18537 -1.12984 -1.07014 -1.00442 -0.933212 -0.857576 -0.779113 -0.69993 -0.622487 -0.537465 -0.44652 -0.352064 -0.257324 -0.16641 -0.0847591 2.11849e-16 0.0847591 0.16641 0.257324 0.352064 0.44652 0.537465 0.622487 0.69993 0.779113 0.857576 0.933212 1.00442 1.07014 1.12984 1.18537 1.2364 1.28284 1.32482 1.36245 1.39592 1.42547 1.45153 1.47475 1.49606 1.51673 
-1.76424 -1.74253 -1.71997 -1.6952 -1.66715 -1.63501 -1.59817 -1.55615 -1.50862 -1.45527 -1.39586 -1.33047 -1.25956 -1.18149 -1.09712 -1.00793 -0.915986 -0.823827 -0.734301 -0.635819 -0.5302 -0.420055 -0.308833 -0.200913 -0.102155 2.67199e-16 0.102155 0.200913 0.308833 0.420055 0.5302 0.635819 0.734301 0.823827 0.915986 1.00793 1.09712 1.18149 1.25956 1.33047 1.39586 1.45527 1.50862 1.55615 1.59817 1.63501 1.66715 1.6952 1.71997 1.74253 1.76424 
-2.04887 -2.02679 -2.00362 -1.97796 -1.94859 -1.91454 -1.87494 -1.82909 -1.77638 -1.71629 -1.64834 -1.57256 -1.48948 -1.39776 -1.29863 -1.19404 -1.08657 -0.979315 -0.875572 -0.760961 -0.637436 -0.5078 -0.37575 -0.245997 -0.124888 3.37661e-16 0.124888 0.245997 0.37575 0.5078 0.637436 0.760961 0.875572 0.979315 1.08657 1.19404 1.29863 1.39776 1.48948 1.57256 1.64834 1.71629 1.77638 1.82909 1.87494 1.91454 1.94859 1.97796 2.00362 2.02679 2.04887 
-2.3762 -2.35474 -2.33199 -2.3065 -2.27699 -2.24225 -2.2012 -2.15282 -2.09615 -2.03031 -1.95448 -1.86844 -1.77273 -1.66633 -1.55086 -1.4288 -1.30338 -1.17832 -1.05755 -0.923231 -0.777408 -0.623076 -0.464217 -0.305931 -0.155109 4.48038e-16 0.155109 0.305931 0.464217 0.623076 0.777408 0.923231 1.05755 1.17832 1.30338 1.4288 1.55086 1.66633 1.77273 1.86844 1.95448 2.03031 2.09615 2.15282 2.2012 2.24225 2.27699 2.3065 2.33199 2.35474 2.3762 
-2.75263 -2.73322 -2.71239 -2.68875 -2.66095 -2.62765 -2.5875 -2.53914 -2.48117 -2.41216 -2.3307 -2.23603 -2.12837 -2.00702 -1.87394 -1.7322 -1.58579 -1.43935 -1.29768 -1.13862 -0.964273 -0.777848 -0.583666 -0.387276 -0.196119 5.76627e-16 0.196119 0.387276 0.583666 0.777848 0.964273 1.13862 1.29768 1.43935 1.58579 1.7322 1.87394 2.00702 2.12837 2.23603 2.3307 2.41216 2.48117 2.53914 2.5875 2.62765 2.66095 2.68875 2.71239 2.73322 2.75263 
-3.18553 -3.17009 -3.15329 -3.13392 -3.1107 -3.08224 -3.04705 -3.00343 -2.94949 -2.88307 -2.80171 -2.70335 -2.58718 -2.45258 -2.30161 -2.13795 -1.96661 -1.79352 -1.62497 -1.43331 -1.22079 -0.991012 -0.748781 -0.500146 -0.252964 4.14005e-16 0.252964 0.500146 0.748781 0.991012 1.22079 1.43331 1.62497 1.79352 1.96661 2.13795 2.30161 2.45258 2.58718 2.70335 2.80171 2.88307 2.94949 3.00343 3.04705 3.08224 3.1107 3.13392 3.15329 3.17009 3.18553 
-3.68336 -3.67431 -3.66431 -3.65254 -3.63806 -3.61976 -3.59632 -3.56608 -3.52691 -3.47604 -3.40942 -3.32087 -3.20668 -3.0656 -2.89938 -2.71203 -2.50959 -2.2999 -2.09194 -1.85165 -1.5828 -1.29032 -0.979925 -0.658012 -0.332138 5.237e-16 0.332138 0.658012 0.979925 1.29032 1.5828 1.85165 2.09194 2.2999 2.50959 2.71203 2.89938 3.0656 3.20668 3.32087 3.40942 3.47604 3.52691 3.56608 3.59632 3.61976 3.63806 3.65254 3.66431 3.67431 3.68336 
-4.25586 -4.25586 -4.25586 -4.25586 -4.25586 -4.25586 -4.25586 -4.25586 -4.25586 -4.25586 -4.25148 -4.20991 -4.12484 -3.99715 -3.82816 -3.61962 -3.37367 -3.09287 -2.7801 -2.43862 -2.07193 -1.68383 -1.27834 -0.859635 -0.43205 0 0.43205 0.859635 1.27834 1.68383 2.07193 2.43862 2.7801 3.09287 3.37367 3.61962 3.82816 3.99715 4.12484 4.20991 4.25148 4.25586 4.25586 4.25586 4.25586 4.25586 4.25586 4.25586 4.25586 4.25586 4.25586 
