    0 201.642729
    1 277.147693
    2 340.211326
    3 389.454624
    4 438.922620
    5 493.969706
    6 551.657393
    7 606.979855
    8 656.628195
    9 699.494198
   10 735.858653
   11 766.539152
   12 792.372047
   13 814.034024
   14 832.033007
   15 846.747293
   16 858.482313
   17 867.510714
   18 874.094016
   19 878.491603
   20 880.957818
   21 881.732724
   22 881.025125
   23 878.995732
   24 875.772645
   25 871.427366
   26 866.028411
   27 859.632581
   28 852.293477
   29 844.098404
   30 835.138925
   31 825.510749
   32 815.327139
   33 804.689246
   34 793.690035
   35 782.409850
   36 770.916061
   37 759.250666
   38 747.456339
   39 735.553628
   40 723.562752
   41 711.491677
   42 699.340227
   43 687.119650
   44 674.843726
   45 662.533379
   46 650.212060
   47 637.907022
   48 625.639891
   49 613.442272
   50 601.350446
   51 589.401937
   52 577.625571
   53 566.043621
   54 554.678909
   55 543.543610
   56 532.642056
   57 521.973779
   58 511.538393
   59 501.342463
   60 491.377194
   61 481.628784
   62 472.084313
   63 462.732388
   64 453.552422
   65 444.532847
   66 435.657383
   67 426.927214
   68 418.328536
   69 409.849197
   70 401.478638
   71 393.208092
   72 385.026273
   73 376.930576
   74 368.918230
   75 360.985121
   76 353.128282
   77 345.345205
   78 337.636122
   79 329.997340
   80 322.424481
   81 314.922391
   82 307.494520
   83 300.141001
   84 292.862231
   85 285.659409
   86 278.534382
   87 271.487441
   88 264.523781
   89 257.648430
   90 250.865144
   91 244.178031
   92 237.591275
   93 231.108985
   94 224.732801
   95 218.470623
   96 212.327198
   97 206.306680
   98 200.413438
   99 194.651813
  100 189.024513
  101 183.538516
  102 178.198099
  103 173.007761
  104 167.971775
  105 163.092749
  106 158.374822
  107 153.823539
  108 149.442903
  109 145.235819
  110 141.204298
  111 137.352444
  112 133.683865
  113 130.200755
  114 126.904095
  115 123.796738
  116 120.880135
  117 118.153547
  118 115.617375
  119 113.270168
  120 111.110032
  121 109.133761
  122 107.339035
  123 105.721145
  124 104.274414
  125 102.992264
  126 101.867320
  127 100.891502
  128 100.056096
  129 99.351893
  130 98.769292
  131 98.298440
  132 97.929348
  133 97.652005
  134 97.456484
  135 97.333044
  136 97.272214
  137 97.264866
  138 97.302276
  139 97.376183
  140 97.478816
  141 97.602908
  142 97.741702
  143 97.888937
  144 98.038878
  145 98.186291
  146 98.326427
  147 98.455002
  148 98.568180
  149 98.662494
  150 98.734895
  151 98.782717
  152 98.803646
  153 98.795669
  154 98.757129
  155 98.686599
  156 98.582928
  157 98.445225
  158 98.272716
  159 98.064865
  160 97.821385
  161 97.542066
  162 97.226888
  163 96.876048
  164 96.489745
  165 96.068450
  166 95.612627
  167 95.122901
  168 94.600015
  169 94.044867
  170 93.458370
  171 92.841524
  172 92.195402
  173 91.521149
  174 90.819968
  175 90.092532
  176 89.340611
  177 88.566370
  178 87.771082
  179 86.956021
  180 86.122470
  181 85.271738
  182 84.405167
  183 83.524135
  184 82.630055
  185 81.724367
  186 80.808525
  187 79.883988
  188 78.952203
  189 78.014596
  190 77.072559
  191 76.127421
  192 75.180485
  193 74.232999
  194 73.286154
  195 72.341085
  196 71.398870
  197 70.460534
  198 69.527041
  199 68.599301
  200 67.678169
  201 66.764427
  202 65.858788
  203 64.961994
  204 64.074694
  205 63.197472
  206 62.330849
  207 61.475279
  208 60.631187
  209 59.798850
  210 58.978645
  211 58.170891
  212 57.375810
  213 56.593641
  214 55.824543
  215 55.068638
  216 54.325997
  217 53.596666
  218 52.880668
  219 52.178002
  220 51.488635
  221 50.812519
  222 50.149586
  223 49.499748
  224 48.862898
  225 48.238910
  226 47.627651
  227 47.028962
  228 46.442666
  229 45.868579
  230 45.306512
  231 44.756258
  232 44.217608
  233 43.690341
  234 43.174220
  235 42.669030
  236 42.174520
  237 41.690435
  238 41.216514
  239 40.752493
  240 40.298102
  241 39.853067
  242 39.417111
  243 38.989952
  244 38.571305
  245 38.160881
  246 37.758393
  247 37.363536
  248 36.975999
  249 36.595529
  250 36.221825
  251 35.854507
  252 35.493361
  253 35.138145
  254 34.788588
  255 34.444421
  256 34.105337
  257 33.771068
  258 33.441417
  259 33.115948
  260 32.794396
  261 32.476508
  262 32.162057
  263 31.850828
  264 31.542549
  265 31.237030
  266 30.934093
  267 30.633533
  268 30.335153
  269 30.038756
  270 29.744153
  271 29.451171
  272 29.159649
  273 28.869445
  274 28.580437
  275 28.292538
  276 28.005641
  277 27.720340
  278 27.435606
  279 27.151380
  280 26.867603
  281 26.584249
  282 26.301300
  283 26.018743
  284 25.736571
  285 25.454774
  286 25.173346
  287 24.892279
  288 24.611570
  289 24.331216
  290 24.051225
  291 23.771607
  292 23.492377
  293 23.213553
  294 22.935162
  295 22.657234
  296 22.379803
  297 22.102903
  298 21.826578
  299 21.550878
  300 21.275850
  301 21.001551
  302 20.728041
  303 20.455382
  304 20.183633
  305 19.912854
  306 19.643106
  307 19.374450
  308 19.106950
  309 18.840671
  310 18.575678
  311 18.312043
  312 18.049828
  313 17.789090
  314 17.529914
  315 17.272398
  316 17.016634
  317 16.762661
  318 16.510531
  319 16.260295
  320 16.012008
  321 15.765728
  322 15.521517
  323 15.279440
  324 15.039564
  325 14.801952
  326 14.566670
  327 14.333781
  328 14.103345
  329 13.875423
  330 13.650071
  331 13.427349
  332 13.207309
  333 12.990008
  334 12.775497
  335 12.563828
  336 12.355052
  337 12.149218
  338 11.946374
  339 11.746564
  340 11.549835
  341 11.356230
  342 11.165790
  343 10.978556
  344 10.794564
  345 10.613852
  346 10.436454
  347 10.262402
  348 10.091728
  349 9.924458
  350 9.760621
  351 9.600238
  352 9.443331
  353 9.289920
  354 9.140019
  355 8.993641
  356 8.850798
  357 8.711495
  358 8.575736
  359 8.443521
  360 8.314847
  361 8.189708
  362 8.068094
  363 7.949991
  364 7.835384
  365 7.724251
  366 7.616567
  367 7.512303
  368 7.411425
  369 7.313897
  370 7.219677
  371 7.128721
  372 7.040981
  373 6.956406
  374 6.874939
  375 6.796522
  376 6.721094
  377 6.648588
  378 6.578937
  379 6.512066
  380 6.447897
  381 6.386368
  382 6.327400
  383 6.270913
  384 6.216823
  385 6.165047
  386 6.115498
  387 6.068091
  388 6.022738
  389 5.979352
  390 5.937848
  391 5.898137
  392 5.860135
  393 5.823755
  394 5.788914
  395 5.755527
  396 5.723512
  397 5.692789
  398 5.663277
  399 5.634898
  400 5.607578
  401 5.581241
  402 5.555814
  403 5.531228
  404 5.507414
  405 5.484308
  406 5.461845
  407 5.439964
  408 5.418606
  409 5.397713
  410 5.377232
  411 5.357111
  412 5.337298
  413 5.317747
  414 5.298411
  415 5.279248
  416 5.260216
  417 5.241276
  418 5.222391
  419 5.203525
  420 5.184646
  421 5.165722
  422 5.146724
  423 5.127624
  424 5.108396
  425 5.089016
  426 5.069461
  427 5.049709
  428 5.029742
  429 5.009540
  430 4.989087
  431 4.968368
  432 4.947369
  433 4.926075
  434 4.904476
  435 4.882560
  436 4.860319
  437 4.837744
  438 4.814826
  439 4.791559
  440 4.767939
  441 4.743960
  442 4.719618
  443 4.694908
  444 4.669830
  445 4.644380
  446 4.618559
  447 4.592366
  448 4.565803
  449 4.538869
  450 4.511568
  451 4.483902
  452 4.455873
  453 4.427485
  454 4.398742
  455 4.369648
  456 4.340207
  457 4.310426
  458 4.280310
  459 4.249865
  460 4.219097
  461 4.188013
  462 4.156621
  463 4.124928
  464 4.092941
  465 4.060669
  466 4.028121
  467 3.995305
  468 3.962229
  469 3.928904
  470 3.895339
  471 3.861543
  472 3.827526
  473 3.793298
  474 3.758870
  475 3.724251
  476 3.689453
  477 3.654486
  478 3.619362
  479 3.584089
  480 3.548680
  481 3.513145
  482 3.477497
  483 3.441746
  484 3.405905
  485 3.369984
  486 3.333994
  487 3.297948
  488 3.261857
  489 3.225733
  490 3.189587
  491 3.153430
  492 3.117276
  493 3.081134
  494 3.045016
  495 3.008935
  496 2.972902
  497 2.936927
  498 2.901023
  499 2.865201
  500 2.829471
  501 2.793847
  502 2.758337
  503 2.722955
  504 2.687710
  505 2.652613
  506 2.617676
  507 2.582909
  508 2.548322
  509 2.513927
  510 2.479733
  511 2.445751
  512 2.411992
  513 2.378464
  514 2.345178
  515 2.312144
  516 2.279371
  517 2.246869
  518 2.214647
  519 2.182714
  520 2.151080
  521 2.119752
  522 2.088741
  523 2.058053
  524 2.027699
  525 1.997685
  526 1.968020
  527 1.938711
  528 1.909766
  529 1.881193
  530 1.852998
  531 1.825189
  532 1.797772
  533 1.770753
  534 1.744140
  535 1.717937
  536 1.692151
  537 1.666786
  538 1.641849
  539 1.617345
  540 1.593277
  541 1.569650
  542 1.546468
  543 1.523736
  544 1.501455
  545 1.479630
  546 1.458263
  547 1.437356
  548 1.416912
  549 1.396931
  550 1.377415
  551 1.358365
  552 1.339780
  553 1.321662
  554 1.304009
  555 1.286821
  556 1.270096
  557 1.253832
  558 1.238027
  559 1.222678
  560 1.207781
  561 1.193334
  562 1.179331
  563 1.165769
  564 1.152641
  565 1.139943
  566 1.127668
  567 1.115810
  568 1.104361
  569 1.093315
  570 1.082664
  571 1.072399
  572 1.062513
  573 1.052995
  574 1.043837
  575 1.035030
  576 1.026564
  577 1.018428
  578 1.010613
  579 1.003108
  580 0.995903
  581 0.988986
  582 0.982347
  583 0.975974
  584 0.969858
  585 0.963987
  586 0.958349
  587 0.952934
  588 0.947731
  589 0.942730
  590 0.937918
  591 0.933286
  592 0.928823
  593 0.924519
  594 0.920363
  595 0.916345
  596 0.912456
  597 0.908687
  598 0.905027
  599 0.901468
  600 0.898000
  601 0.894616
  602 0.891307
  603 0.888064
  604 0.884881
  605 0.881749
  606 0.878661
  607 0.875611
  608 0.872591
  609 0.869596
  610 0.866619
  611 0.863654
  612 0.860696
  613 0.857739
  614 0.854779
  615 0.851810
  616 0.848829
  617 0.845830
  618 0.842810
  619 0.839766
  620 0.836692
  621 0.833587
  622 0.830447
  623 0.827269
  624 0.824051
  625 0.820789
  626 0.817483
  627 0.814128
  628 0.810725
  629 0.807271
  630 0.803764
  631 0.800203
  632 0.796586
  633 0.792914
  634 0.789184
  635 0.785397
  636 0.781550
  637 0.777645
  638 0.773680
  639 0.769655
  640 0.765570
  641 0.761425
  642 0.757220
  643 0.752955
  644 0.748630
  645 0.744247
  646 0.739804
  647 0.735304
  648 0.730745
  649 0.726130
  650 0.721459
  651 0.716732
  652 0.711950
  653 0.707115
  654 0.702228
  655 0.697289
  656 0.692299
  657 0.687261
  658 0.682174
  659 0.677041
  660 0.671862
  661 0.666640
  662 0.661374
  663 0.656067
  664 0.650721
  665 0.645335
  666 0.639913
  667 0.634456
  668 0.628965
  669 0.623441
  670 0.617887
  671 0.612304
  672 0.606693
  673 0.601056
  674 0.595395
  675 0.589711
  676 0.584007
  677 0.578283
  678 0.572542
  679 0.566784
  680 0.561013
  681 0.555228
  682 0.549433
  683 0.543629
  684 0.537817
  685 0.532000
  686 0.526178
  687 0.520354
  688 0.514528
  689 0.508704
  690 0.502882
  691 0.497064
  692 0.491252
  693 0.485448
  694 0.479652
  695 0.473867
  696 0.468094
  697 0.462335
  698 0.456591
  699 0.450864
  700 0.445156
  701 0.439468
  702 0.433801
  703 0.428157
  704 0.422537
  705 0.416944
  706 0.411378
  707 0.405841
  708 0.400334
  709 0.394859
  710 0.389417
  711 0.384009
  712 0.378637
  713 0.373303
  714 0.368007
  715 0.362751
  716 0.357535
  717 0.352363
  718 0.347233
  719 0.342149
  720 0.337111
  721 0.332120
  722 0.327177
  723 0.322284
  724 0.317441
  725 0.312651
  726 0.307913
  727 0.303229
  728 0.298600
  729 0.294027
  730 0.289511
  731 0.285053
  732 0.280654
  733 0.276315
  734 0.272037
  735 0.267820
  736 0.263666
  737 0.259575
  738 0.255548
  739 0.251585
  740 0.247689
  741 0.243858
  742 0.240095
  743 0.236398
  744 0.232770
  745 0.229211
  746 0.225720
  747 0.222300
  748 0.218949
  749 0.215668
  750 0.212458
  751 0.209319
  752 0.206251
  753 0.203255
  754 0.200330
  755 0.197476
  756 0.194694
  757 0.191983
  758 0.189343
  759 0.186774
  760 0.184277
  761 0.181849
  762 0.179492
  763 0.177204
  764 0.174985
  765 0.172835
  766 0.170753
  767 0.168737
  768 0.166788
  769 0.164904
  770 0.163084
  771 0.161328
  772 0.159634
  773 0.158001
  774 0.156428
  775 0.154913
  776 0.153456
  777 0.152054
  778 0.150707
  779 0.149413
  780 0.148170
  781 0.146978
  782 0.145833
  783 0.144735
  784 0.143683
  785 0.142673
  786 0.141705
  787 0.140777
  788 0.139888
  789 0.139034
  790 0.138216
  791 0.137431
  792 0.136677
  793 0.135953
  794 0.135257
  795 0.134587
  796 0.133942
  797 0.133321
  798 0.132721
  799 0.132141
  800 0.131580
  801 0.131036
  802 0.130507
  803 0.129993
  804 0.129492
  805 0.129003
  806 0.128524
  807 0.128055
  808 0.127593
  809 0.127138
  810 0.126690
  811 0.126246
  812 0.125805
  813 0.125368
  814 0.124933
  815 0.124498
  816 0.124064
  817 0.123630
  818 0.123194
  819 0.122756
  820 0.122316
  821 0.121872
  822 0.121425
  823 0.120973
  824 0.120517
  825 0.120055
  826 0.119587
  827 0.119113
  828 0.118633
  829 0.118146
  830 0.117651
  831 0.117150
  832 0.116640
  833 0.116122
  834 0.115597
  835 0.115063
  836 0.114521
  837 0.113969
  838 0.113410
  839 0.112841
  840 0.112264
  841 0.111678
  842 0.111082
  843 0.110478
  844 0.109865
  845 0.109243
  846 0.108612
  847 0.107973
  848 0.107324
  849 0.106667
  850 0.106001
  851 0.105327
  852 0.104644
  853 0.103954
  854 0.103255
  855 0.102548
  856 0.101833
  857 0.101111
  858 0.100381
  859 0.099644
  860 0.098900
  861 0.098149
  862 0.097391
  863 0.096627
  864 0.095857
  865 0.095080
  866 0.094298
  867 0.093510
  868 0.092716
  869 0.091918
  870 0.091114
  871 0.090306
  872 0.089493
  873 0.088677
  874 0.087856
  875 0.087031
  876 0.086203
  877 0.085372
  878 0.084538
  879 0.083701
  880 0.082862
  881 0.082020
  882 0.081177
  883 0.080332
  884 0.079485
  885 0.078637
  886 0.077788
  887 0.076939
  888 0.076089
  889 0.075239
  890 0.074389
  891 0.073539
  892 0.072690
  893 0.071842
  894 0.070995
  895 0.070149
  896 0.069305
  897 0.068462
  898 0.067621
  899 0.066783
  900 0.065947
  901 0.065114
  902 0.064284
  903 0.063457
  904 0.062633
  905 0.061814
  906 0.060998
  907 0.060186
  908 0.059378
  909 0.058575
  910 0.057776
  911 0.056983
  912 0.056194
  913 0.055411
  914 0.054634
  915 0.053862
  916 0.053096
  917 0.052337
  918 0.051583
  919 0.050837
  920 0.050097
  921 0.049363
  922 0.048637
  923 0.047918
  924 0.047207
  925 0.046503
  926 0.045807
  927 0.045118
  928 0.044438
  929 0.043766
  930 0.043102
  931 0.042447
  932 0.041801
  933 0.041163
  934 0.040535
  935 0.039915
  936 0.039305
  937 0.038704
  938 0.038112
  939 0.037530
  940 0.036958
  941 0.036395
  942 0.035843
  943 0.035300
  944 0.034767
  945 0.034245
  946 0.033733
  947 0.033231
  948 0.032739
  949 0.032258
  950 0.031787
  951 0.031327
  952 0.030877
  953 0.030438
  954 0.030009
  955 0.029591
  956 0.029184
  957 0.028787
  958 0.028400
  959 0.028025
  960 0.027659
  961 0.027304
  962 0.026959
  963 0.026625
  964 0.026301
  965 0.025986
  966 0.025682
  967 0.025388
  968 0.025103
  969 0.024828
  970 0.024563
  971 0.024306
  972 0.024059
  973 0.023821
  974 0.023592
  975 0.023371
  976 0.023158
  977 0.022954
  978 0.022758
  979 0.022569
  980 0.022388
  981 0.022214
  982 0.022047
  983 0.021887
  984 0.021734
  985 0.021587
  986 0.021446
  987 0.021310
  988 0.021181
  989 0.021056
  990 0.020937
  991 0.020822
  992 0.020712
  993 0.020606
  994 0.020504
  995 0.020406
  996 0.020311
  997 0.020220
  998 0.020132
  999 0.020047
 1000 0.019964
 1001 0.019884
 1002 0.019806
 1003 0.019730
 1004 0.019656
 1005 0.019583
 1006 0.019512
 1007 0.019442
 1008 0.019374
 1009 0.019306
 1010 0.019239
 1011 0.019172
 1012 0.019107
 1013 0.019041
 1014 0.018976
 1015 0.018910
 1016 0.018845
 1017 0.018780
 1018 0.018714
 1019 0.018648
 1020 0.018582
 1021 0.018515
 1022 0.018447
 1023 0.018379
 1024 0.018309
 1025 0.018239
 1026 0.018169
 1027 0.018097
 1028 0.018024
 1029 0.017950
 1030 0.017875
 1031 0.017799
 1032 0.017722
 1033 0.017643
 1034 0.017563
 1035 0.017482
 1036 0.017400
 1037 0.017316
 1038 0.017231
 1039 0.017145
 1040 0.017057
 1041 0.016968
 1042 0.016878
 1043 0.016786
 1044 0.016693
 1045 0.016598
 1046 0.016502
 1047 0.016405
 1048 0.016307
 1049 0.016207
 1050 0.016106
 1051 0.016004
 1052 0.015900
 1053 0.015795
 1054 0.015689
 1055 0.015582
 1056 0.015473
 1057 0.015364
 1058 0.015253
 1059 0.015141
 1060 0.015028
 1061 0.014914
 1062 0.014799
 1063 0.014683
 1064 0.014567
 1065 0.014449
 1066 0.014330
 1067 0.014211
 1068 0.014090
 1069 0.013969
 1070 0.013847
 1071 0.013725
 1072 0.013601
 1073 0.013478
 1074 0.013353
 1075 0.013228
 1076 0.013102
 1077 0.012976
 1078 0.012850
 1079 0.012723
 1080 0.012596
 1081 0.012468
 1082 0.012340
 1083 0.012212
 1084 0.012084
 1085 0.011955
 1086 0.011826
 1087 0.011697
 1088 0.011568
 1089 0.011439
 1090 0.011310
 1091 0.011182
 1092 0.011053
 1093 0.010924
 1094 0.010795
 1095 0.010667
 1096 0.010539
 1097 0.010411
 1098 0.010283
 1099 0.010156
 1100 0.010029
 1101 0.009903
 1102 0.009777
 1103 0.009651
 1104 0.009526
 1105 0.009401
 1106 0.009277
 1107 0.009154
 1108 0.009031
 1109 0.008909
 1110 0.008788
 1111 0.008667
 1112 0.008547
 1113 0.008428
 1114 0.008310
 1115 0.008192
 1116 0.008076
 1117 0.007960
 1118 0.007845
 1119 0.007732
 1120 0.007619
 1121 0.007507
 1122 0.007396
 1123 0.007287
 1124 0.007178
 1125 0.007071
 1126 0.006965
 1127 0.006860
 1128 0.006756
 1129 0.006653
 1130 0.006552
 1131 0.006452
 1132 0.006353
 1133 0.006255
 1134 0.006159
 1135 0.006065
 1136 0.005971
 1137 0.005879
 1138 0.005788
 1139 0.005699
 1140 0.005612
 1141 0.005525
 1142 0.005440
 1143 0.005357
 1144 0.005275
 1145 0.005195
 1146 0.005116
 1147 0.005039
 1148 0.004963
 1149 0.004889
 1150 0.004817
 1151 0.004746
 1152 0.004676
 1153 0.004609
 1154 0.004542
 1155 0.004478
 1156 0.004415
 1157 0.004353
 1158 0.004294
 1159 0.004235
 1160 0.004179
 1161 0.004124
 1162 0.004070
 1163 0.004018
 1164 0.003968
 1165 0.003919
 1166 0.003871
 1167 0.003826
 1168 0.003781
 1169 0.003738
 1170 0.003697
 1171 0.003657
 1172 0.003618
 1173 0.003581
 1174 0.003545
 1175 0.003511
 1176 0.003477
 1177 0.003445
 1178 0.003415
 1179 0.003385
 1180 0.003357
 1181 0.003329
 1182 0.003303
 1183 0.003278
 1184 0.003254
 1185 0.003231
 1186 0.003209
 1187 0.003188
 1188 0.003167
 1189 0.003148
 1190 0.003129
 1191 0.003111
 1192 0.003094
 1193 0.003077
 1194 0.003061
 1195 0.003046
 1196 0.003031
 1197 0.003017
 1198 0.003003
 1199 0.002990
 1200 0.002977
 1201 0.002965
 1202 0.002953
 1203 0.002941
 1204 0.002930
 1205 0.002919
 1206 0.002908
 1207 0.002897
 1208 0.002887
 1209 0.002877
 1210 0.002866
 1211 0.002856
 1212 0.002847
 1213 0.002837
 1214 0.002827
 1215 0.002817
 1216 0.002807
 1217 0.002798
 1218 0.002788
 1219 0.002778
 1220 0.002768
 1221 0.002758
 1222 0.002748
 1223 0.002738
 1224 0.002728
 1225 0.002718
 1226 0.002707
 1227 0.002697
 1228 0.002686
 1229 0.002675
 1230 0.002664
 1231 0.002653
 1232 0.002642
 1233 0.002630
 1234 0.002619
 1235 0.002607
 1236 0.002595
 1237 0.002582
 1238 0.002570
 1239 0.002557
 1240 0.002544
 1241 0.002531
 1242 0.002518
 1243 0.002505
 1244 0.002491
 1245 0.002477
 1246 0.002463
 1247 0.002449
 1248 0.002434
 1249 0.002420
 1250 0.002405
 1251 0.002390
 1252 0.002375
 1253 0.002359
 1254 0.002344
 1255 0.002328
 1256 0.002312
 1257 0.002296
 1258 0.002279
 1259 0.002263
 1260 0.002246
 1261 0.002229
 1262 0.002213
 1263 0.002195
 1264 0.002178
 1265 0.002161
 1266 0.002143
 1267 0.002126
 1268 0.002108
 1269 0.002090
 1270 0.002072
 1271 0.002054
 1272 0.002036
 1273 0.002017
 1274 0.001999
 1275 0.001980
 1276 0.001962
 1277 0.001943
 1278 0.001924
 1279 0.001905
 1280 0.001887
 1281 0.001868
 1282 0.001849
 1283 0.001830
 1284 0.001811
 1285 0.001791
 1286 0.001772
 1287 0.001753
 1288 0.001734
 1289 0.001715
 1290 0.001696
 1291 0.001677
 1292 0.001657
 1293 0.001638
 1294 0.001619
 1295 0.001600
 1296 0.001581
 1297 0.001562
 1298 0.001543
 1299 0.001524
 1300 0.001505
 1301 0.001486
 1302 0.001468
 1303 0.001449
 1304 0.001430
 1305 0.001412
 1306 0.001393
 1307 0.001375
 1308 0.001356
 1309 0.001338
 1310 0.001320
 1311 0.001302
 1312 0.001284
 1313 0.001266
 1314 0.001249
 1315 0.001231
 1316 0.001214
 1317 0.001196
 1318 0.001179
 1319 0.001162
 1320 0.001146
 1321 0.001129
 1322 0.001112
 1323 0.001096
 1324 0.001080
 1325 0.001064
 1326 0.001048
 1327 0.001032
 1328 0.001016
 1329 0.001001
 1330 0.000986
 1331 0.000971
 1332 0.000956
 1333 0.000942
 1334 0.000927
 1335 0.000913
 1336 0.000899
 1337 0.000885
 1338 0.000872
 1339 0.000858
 1340 0.000845
 1341 0.000832
 1342 0.000819
 1343 0.000807
 1344 0.000795
 1345 0.000783
 1346 0.000771
 1347 0.000759
 1348 0.000748
 1349 0.000737
 1350 0.000726
 1351 0.000715
 1352 0.000705
 1353 0.000694
 1354 0.000684
 1355 0.000675
 1356 0.000665
 1357 0.000656
 1358 0.000647
 1359 0.000638
 1360 0.000630
 1361 0.000621
 1362 0.000613
 1363 0.000606
 1364 0.000598
 1365 0.000591
 1366 0.000583
 1367 0.000576
 1368 0.000570
 1369 0.000563
 1370 0.000557
 1371 0.000551
 1372 0.000545
 1373 0.000540
 1374 0.000534
 1375 0.000529
 1376 0.000524
 1377 0.000519
 1378 0.000514
 1379 0.000510
 1380 0.000506
 1381 0.000501
 1382 0.000498
 1383 0.000494
 1384 0.000490
 1385 0.000487
 1386 0.000483
 1387 0.000480
 1388 0.000477
 1389 0.000474
 1390 0.000471
 1391 0.000468
 1392 0.000466
 1393 0.000463
 1394 0.000461
 1395 0.000459
 1396 0.000456
 1397 0.000454
 1398 0.000452
 1399 0.000450
 1400 0.000448
 1401 0.000446
 1402 0.000444
 1403 0.000443
 1404 0.000441
 1405 0.000439
 1406 0.000438
 1407 0.000436
 1408 0.000434
 1409 0.000433
 1410 0.000431
 1411 0.000430
 1412 0.000428
 1413 0.000427
 1414 0.000425
 1415 0.000424
 1416 0.000423
 1417 0.000421
 1418 0.000420
 1419 0.000418
 1420 0.000417
 1421 0.000415
 1422 0.000414
 1423 0.000412
 1424 0.000411
 1425 0.000409
 1426 0.000408
 1427 0.000406
 1428 0.000404
 1429 0.000403
 1430 0.000401
 1431 0.000399
 1432 0.000398
 1433 0.000396
 1434 0.000394
 1435 0.000393
 1436 0.000391
 1437 0.000389
 1438 0.000387
 1439 0.000385
 1440 0.000383
 1441 0.000381
 1442 0.000379
 1443 0.000377
 1444 0.000375
 1445 0.000373
 1446 0.000371
 1447 0.000369
 1448 0.000367
 1449 0.000365
 1450 0.000362
 1451 0.000360
 1452 0.000358
 1453 0.000356
 1454 0.000353
 1455 0.000351
 1456 0.000348
 1457 0.000346
 1458 0.000344
 1459 0.000341
 1460 0.000339
 1461 0.000336
 1462 0.000334
 1463 0.000331
 1464 0.000328
 1465 0.000326
 1466 0.000323
 1467 0.000321
 1468 0.000318
 1469 0.000315
 1470 0.000313
 1471 0.000310
 1472 0.000307
 1473 0.000304
 1474 0.000302
 1475 0.000299
 1476 0.000296
 1477 0.000293
 1478 0.000290
 1479 0.000288
 1480 0.000285
 1481 0.000282
 1482 0.000279
 1483 0.000276
 1484 0.000273
 1485 0.000271
 1486 0.000268
 1487 0.000265
 1488 0.000262
 1489 0.000259
 1490 0.000256
 1491 0.000253
 1492 0.000250
 1493 0.000247
 1494 0.000245
 1495 0.000242
 1496 0.000239
 1497 0.000236
 1498 0.000233
 1499 0.000230
 1500 0.000227
 1501 0.000225
 1502 0.000222
 1503 0.000219
 1504 0.000216
 1505 0.000213
 1506 0.000211
 1507 0.000208
 1508 0.000205
 1509 0.000202
 1510 0.000200
