ni
91

nj
38

x_vals
3.07496 2.83385 2.61467 2.41541 2.23426 2.06959 1.91988 1.78378 1.66006 1.54758 1.44533 1.35238 1.26787 1.19105 1.12121 1.05772 1 0.944193 0.888928 0.834326 0.780513 0.727614 0.675752 0.625049 0.575625 0.527595 0.48107 0.436154 0.392949 0.35155 0.31205 0.275445 0.241237 0.20903 0.178867 0.150796 0.124873 0.10116 0.079726 0.0606458 0.0439977 0.029862 0.018319 0.00944634 0.0033175 0 -0.000384324 0.00227774 0.00802794 0.0168968 0.0289023 0.0440479 0.0623206 0.0836892 0.108103 0.135489 0.165755 0.198784 0.234439 0.272564 0.312551 0.353677 0.396703 0.441472 0.487823 0.535588 0.584596 0.634674 0.685645 0.737329 0.789546 0.84211 0.894834 0.947529 1 1.05772 1.12121 1.19105 1.26787 1.35238 1.44533 1.54758 1.66006 1.78378 1.91988 2.06959 2.23426 2.41541 2.61467 2.83385 3.07496 
3.07496 2.83471 2.61607 2.41717 2.23623 2.07167 1.922 1.78589 1.66211 1.54955 1.4472 1.35413 1.2695 1.19254 1.12255 1.05892 1.00105 0.945084 0.88965 0.834885 0.780913 0.72786 0.675847 0.624997 0.575426 0.527249 0.480575 0.435512 0.392165 0.35063 0.311009 0.274288 0.239972 0.207676 0.177452 0.149375 0.123441 0.0997169 0.0782924 0.0593492 0.0426826 0.0284897 0.0168824 0.00795181 0.00177929 -0.00155909 -0.00193252 0.000763586 0.00656493 0.0154977 0.0275731 0.0427808 0.0610741 0.0822919 0.106675 0.134045 0.164291 0.19736 0.233089 0.271313 0.311423 0.352692 0.395864 0.440784 0.48729 0.535212 0.584377 0.634613 0.685745 0.737595 0.789983 0.842728 0.895643 0.948538 1.0012 1.05903 1.12265 1.19261 1.26956 1.35418 1.44724 1.54959 1.66214 1.78591 1.92201 2.07168 2.23624 2.41717 2.61608 2.83471 3.07496 
3.07496 2.83564 2.61761 2.41909 2.23839 2.07395 1.92433 1.7882 1.66437 1.55172 1.44926 1.35606 1.27129 1.19418 1.12404 1.06024 1.0022 0.946053 0.890434 0.835489 0.781344 0.728122 0.675944 0.624931 0.575198 0.526858 0.480021 0.434797 0.391293 0.34961 0.309857 0.273007 0.238573 0.20618 0.175892 0.147811 0.121865 0.0981289 0.0767173 0.0579066 0.04122 0.0269656 0.0152887 0.00629547 7.58337e-05 -0.00328482 -0.00364649 -0.000913384 0.00494377 0.0139462 0.0260974 0.041372 0.0596871 0.0807567 0.105106 0.132457 0.16268 0.195791 0.231599 0.269929 0.310174 0.351599 0.394931 0.440018 0.486694 0.534788 0.584126 0.634535 0.685844 0.737876 0.790453 0.843395 0.896518 0.949629 1.0025 1.06047 1.12423 1.19434 1.27142 1.35617 1.44935 1.5518 1.66443 1.78825 1.92436 2.07398 2.23841 2.4191 2.61762 2.83564 3.07496 
3.07496 2.83666 2.6193 2.4212 2.24076 2.07646 1.92689 1.79075 1.66685 1.55412 1.45153 1.35819 1.27327 1.19599 1.12568 1.0617 1.00346 0.947105 0.891284 0.836143 0.781807 0.728399 0.67604 0.624848 0.574937 0.526418 0.479401 0.434 0.390323 0.348477 0.308579 0.271588 0.237025 0.204529 0.174173 0.146088 0.120129 0.0963809 0.0749853 0.0563005 0.0395921 0.0252715 0.0135195 0.00445849 -0.0018119 -0.00519624 -0.00554523 -0.00277192 0.00314606 0.0122244 0.0244579 0.0398045 0.0581428 0.079069 0.103379 0.130709 0.160906 0.19406 0.229953 0.268399 0.308788 0.350386 0.393894 0.439163 0.486026 0.53431 0.583838 0.634438 0.68594 0.738171 0.790955 0.844113 0.897461 0.950808 1.00392 1.06206 1.12598 1.19624 1.27347 1.35836 1.45167 1.55423 1.66694 1.79082 1.92694 2.0765 2.24079 2.42122 2.6193 2.83666 3.07496 
3.07496 2.83777 2.62114 2.42351 2.24336 2.07922 1.9297 1.79355 1.66959 1.55675 1.45403 1.36054 1.27545 1.19799 1.12749 1.0633 1.00483 0.948247 0.892205 0.836848 0.782303 0.728692 0.676133 0.624744 0.574637 0.52592 0.478706 0.433109 0.389243 0.347219 0.307161 0.270016 0.235313 0.202705 0.172278 0.14419 0.118216 0.0944556 0.0730788 0.0545109 0.0377785 0.0233868 0.0115539 0.00241958 -0.00390536 -0.00731482 -0.00765016 -0.00483321 0.00115103 0.0103119 0.0226346 0.0380587 0.056422 0.0772116 0.101479 0.128786 0.158953 0.19215 0.228134 0.266705 0.307252 0.349037 0.392739 0.438209 0.485278 0.53377 0.583507 0.634317 0.686032 0.738481 0.79149 0.844883 0.898478 0.952081 1.00546 1.06381 1.1279 1.19834 1.27573 1.36078 1.45422 1.5569 1.66971 1.79364 1.92977 2.07927 2.2434 2.42354 2.62115 2.83778 3.07496 
3.07496 2.83898 2.62315 2.42604 2.24621 2.08224 1.93279 1.79663 1.6726 1.55964 1.45679 1.36313 1.27785 1.20019 1.12948 1.06506 1.00632 0.949487 0.893202 0.837608 0.782834 0.728998 0.67622 0.624613 0.574291 0.525357 0.477925 0.432113 0.388039 0.345819 0.305587 0.268273 0.233417 0.200689 0.170188 0.142097 0.116107 0.0923338 0.0709776 0.0525156 0.035756 0.021288 0.00936783 0.000154619 -0.00622886 -0.00966489 -0.0099855 -0.00712123 -0.00106488 0.00818576 0.020605 0.0361123 0.0545032 0.0751654 0.099386 0.126669 0.156802 0.190043 0.226123 0.264828 0.305546 0.347536 0.391451 0.437141 0.484437 0.533158 0.583126 0.634165 0.686114 0.738803 0.792059 0.845709 0.899572 0.953456 1.00714 1.06572 1.13002 1.20064 1.27822 1.36343 1.45704 1.55985 1.67276 1.79675 1.93288 2.08231 2.24626 2.42607 2.62316 2.83899 3.07496 
3.07496 2.8403 2.62534 2.42881 2.24933 2.08555 1.93618 1.80001 1.67591 1.56283 1.45982 1.36597 1.28049 1.20262 1.13166 1.06699 1.00796 0.950831 0.894277 0.838425 0.783398 0.729317 0.676297 0.624451 0.573891 0.524718 0.477046 0.430998 0.386695 0.344262 0.303838 0.266338 0.231316 0.198459 0.167881 0.139789 0.113781 0.0899936 0.0686587 0.0502889 0.0334983 0.0189484 0.00693436 -0.00236381 -0.00880997 -0.012274 -0.0125787 -0.00966317 -0.00352845 0.00581966 0.0183433 0.0339402 0.0523618 0.0729083 0.09708 0.124336 0.154431 0.187717 0.223898 0.262749 0.303652 0.345865 0.390013 0.435946 0.48349 0.532464 0.582684 0.633977 0.686182 0.739134 0.792661 0.846591 0.900747 0.954938 1.00896 1.06781 1.13234 1.20318 1.28096 1.36636 1.46013 1.56308 1.67611 1.80016 1.9363 2.08564 2.24939 2.42885 2.62536 2.84031 3.07496 
3.07496 2.84173 2.62773 2.43183 2.25275 2.08918 1.9399 1.80372 1.67954 1.56633 1.46315 1.36911 1.2834 1.20528 1.13406 1.0691 1.00973 0.952287 0.895437 0.8393 0.783996 0.729644 0.676358 0.62425 0.573428 0.52399 0.476054 0.429747 0.385194 0.342525 0.301891 0.264189 0.228988 0.195993 0.165335 0.137241 0.111213 0.0874099 0.0660955 0.047802 0.0309754 0.0163374 0.0042225 -0.00516692 -0.01168 -0.0151735 -0.0154611 -0.01249 -0.00627014 0.00318369 0.0158202 0.0315133 0.0499699 0.0704151 0.0945367 0.121765 0.151818 0.185147 0.221437 0.260443 0.301546 0.344003 0.388407 0.434606 0.482423 0.531675 0.582173 0.633744 0.686231 0.73947 0.793294 0.847531 0.902007 0.956535 1.01093 1.07009 1.13489 1.20596 1.28397 1.36958 1.46353 1.56664 1.67979 1.80391 1.94004 2.08929 2.25282 2.43188 2.62776 2.84174 3.07496 
3.07496 2.84329 2.63034 2.43513 2.25648 2.09316 1.94398 1.80779 1.68353 1.57018 1.46681 1.37255 1.28659 1.20821 1.1367 1.07141 1.01166 0.953862 0.896685 0.840234 0.784626 0.729977 0.676398 0.624 0.572889 0.523161 0.474934 0.428341 0.383513 0.340588 0.299724 0.261801 0.226405 0.193262 0.162521 0.134425 0.108375 0.0845544 0.0632575 0.0450218 0.0281527 0.01342 0.0011969 -0.00829037 -0.0148748 -0.0183991 -0.0186681 -0.015637 -0.00932481 0.00024359 0.013002 0.0287986 0.0472957 0.0676565 0.0917287 0.118927 0.148935 0.182308 0.218711 0.257884 0.299204 0.341925 0.386609 0.4331 0.481219 0.530775 0.58158 0.633457 0.686253 0.739808 0.793956 0.848529 0.903355 0.958253 1.01306 1.07258 1.13767 1.20902 1.28727 1.37311 1.46727 1.57055 1.68382 1.80802 1.94415 2.09329 2.25657 2.43519 2.63036 2.8433 3.07496 
3.07496 2.84497 2.63317 2.43873 2.26056 2.09751 1.94845 1.81226 1.68791 1.57441 1.47083 1.37633 1.2901 1.21141 1.13958 1.07393 1.01376 0.955564 0.898025 0.841229 0.785286 0.730309 0.676409 0.623692 0.572262 0.522213 0.473667 0.426759 0.38163 0.338424 0.297307 0.259142 0.223537 0.190238 0.159409 0.13131 0.105234 0.081394 0.0601091 0.0419104 0.0249909 0.0101561 -0.00218302 -0.011775 -0.0184352 -0.0219917 -0.0222406 -0.0191446 -0.0127323 -0.00303992 0.0098499 0.0257583 0.0443029 0.064599 0.0886245 0.115793 0.145753 0.179169 0.215691 0.255043 0.296597 0.339605 0.384596 0.431407 0.479856 0.529748 0.580889 0.633103 0.68624 0.740141 0.794644 0.849585 0.904794 0.9601 1.01536 1.07528 1.14071 1.21237 1.29089 1.37698 1.47137 1.57484 1.68825 1.81253 1.94865 2.09766 2.26066 2.43879 2.6332 2.84499 3.07496 
3.07496 2.8468 2.63624 2.44265 2.26501 2.10227 1.95334 1.81716 1.69271 1.57904 1.47525 1.38048 1.29395 1.21493 1.14273 1.07667 1.01604 0.957399 0.89946 0.842283 0.785972 0.730635 0.676379 0.62331 0.571529 0.521128 0.472229 0.424977 0.379517 0.336003 0.294609 0.256182 0.22035 0.186884 0.155965 0.127861 0.101755 0.0778906 0.0566095 0.0384244 0.0214446 0.00649947 -0.0059639 -0.0156676 -0.0224083 -0.0259982 -0.0262253 -0.0230591 -0.0165386 -0.00671207 0.00631951 0.0223486 0.0409498 0.0612035 0.085188 0.112327 0.142237 0.175696 0.212343 0.251886 0.293692 0.337011 0.382337 0.4295 0.478311 0.528572 0.580084 0.632668 0.686178 0.74046 0.795353 0.850697 0.906326 0.962081 1.01785 1.07821 1.14403 1.21602 1.29486 1.38124 1.47587 1.57955 1.69311 1.81747 1.95357 2.10244 2.26513 2.44272 2.63628 2.84681 3.07496 
3.07496 2.84876 2.63958 2.4469 2.26986 2.10746 1.95869 1.82251 1.69797 1.58412 1.48008 1.38502 1.29816 1.21877 1.14616 1.07965 1.0185 0.959375 0.900992 0.843395 0.786678 0.730944 0.676297 0.622841 0.570672 0.519882 0.470596 0.422964 0.377141 0.33329 0.291593 0.252881 0.216805 0.183162 0.152147 0.124035 0.0978956 0.0739999 0.0527108 0.0345138 0.0174616 0.00239686 -0.0101995 -0.0200224 -0.026848 -0.0304726 -0.0306759 -0.027434 -0.0207964 -0.010825 0.0023594 0.0185194 0.0371883 0.0574246 0.0813769 0.108488 0.138348 0.171849 0.208628 0.248374 0.290451 0.334107 0.379799 0.427348 0.476557 0.527224 0.579144 0.632135 0.686056 0.740755 0.796076 0.851862 0.907953 0.964203 1.02052 1.08139 1.14764 1.22002 1.29921 1.38589 1.4808 1.5847 1.69843 1.82287 1.95895 2.10766 2.26999 2.44699 2.63962 2.84878 3.07496 
3.07496 2.85088 2.64319 2.45153 2.27514 2.11313 1.96453 1.82837 1.70373 1.58968 1.48538 1.38999 1.30277 1.22297 1.1499 1.08288 1.02117 0.961497 0.902623 0.844563 0.787398 0.731226 0.676147 0.622263 0.569668 0.518448 0.468735 0.420687 0.374467 0.330247 0.288218 0.249196 0.212858 0.179027 0.147911 0.119785 0.0936052 0.0696701 0.0483574 0.0301206 0.0129816 -0.00221338 -0.0149521 -0.0249018 -0.031817 -0.0354773 -0.0356545 -0.0323311 -0.0255669 -0.0154392 -0.00208994 0.0142125 0.032963 0.0532093 0.0771421 0.104231 0.13404 0.167585 0.204501 0.244463 0.286832 0.330853 0.376944 0.424915 0.474562 0.525675 0.578043 0.631483 0.685856 0.741014 0.796805 0.853075 0.909674 0.966469 1.0234 1.08482 1.15156 1.22437 1.30395 1.39098 1.48619 1.59034 1.70424 1.82877 1.96483 2.11334 2.27529 2.45162 2.64324 2.8509 3.07496 
3.07496 2.85316 2.64708 2.45654 2.28088 2.1193 1.97089 1.83477 1.71002 1.59576 1.49117 1.39543 1.30779 1.22754 1.15397 1.08638 1.02404 0.963771 0.904353 0.845779 0.78812 0.731465 0.675911 0.621554 0.568487 0.516795 0.466613 0.418107 0.371451 0.326826 0.284434 0.245076 0.208458 0.174426 0.143202 0.115057 0.0888269 0.0648404 0.0434843 0.0251776 0.00793444 -0.00740275 -0.020294 -0.0303783 -0.0373878 -0.0410846 -0.0412334 -0.0378218 -0.0309212 -0.0206248 -0.00709764 0.00936042 0.0282093 0.0484959 0.072426 0.0995001 0.129261 0.162851 0.199911 0.240105 0.282787 0.327202 0.373728 0.42216 0.472287 0.523891 0.576753 0.630686 0.685557 0.741219 0.797526 0.85433 0.911488 0.968883 1.02648 1.08852 1.15581 1.22911 1.30912 1.39653 1.49207 1.5965 1.7106 1.83522 1.97123 2.11954 2.28105 2.45664 2.64714 2.85318 3.07496 
3.07496 2.8556 2.65129 2.46196 2.28711 2.126 1.97783 1.84174 1.71688 1.6024 1.49749 1.40136 1.31327 1.23251 1.15837 1.09016 1.02712 0.9662 0.906179 0.847038 0.788832 0.731643 0.675563 0.620685 0.567098 0.514884 0.464185 0.415177 0.368043 0.322976 0.280187 0.240465 0.203545 0.169299 0.137957 0.109783 0.0834928 0.0594392 0.0380155 0.0196064 0.00223877 -0.0132546 -0.0263092 -0.0365364 -0.0436448 -0.0473789 -0.0474963 -0.0439898 -0.036942 -0.0264637 -0.0127442 0.00388476 0.0228521 0.043212 0.0671608 0.0942312 0.12395 0.15759 0.194802 0.235241 0.278259 0.323099 0.370098 0.419037 0.46969 0.521833 0.575238 0.629715 0.685133 0.741351 0.798226 0.855617 0.913391 0.971447 1.02977 1.09249 1.1604 1.23424 1.31474 1.40259 1.4985 1.60322 1.71753 1.84224 1.97821 2.12627 2.28729 2.46207 2.65135 2.85563 3.07496 
3.07496 2.85822 2.6558 2.46781 2.29385 2.13328 1.98537 1.84933 1.72436 1.60963 1.50438 1.40782 1.31923 1.2379 1.16314 1.09423 1.03043 0.968785 0.908096 0.848327 0.789516 0.731738 0.675077 0.619622 0.56546 0.512672 0.461404 0.411843 0.364185 0.318635 0.275411 0.235295 0.19805 0.163575 0.132103 0.103889 0.0775228 0.0533819 0.0318615 0.0133149 -0.00420063 -0.0198661 -0.0330962 -0.0434749 -0.0506868 -0.0544587 -0.0545416 -0.0509325 -0.0437261 -0.0330516 -0.019124 -0.00230621 0.0168034 0.0372722 0.0612664 0.0883489 0.118035 0.151731 0.189104 0.229805 0.273184 0.318483 0.365997 0.415488 0.466719 0.519454 0.573457 0.628534 0.684555 0.741385 0.798885 0.856922 0.915375 0.97416 1.03328 1.09676 1.16535 1.2398 1.32085 1.40917 1.50549 1.61054 1.72507 1.84989 1.98579 2.13358 2.29405 2.46794 2.65587 2.85824 3.07496 
3.07496 2.86101 2.66065 2.47412 2.30113 2.14116 1.99355 1.85758 1.73249 1.6175 1.51187 1.41484 1.3257 1.24374 1.16828 1.0986 1.03397 0.971524 0.910097 0.849631 0.790151 0.73172 0.674416 0.618324 0.563527 0.510104 0.45821 0.408043 0.359809 0.313729 0.270032 0.229489 0.191894 0.15717 0.125554 0.0972835 0.0708219 0.0465682 0.024917 0.0061953 -0.0114954 -0.0273516 -0.0407705 -0.0513099 -0.05863 -0.0624399 -0.0624845 -0.0587648 -0.0513873 -0.040501 -0.0263474 -0.00932014 0.00995964 0.0305763 0.0546477 0.0817633 0.11143 0.145193 0.18274 0.223721 0.267488 0.313281 0.361354 0.411448 0.463314 0.516699 0.571361 0.627098 0.683785 0.741289 0.799479 0.858229 0.91743 0.977018 1.03702 1.10132 1.17067 1.24581 1.32746 1.41632 1.51309 1.61849 1.73327 1.85819 1.99401 2.14149 2.30135 2.47425 2.66072 2.86103 3.07496 
3.07496 2.86397 2.66583 2.48089 2.30898 2.14968 2.00241 1.86653 1.74131 1.62604 1.51999 1.42245 1.33269 1.25004 1.1738 1.10328 1.03774 0.974412 0.912168 0.850931 0.790709 0.731555 0.673539 0.616741 0.561242 0.507119 0.454535 0.4037 0.354836 0.308175 0.26396 0.222954 0.184982 0.149987 0.118207 0.0898585 0.0632768 0.0388788 0.0170576 -0.0018803 -0.0197771 -0.0358455 -0.0494682 -0.0601781 -0.0676113 -0.0714593 -0.0714614 -0.0676221 -0.06006 -0.0489448 -0.0345451 -0.0172839 0.00219855 0.0230054 0.0471917 0.0743678 0.104035 0.137879 0.175616 0.216899 0.261083 0.307409 0.356089 0.406843 0.459403 0.513505 0.568892 0.625358 0.682778 0.741027 0.799978 0.859515 0.919542 0.980012 1.04097 1.10618 1.17637 1.25228 1.3346 1.42405 1.52132 1.62712 1.74217 1.86719 2.00291 2.15003 2.30922 2.48104 2.66591 2.864 3.07496 
3.07496 2.86712 2.67136 2.48814 2.31742 2.15886 2.01198 1.8762 1.75087 1.63529 1.5288 1.43067 1.34025 1.25683 1.17973 1.10827 1.04173 0.977439 0.914292 0.852199 0.791155 0.731199 0.672395 0.614815 0.558538 0.503643 0.450297 0.398728 0.349171 0.301874 0.257092 0.215582 0.1772 0.141908 0.109937 0.0814852 0.0547522 0.0301716 0.00813539 -0.0110634 -0.0292017 -0.0455071 -0.0593507 -0.0702419 -0.0777932 -0.0816791 -0.0816337 -0.0776649 -0.0699035 -0.0585403 -0.0438714 -0.0263477 -0.00662517 0.0144185 0.0387634 0.0660344 0.0957287 0.129676 0.167622 0.209232 0.253866 0.300769 0.350108 0.401582 0.454904 0.509793 0.56598 0.62325 0.681481 0.740552 0.800344 0.86075 0.92169 0.983132 1.04514 1.11135 1.18247 1.25922 1.3423 1.43241 1.53023 1.63646 1.75179 1.87692 2.01252 2.15924 2.31768 2.4883 2.67144 2.86715 3.07496 
3.07496 2.87044 2.67723 2.49589 2.32646 2.16873 2.0223 1.88664 1.76118 1.64529 1.5383 1.43955 1.34837 1.2641 1.18606 1.11357 1.04594 0.98059 0.916445 0.853403 0.791446 0.7306 0.67092 0.612474 0.555336 0.499585 0.445401 0.393022 0.342704 0.294708 0.249305 0.207246 0.168416 0.132792 0.100599 0.0720084 0.0450853 0.0202763 -0.00202593 -0.0215348 -0.0399544 -0.0565258 -0.0706098 -0.0816944 -0.0893694 -0.0932927 -0.0931943 -0.0890849 -0.0811076 -0.069475 -0.0545102 -0.0366907 -0.0166848 0.00464694 0.0292012 0.0566095 0.0863649 0.120445 0.158628 0.200596 0.245718 0.293244 0.3433 0.395562 0.449719 0.505474 0.562543 0.620701 0.679829 0.73981 0.800532 0.8619 0.923846 0.986356 1.0495 1.11682 1.18896 1.26665 1.35056 1.4414 1.53984 1.64654 1.76218 1.88741 2.02287 2.16914 2.32674 2.49606 2.67732 2.87047 3.07496 
3.07496 2.87394 2.68345 2.50413 2.33612 2.17931 2.03337 1.89788 1.7723 1.65605 1.54853 1.44909 1.35709 1.27189 1.1928 1.11918 1.05036 0.983841 0.918592 0.854499 0.791528 0.729693 0.66904 0.609632 0.551539 0.494842 0.43973 0.386459 0.335302 0.286537 0.240452 0.197791 0.158466 0.12247 0.0900115 0.0612412 0.0340802 0.00898853 -0.0136375 -0.033511 -0.0522574 -0.0691281 -0.0834754 -0.0947672 -0.102572 -0.106532 -0.106374 -0.102112 -0.0939 -0.0819733 -0.0666816 -0.0485269 -0.0281883 -0.00651098 0.0183107 0.0459076 0.0757676 0.110019 0.148476 0.190839 0.236495 0.284698 0.335535 0.388657 0.443732 0.500441 0.558482 0.617623 0.677744 0.738732 0.800484 0.862916 0.925974 0.98966 1.05406 1.12257 1.19585 1.27456 1.35941 1.45106 1.55016 1.65738 1.77335 1.89869 2.03398 2.17975 2.33642 2.50431 2.68355 2.87398 3.07496 
3.07496 2.87761 2.69002 2.51287 2.34641 2.19061 2.04523 1.90992 1.78422 1.66761 1.5595 1.45931 1.36641 1.28017 1.19995 1.12509 1.05495 0.987159 0.920692 0.855433 0.791334 0.728398 0.666664 0.606186 0.547034 0.489287 0.433148 0.378892 0.326808 0.277195 0.230357 0.187032 0.147157 0.110734 0.0779593 0.0489566 0.0214996 -0.00393817 -0.0269537 -0.0472528 -0.0663777 -0.0835866 -0.0982239 -0.109739 -0.117681 -0.121677 -0.121452 -0.117022 -0.108555 -0.0963056 -0.0806504 -0.0621144 -0.041386 -0.0192985 0.00585718 0.0337043 0.063723 0.0981958 0.136975 0.179782 0.226025 0.274967 0.326657 0.380723 0.436806 0.494567 0.553683 0.613911 0.675132 0.737238 0.800132 0.863742 0.928028 0.993007 1.05878 1.1286 1.20312 1.28298 1.36884 1.46138 1.56123 1.66901 1.78534 1.91079 2.04588 2.19107 2.34672 2.51307 2.69012 2.87765 3.07496 
3.07496 2.88145 2.69692 2.52211 2.35732 2.20263 2.05788 1.92279 1.79698 1.67997 1.57124 1.47023 1.37634 1.28896 1.20748 1.13127 1.0597 0.990501 0.922688 0.856135 0.790782 0.726622 0.663682 0.602013 0.541682 0.48277 0.425492 0.370143 0.317033 0.266481 0.218807 0.174743 0.134249 0.0973338 0.0641778 0.0348784 0.00705566 -0.0188026 -0.0422825 -0.0630764 -0.0826387 -0.100231 -0.11519 -0.126948 -0.135035 -0.139068 -0.138767 -0.134153 -0.125405 -0.112799 -0.0967373 -0.0777656 -0.0565815 -0.0340104 -0.00844405 0.0197264 0.0499702 0.084729 0.123891 0.167204 0.214099 0.263855 0.316482 0.371583 0.428778 0.487699 0.548006 0.60944 0.671882 0.735228 0.79939 0.864305 0.929949 0.996351 1.06361 1.13488 1.21076 1.29187 1.37887 1.47238 1.57304 1.68144 1.79815 1.9237 2.05856 2.20311 2.35765 2.52231 2.69703 2.88149 3.07496 
3.07496 2.88544 2.70415 2.53182 2.36885 2.21537 2.07132 1.9365 1.81058 1.69315 1.58374 1.48182 1.38685 1.29824 1.21538 1.13768 1.06455 0.993809 0.92451 0.856521 0.789772 0.724246 0.659961 0.596964 0.535319 0.475109 0.416564 0.36 0.30575 0.254152 0.205544 0.16065 0.119451 0.0819614 0.0483431 0.0186689 -0.00960315 -0.035969 -0.0599991 -0.0813668 -0.101435 -0.119464 -0.134782 -0.146806 -0.15505 -0.159118 -0.158732 -0.153914 -0.144855 -0.131853 -0.115333 -0.0958615 -0.0741452 -0.0510057 -0.0249402 0.00364003 0.0341896 0.069315 0.108939 0.152837 0.200467 0.251123 0.304784 0.361029 0.419451 0.479658 0.541284 0.604058 0.667858 0.732584 0.798154 0.864518 0.931662 0.999629 1.06853 1.14137 1.21874 1.30123 1.38946 1.48406 1.58561 1.69467 1.81179 1.93744 2.07203 2.21587 2.36919 2.53203 2.70426 2.88548 3.07496 
3.07496 2.88958 2.71167 2.54199 2.38097 2.22882 2.08555 1.95102 1.825 1.70713 1.59699 1.4941 1.39794 1.30797 1.22361 1.14429 1.06945 0.99701 0.926068 0.856484 0.78818 0.721129 0.655342 0.590859 0.527745 0.466086 0.406126 0.348205 0.292679 0.239909 0.190249 0.144414 0.102404 0.0642372 0.0300569 -8.69167e-05 -0.0289082 -0.0558837 -0.0805637 -0.102597 -0.12325 -0.141779 -0.157502 -0.169821 -0.178235 -0.182339 -0.181855 -0.17681 -0.167406 -0.153959 -0.136918 -0.11687 -0.0945317 -0.0707252 -0.0440572 -0.0149648 0.0159877 0.0515801 0.0917657 0.136349 0.184816 0.236482 0.291293 0.348807 0.408591 0.470226 0.53332 0.597585 0.662898 0.72916 0.796298 0.86427 0.933075 1.00277 1.07346 1.14803 1.22702 1.31102 1.40061 1.49639 1.5989 1.7087 1.82625 1.95199 2.08627 2.22934 2.38132 2.54221 2.71179 2.88962 3.07496 
3.07496 2.89384 2.71948 2.55259 2.39366 2.24294 2.10052 1.96635 1.84024 1.7219 1.61097 1.50702 1.40958 1.31812 1.23212 1.15103 1.07431 1.00001 0.92725 0.855894 0.785855 0.717098 0.649628 0.583481 0.51872 0.455435 0.393889 0.334445 0.277483 0.223388 0.172531 0.125618 0.0826641 0.0436911 0.00882621 -0.0219021 -0.0513922 -0.0790981 -0.104545 -0.127352 -0.148683 -0.167788 -0.183971 -0.19662 -0.205221 -0.209363 -0.208767 -0.203467 -0.193673 -0.179723 -0.162087 -0.14137 -0.118303 -0.0937134 -0.0663211 -0.0365948 -0.00512204 0.0310609 0.0719349 0.117331 0.166765 0.219575 0.275676 0.334608 0.395912 0.459139 0.523871 0.589803 0.656805 0.724783 0.793669 0.863429 0.934072 1.00566 1.07832 1.15477 1.23555 1.3212 1.41228 1.50934 1.61291 1.72349 1.84151 1.96733 2.10126 2.24347 2.39401 2.55281 2.7196 2.89389 3.07496 
3.07496 2.89823 2.72753 2.56358 2.40687 2.2577 2.11622 1.98244 1.85625 1.73742 1.62564 1.52055 1.42171 1.32863 1.24084 1.15781 1.07904 1.00268 0.927916 0.854588 0.782612 0.711944 0.642584 0.574564 0.507949 0.442834 0.379498 0.318331 0.259742 0.204136 0.151904 0.10374 0.0596758 0.0197375 -0.0159629 -0.047415 -0.077718 -0.106299 -0.132651 -0.156359 -0.178481 -0.198252 -0.214963 -0.227988 -0.236799 -0.24098 -0.240257 -0.234667 -0.224431 -0.209905 -0.19158 -0.170083 -0.14616 -0.120648 -0.0923869 -0.0618808 -0.029746 0.00717972 0.0489005 0.0952708 0.145836 0.199958 0.257524 0.318055 0.381066 0.446079 0.512648 0.580447 0.649343 0.719241 0.790078 0.861829 0.934511 1.00819 1.083 1.16152 1.24425 1.3317 1.42441 1.52287 1.6276 1.73902 1.85752 1.98343 2.11696 2.25823 2.40723 2.56381 2.72765 2.89827 3.07496 
3.07496 2.9027 2.73581 2.57492 2.42055 2.27304 2.13258 1.99925 1.87299 1.75364 1.64096 1.53463 1.43426 1.33943 1.24967 1.16452 1.08351 1.00489 0.927895 0.85237 0.778224 0.705409 0.633919 0.563787 0.495075 0.427885 0.362517 0.299389 0.238936 0.181591 0.12776 0.0781275 0.0327446 -0.00835816 -0.0450806 -0.0774269 -0.108718 -0.138348 -0.165774 -0.190539 -0.213587 -0.234135 -0.251458 -0.264914 -0.273965 -0.27819 -0.27732 -0.271396 -0.260652 -0.24546 -0.226333 -0.20392 -0.178986 -0.152383 -0.123077 -0.0916141 -0.0586448 -0.0207884 0.0219777 0.0695272 0.121433 0.17708 0.236327 0.298679 0.363624 0.430655 0.499295 0.569196 0.640222 0.712276 0.785298 0.85927 0.934217 1.01021 1.08739 1.16818 1.25304 1.34246 1.43693 1.53693 1.6429 1.75523 1.87425 2.00023 2.13332 2.27357 2.42091 2.57514 2.73592 2.90275 3.07496 
3.07496 2.90726 2.74426 2.58656 2.43465 2.2889 2.14954 2.0167 1.89038 1.7705 1.65685 1.54918 1.44716 1.35041 1.25852 1.17104 1.08756 1.00645 0.926975 0.848996 0.772414 0.697179 0.623281 0.550751 0.479655 0.410099 0.342405 0.277022 0.214416 0.155043 0.0993322 0.0479576 0.00099187 -0.0415253 -0.0795018 -0.112953 -0.145447 -0.17634 -0.205046 -0.231058 -0.255199 -0.276662 -0.294702 -0.30866 -0.317989 -0.322265 -0.321224 -0.314914 -0.303579 -0.287607 -0.267537 -0.244039 -0.217903 -0.190001 -0.159434 -0.126798 -0.0927818 -0.0537611 -0.00970023 0.0392889 0.0928021 0.150245 0.211448 0.275897 0.343054 0.412384 0.483375 0.555657 0.629089 0.703572 0.77905 0.855508 0.932977 1.01154 1.09132 1.17459 1.26179 1.35336 1.44977 1.55143 1.65874 1.77204 1.89162 2.01766 2.15026 2.28941 2.435 2.58677 2.74437 2.90731 3.07496 
3.07496 2.91187 2.75285 2.59843 2.44909 2.3052 2.16703 2.03473 1.90837 1.78791 1.67323 1.56412 1.46031 1.36147 1.26723 1.17721 1.091 1.00713 0.924897 0.844168 0.764842 0.686867 0.610233 0.534968 0.461141 0.388866 0.318487 0.250485 0.185359 0.123595 0.0656468 0.0121807 -0.0367037 -0.0809521 -0.120475 -0.155293 -0.18926 -0.221684 -0.251926 -0.279425 -0.304867 -0.327417 -0.346306 -0.360857 -0.370513 -0.374848 -0.373609 -0.366846 -0.354814 -0.337922 -0.316729 -0.291935 -0.264356 -0.234896 -0.202799 -0.168718 -0.13339 -0.0929118 -0.04724 0.00352112 0.0589843 0.118571 0.182079 0.248974 0.318693 0.390664 0.464346 0.539344 0.615511 0.692745 0.770992 0.850242 0.930529 1.01194 1.09459 1.1806 1.27037 1.3643 1.46281 1.56627 1.67504 1.78939 1.90955 2.03565 2.16771 2.3057 2.44943 2.59864 2.75296 2.91192 3.07496 
3.07496 2.91652 2.76153 2.61049 2.46381 2.32187 2.18495 2.05324 1.92684 1.80578 1.69 1.57933 1.47357 1.37245 1.27565 1.18282 1.09361 1.00666 0.921346 0.837521 0.75509 0.673998 0.594234 0.515828 0.43885 0.36342 0.289908 0.21883 0.15072 0.0861008 0.0254533 -0.0305553 -0.0817911 -0.128177 -0.16962 -0.206142 -0.241925 -0.276219 -0.308325 -0.337612 -0.36462 -0.388475 -0.40838 -0.423639 -0.433685 -0.438093 -0.436617 -0.429317 -0.416457 -0.398464 -0.375923 -0.349564 -0.320239 -0.288888 -0.254919 -0.219048 -0.182071 -0.13976 -0.0920717 -0.0391098 0.0187468 0.0809283 0.147191 0.21698 0.289698 0.364741 0.441532 0.519653 0.598949 0.679318 0.760706 0.843106 0.926555 1.01114 1.09699 1.18602 1.2786 1.37512 1.47593 1.58136 1.6917 1.80718 1.92796 2.0541 2.18559 2.32234 2.46413 2.61068 2.76164 2.91656 3.07496 
3.07496 2.92118 2.77028 2.62267 2.47874 2.33883 2.20322 2.07214 1.94572 1.82403 1.70706 1.59471 1.48683 1.38322 1.28359 1.18766 1.09511 1.00473 0.915938 0.828607 0.742639 0.657977 0.57461 0.492565 0.411918 0.332791 0.255579 0.180841 0.109151 0.0410721 -0.0228762 -0.0820172 -0.136171 -0.185228 -0.229079 -0.267741 -0.305785 -0.342394 -0.376786 -0.408253 -0.437165 -0.462603 -0.483736 -0.499849 -0.510364 -0.514861 -0.513105 -0.505162 -0.491306 -0.471983 -0.447805 -0.419536 -0.388071 -0.354401 -0.318111 -0.280002 -0.240938 -0.196307 -0.146072 -0.0903472 -0.029516 0.03585 0.105457 0.178716 0.254996 0.333655 0.414078 0.495823 0.57873 0.662698 0.747673 0.83365 0.920669 1.00882 1.09822 1.19061 1.28631 1.38567 1.489 1.59657 1.70862 1.82531 1.94674 2.07293 2.20381 2.33925 2.47902 2.62285 2.77038 2.92122 3.07496 
3.07496 2.92584 2.77905 2.63492 2.4938 2.356 2.22178 2.09137 1.96493 1.84257 1.72432 1.61015 1.49996 1.39359 1.29084 1.19146 1.09518 1.00093 0.908204 0.816874 0.726844 0.638059 0.550503 0.464205 0.379238 0.295726 0.214092 0.134937 0.0588858 -0.0134492 -0.0814965 -0.144557 -0.202388 -0.254828 -0.301741 -0.343128 -0.384032 -0.423544 -0.460785 -0.494944 -0.526199 -0.553575 -0.576204 -0.593351 -0.604434 -0.609039 -0.606946 -0.598227 -0.583166 -0.562223 -0.536038 -0.505412 -0.471292 -0.434732 -0.395528 -0.35458 -0.312844 -0.265239 -0.211747 -0.15251 -0.0879284 -0.0185936 0.0551335 0.132621 0.213194 0.296167 0.380886 0.466883 0.554001 0.642138 0.731244 0.821317 0.912398 1.00457 1.09797 1.19411 1.29329 1.39579 1.50189 1.61181 1.72571 1.8437 1.96583 2.09207 2.2223 2.35637 2.49406 2.63508 2.77914 2.92588 3.07496 
3.07496 2.93049 2.78781 2.64721 2.50896 2.37333 2.24056 2.11087 1.98442 1.86135 1.74172 1.62557 1.51284 1.40344 1.2972 1.19395 1.09345 0.994805 0.897573 0.801631 0.706887 0.613286 0.520809 0.429479 0.339363 0.250582 0.163584 0.0790182 -0.00243326 -0.0800931 -0.153321 -0.221377 -0.283929 -0.340739 -0.391622 -0.436546 -0.481137 -0.524362 -0.565212 -0.602747 -0.636915 -0.666678 -0.691132 -0.70953 -0.721294 -0.726027 -0.723527 -0.713871 -0.697347 -0.674424 -0.645762 -0.612198 -0.574738 -0.534515 -0.491581 -0.446964 -0.401742 -0.350259 -0.29253 -0.228749 -0.159359 -0.0849923 -0.00610026 0.0766257 0.162455 0.250651 0.340519 0.431572 0.523656 0.616678 0.710596 0.805409 0.901164 0.997944 1.09587 1.19624 1.29931 1.40533 1.5145 1.62699 1.74291 1.86231 1.98518 2.11145 2.241 2.37365 2.50918 2.64735 2.78789 2.93052 3.07496 
3.07496 2.93511 2.79657 2.65953 2.52421 2.39083 2.25957 2.13064 2.0042 1.88038 1.75929 1.64097 1.52543 1.41264 1.30249 1.19484 1.08951 0.985802 0.883334 0.781996 0.681704 0.582399 0.484057 0.386689 0.290348 0.195139 0.101532 0.0102249 -0.0780308 -0.162479 -0.242389 -0.316955 -0.385719 -0.448327 -0.504506 -0.554155 -0.603637 -0.651736 -0.697252 -0.739077 -0.776884 -0.809577 -0.836233 -0.856116 -0.868676 -0.873548 -0.870557 -0.859783 -0.841502 -0.816177 -0.784462 -0.747219 -0.705502 -0.660541 -0.612706 -0.563212 -0.513316 -0.456635 -0.393256 -0.323459 -0.247773 -0.166901 -0.0814164 0.00791179 0.100284 0.194907 0.291044 0.388193 0.486221 0.585051 0.684652 0.785034 0.886242 0.988359 1.0915 1.1967 1.3042 1.41416 1.52676 1.6421 1.76022 1.88114 2.0048 2.1311 2.25992 2.39107 2.52438 2.65964 2.79663 2.93514 3.07496 
3.07496 2.93973 2.80533 2.6719 2.53958 2.40853 2.27888 2.15079 2.0244 1.89981 1.77715 1.65647 1.53782 1.42121 1.30658 1.19386 1.08293 0.973259 0.864583 0.756804 0.649845 0.54365 0.438186 0.333445 0.229448 0.126268 0.0243811 -0.0754621 -0.172439 -0.265707 -0.354432 -0.43772 -0.514942 -0.58556 -0.649134 -0.705418 -0.761705 -0.816437 -0.868115 -0.915413 -0.957705 -0.993888 -1.02309 -1.04463 -1.05806 -1.06305 -1.05948 -1.04742 -1.02711 -0.998968 -0.963588 -0.921789 -0.874627 -0.823407 -0.768897 -0.712606 -0.656128 -0.592159 -0.52094 -0.442921 -0.358772 -0.269311 -0.175256 -0.0774673 0.0231828 0.125844 0.229739 0.334366 0.439632 0.545495 0.651945 0.758999 0.866705 0.975136 1.08439 1.19523 1.30782 1.42231 1.53877 1.65727 1.77781 1.90034 2.02481 2.15111 2.27912 2.4087 2.5397 2.67197 2.80537 2.93974 3.07496 
3.07496 2.94435 2.81414 2.68439 2.55518 2.42659 2.29869 2.17156 2.0453 1.91998 1.79567 1.67244 1.55033 1.42937 1.30956 1.19087 1.07323 0.956365 0.840109 0.724402 0.60919 0.494428 0.380079 0.266114 0.152511 0.0392793 -0.0731091 -0.183864 -0.29212 -0.396993 -0.497588 -0.592959 -0.682279 -0.76475 -0.839632 -0.906344 -0.973009 -1.03717 -1.09694 -1.15091 -1.19829 -1.23819 -1.26994 -1.29306 -1.30723 -1.31226 -1.30805 -1.29466 -1.27227 -1.24117 -1.20179 -1.15476 -1.10093 -1.04147 -0.977465 -0.9108 -0.843951 -0.768804 -0.685951 -0.596144 -0.500259 -0.399231 -0.293907 -0.185191 -0.0739778 0.0388556 0.152506 0.266488 0.380778 0.495384 0.610319 0.72561 0.841292 0.957418 1.07405 1.19163 1.31024 1.42997 1.55084 1.67286 1.79602 1.92025 2.04551 2.17173 2.29881 2.42667 2.55524 2.68443 2.81416 2.94436 3.07496 
3.07496 2.94902 2.82309 2.69715 2.57122 2.44528 2.31935 2.19341 2.06748 1.94154 1.8156 1.68967 1.56373 1.4378 1.31186 1.18593 1.05999 0.934059 0.808124 0.682189 0.556253 0.430318 0.304383 0.178448 0.0525128 -0.073415 -0.198889 -0.323205 -0.44564 -0.56548 -0.682029 -0.794608 -0.902561 -1.00526 -1.10211 -1.19254 -1.27603 -1.35209 -1.42028 -1.48021 -1.53152 -1.57391 -1.60714 -1.63101 -1.6454 -1.6502 -1.6454 -1.63101 -1.60714 -1.57391 -1.53152 -1.48021 -1.42028 -1.35209 -1.27603 -1.19254 -1.10211 -1.00526 -0.902561 -0.794608 -0.682029 -0.56548 -0.44564 -0.323205 -0.198889 -0.073415 0.0525128 0.178448 0.304383 0.430318 0.556253 0.682189 0.808124 0.934059 1.05999 1.18593 1.31186 1.4378 1.56373 1.68967 1.8156 1.94154 2.06748 2.19341 2.31935 2.44528 2.57122 2.69715 2.82309 2.94902 3.07496 

y_vals
0 0 0 0 0 0 0 0 0 0 0 0 0 0 0 0 1.43083e-16 -0.0286582 -0.0554197 -0.0803983 -0.103662 -0.125234 -0.145089 -0.163165 -0.179366 -0.193568 -0.205636 -0.215429 -0.22281 -0.22766 -0.229884 -0.229536 -0.226913 -0.221968 -0.214672 -0.205034 -0.1931 -0.178948 -0.162683 -0.144426 -0.124308 -0.102462 -0.07901 -0.054062 -0.027705 0 0.0280951 0.05561 0.0824458 0.108453 0.133438 0.157167 0.17938 0.199798 0.218132 0.234099 0.247426 0.257864 0.265195 0.269236 0.269872 0.267434 0.262076 0.253856 0.242859 0.22919 0.212961 0.194283 0.173258 0.149966 0.124458 0.096751 0.0668219 0.0346063 -1.3402e-16 0 0 0 0 0 0 0 0 0 0 0 0 0 0 0 0 
-0.005 -0.00500399 -0.00500851 -0.00501432 -0.00502218 -0.00503299 -0.00504794 -0.00506865 -0.0050974 -0.00513744 -0.00519368 -0.00527384 -0.00539113 -0.00557084 -0.00587094 -0.00647362 -0.00846199 -0.0348988 -0.0608248 -0.0853243 -0.108249 -0.129547 -0.149164 -0.167021 -0.183011 -0.197008 -0.208871 -0.218456 -0.225628 -0.230265 -0.232279 -0.23173 -0.228896 -0.223737 -0.216232 -0.20641 -0.194302 -0.17999 -0.163593 -0.145366 -0.125162 -0.103184 -0.079578 -0.0544605 -0.027926 -4.3364e-05 0.0282308 0.0559279 0.082942 0.109118 0.134254 0.158108 0.1804 0.200768 0.219216 0.23533 0.248825 0.259472 0.267027 0.271302 0.27218 0.269969 0.264828 0.25682 0.246033 0.232574 0.21656 0.198107 0.177325 0.154307 0.129128 0.101852 0.0725615 0.0415103 0.00996383 0.0070617 0.00622112 0.00580837 0.00556161 0.00539964 0.00528772 0.00520803 0.00515023 0.00510787 0.00507665 0.00505359 0.00503653 0.00502386 0.0050143 0.00500673 0.005 
-0.0105 -0.0105083 -0.0105178 -0.0105299 -0.0105463 -0.0105689 -0.0106001 -0.0106432 -0.0107031 -0.0107865 -0.0109036 -0.0110704 -0.0113141 -0.0116868 -0.0123059 -0.0135272 -0.0171945 -0.0416701 -0.0667421 -0.0907298 -0.113286 -0.134286 -0.153643 -0.171259 -0.187019 -0.200789 -0.212427 -0.221785 -0.228726 -0.23313 -0.234912 -0.234142 -0.231077 -0.225684 -0.21795 -0.207929 -0.195632 -0.181145 -0.16461 -0.146401 -0.126099 -0.103979 -0.0802025 -0.0548985 -0.0281685 -9.0213e-05 0.0283812 0.0562789 0.0834892 0.10985 0.135152 0.159144 0.181522 0.20185 0.220419 0.236693 0.250369 0.261242 0.269043 0.273575 0.274717 0.272756 0.267854 0.26008 0.249524 0.236296 0.220517 0.202311 0.181794 0.159075 0.134255 0.107442 0.0788234 0.0489267 0.0199584 0.014725 0.0130302 0.0121803 0.0116691 0.0113326 0.0110998 0.0109338 0.0108134 0.0107251 0.01066 0.0106119 0.0105763 0.0105499 0.0105299 0.0105141 0.0105 
-0.01655 -0.0165631 -0.0165779 -0.0165969 -0.0166226 -0.0166579 -0.0167066 -0.0167741 -0.0168677 -0.016998 -0.0171807 -0.0174408 -0.0178204 -0.0183991 -0.0193547 -0.0212031 -0.0262736 -0.0490165 -0.0732175 -0.0966601 -0.118817 -0.139493 -0.158565 -0.175917 -0.191424 -0.204946 -0.216336 -0.225445 -0.232133 -0.236281 -0.23781 -0.236794 -0.233476 -0.227826 -0.219844 -0.209606 -0.197105 -0.182429 -0.165746 -0.14754 -0.127131 -0.104852 -0.080889 -0.0553797 -0.0284345 -0.000140746 0.0285479 0.0566665 0.0840927 0.110657 0.136141 0.160283 0.182757 0.203059 0.221756 0.238202 0.252074 0.263193 0.271262 0.276076 0.277507 0.27582 0.271181 0.263664 0.253362 0.240387 0.224867 0.206931 0.186705 0.164313 0.13988 0.113565 0.0856524 0.0569027 0.0301274 0.0230288 0.0204769 0.0191677 0.0183744 0.0178506 0.0174875 0.0172285 0.0170404 0.0169024 0.0168006 0.0167253 0.0166696 0.0166282 0.0165969 0.0165721 0.01655 
-0.023205 -0.0232232 -0.0232439 -0.0232704 -0.0233061 -0.0233552 -0.0234229 -0.0235167 -0.0236466 -0.0238274 -0.0240809 -0.0244412 -0.024966 -0.0257637 -0.027071 -0.0295458 -0.0357736 -0.056985 -0.0803005 -0.103164 -0.124891 -0.145213 -0.163974 -0.181037 -0.196266 -0.209517 -0.220635 -0.229469 -0.235879 -0.239747 -0.240997 -0.239712 -0.236115 -0.230184 -0.221932 -0.211459 -0.198736 -0.183856 -0.167016 -0.148794 -0.128265 -0.105813 -0.0816437 -0.0559085 -0.0287264 -0.000195155 0.0287328 0.0570947 0.0847584 0.111546 0.137231 0.161538 0.184118 0.204407 0.223241 0.239873 0.253957 0.265343 0.273705 0.278826 0.280574 0.279188 0.274839 0.267605 0.257581 0.244886 0.229649 0.212009 0.192102 0.170066 0.146053 0.12027 0.0930966 0.0654857 0.0405892 0.0320127 0.0286138 0.0268266 0.0257343 0.0250103 0.0245074 0.0241481 0.0238869 0.0236952 0.0235538 0.0234491 0.0233716 0.023314 0.0232704 0.0232358 0.023205 
-0.0305255 -0.0305493 -0.0305764 -0.0306109 -0.0306575 -0.0307215 -0.0308098 -0.0309318 -0.0311009 -0.031336 -0.0316652 -0.0321327 -0.0328122 -0.0338409 -0.0355123 -0.0386026 -0.0457688 -0.0656252 -0.0880445 -0.110296 -0.131559 -0.151497 -0.169917 -0.186664 -0.20159 -0.214542 -0.225362 -0.233895 -0.24 -0.243559 -0.244504 -0.242921 -0.239018 -0.23278 -0.224234 -0.213507 -0.200543 -0.185444 -0.168435 -0.150176 -0.129512 -0.106869 -0.0824737 -0.0564896 -0.0290466 -0.000253622 0.0289383 0.0575681 0.0854932 0.112526 0.138432 0.162919 0.185617 0.205914 0.224894 0.241726 0.256038 0.267713 0.276395 0.281853 0.283947 0.282892 0.278862 0.271939 0.262222 0.249832 0.234907 0.217591 0.198031 0.176382 0.152824 0.127611 0.101208 0.0747252 0.0514486 0.0417185 0.0374972 0.0352175 0.0338103 0.0328733 0.0322209 0.031754 0.0314144 0.0311649 0.0309806 0.0308442 0.0307431 0.0306679 0.030611 0.0305657 0.0305255 
-0.0385781 -0.038608 -0.0386419 -0.0386852 -0.0387436 -0.0388236 -0.0389339 -0.0390864 -0.0392975 -0.0395906 -0.0400009 -0.0405824 -0.0414256 -0.0426962 -0.0447404 -0.0484246 -0.0563354 -0.0749907 -0.0965073 -0.118114 -0.138877 -0.158398 -0.176448 -0.192849 -0.207441 -0.220066 -0.230559 -0.238762 -0.244532 -0.247754 -0.248363 -0.246452 -0.242213 -0.23564 -0.226775 -0.215773 -0.202548 -0.187211 -0.17002 -0.151701 -0.130885 -0.108031 -0.0833865 -0.0571284 -0.0293979 -0.000316312 0.0291665 0.0580915 0.0863043 0.113608 0.139755 0.164441 0.187272 0.207597 0.226733 0.243781 0.25834 0.270328 0.279357 0.285183 0.287656 0.286965 0.283285 0.276704 0.267324 0.25527 0.240687 0.223726 0.204546 0.183318 0.16025 0.135643 0.110041 0.0846735 0.062803 0.0521918 0.0471868 0.0444057 0.0426696 0.0415073 0.0406957 0.0401138 0.03969 0.0393783 0.039148 0.0389774 0.0388509 0.0387567 0.0386853 0.0386286 0.0385781 
-0.0474359 -0.0474724 -0.0475138 -0.0475666 -0.0476375 -0.0477348 -0.0478688 -0.0480539 -0.0483098 -0.048665 -0.0491614 -0.0498637 -0.0508791 -0.0524007 -0.0548216 -0.059068 -0.0675525 -0.0851393 -0.105751 -0.126681 -0.146909 -0.165978 -0.183623 -0.199646 -0.213874 -0.22614 -0.236274 -0.244114 -0.249517 -0.252368 -0.252609 -0.250338 -0.245731 -0.238791 -0.229581 -0.218281 -0.204773 -0.18918 -0.171793 -0.153384 -0.132397 -0.10931 -0.0843905 -0.0578307 -0.0297833 -0.000383364 0.0294204 0.0586705 0.0872001 0.114801 0.141213 0.166119 0.189099 0.209477 0.228783 0.246064 0.260888 0.273213 0.282622 0.288849 0.291735 0.291444 0.28815 0.281945 0.272935 0.26125 0.247041 0.230469 0.211702 0.190931 0.168392 0.144429 0.119657 0.0953871 0.0747466 0.0634833 0.0577464 0.0544615 0.0523847 0.0509858 0.0500055 0.0493013 0.0487875 0.0484093 0.0481296 0.0479223 0.0477685 0.0476537 0.0475668 0.0474975 0.0474359 
-0.0571794 -0.0572231 -0.0572726 -0.0573355 -0.0574201 -0.0575359 -0.0576952 -0.0579151 -0.0582188 -0.0586399 -0.0592273 -0.0600568 -0.0612517 -0.0630313 -0.0658273 -0.0705945 -0.0795032 -0.096134 -0.115844 -0.136065 -0.155722 -0.174302 -0.191507 -0.207117 -0.220946 -0.232818 -0.242559 -0.250002 -0.255001 -0.257446 -0.257282 -0.254614 -0.249604 -0.242265 -0.23268 -0.221059 -0.207245 -0.191376 -0.173774 -0.155245 -0.134063 -0.110717 -0.0854952 -0.0586028 -0.0302061 -0.000454886 0.0297031 0.0593115 0.0881898 0.116117 0.142822 0.167968 0.191118 0.211578 0.231069 0.248599 0.26371 0.2764 0.28622 0.292885 0.296223 0.29637 0.2935 0.287709 0.279106 0.267826 0.254027 0.237879 0.219563 0.199288 0.177317 0.154036 0.13012 0.106928 0.0873733 0.0756502 0.0692447 0.0654607 0.0630348 0.0613891 0.0602312 0.0593974 0.058788 0.0583389 0.0580064 0.0577597 0.0575765 0.0574397 0.0573359 0.0572532 0.0571794 
-0.0678974 -0.0679488 -0.0680069 -0.0680809 -0.06818 -0.0683155 -0.0685018 -0.0687586 -0.069113 -0.0696036 -0.0702869 -0.0712492 -0.0726298 -0.0746713 -0.0778349 -0.083073 -0.0922757 -0.108044 -0.126858 -0.146343 -0.16539 -0.183442 -0.200168 -0.215328 -0.228721 -0.240162 -0.249471 -0.256478 -0.261036 -0.263036 -0.262427 -0.259322 -0.25387 -0.246097 -0.236107 -0.224139 -0.209995 -0.193827 -0.175989 -0.157302 -0.135899 -0.112267 -0.0867112 -0.0594519 -0.0306701 -0.000530942 0.0300181 0.0600215 0.0892839 0.117571 0.144597 0.17001 0.193352 0.213927 0.23362 0.25142 0.266837 0.279922 0.290188 0.29733 0.301161 0.301788 0.299385 0.294049 0.285893 0.275057 0.261707 0.246023 0.228198 0.20846 0.187098 0.164538 0.141502 0.119363 0.100779 0.0887569 0.0817553 0.0774852 0.0747055 0.0728047 0.0714612 0.0704908 0.0697803 0.0692558 0.0688671 0.0685784 0.0683638 0.0682034 0.0680815 0.0679842 0.0678974 
-0.0796871 -0.0797468 -0.0798143 -0.0799 -0.0800147 -0.0801712 -0.0803862 -0.0806821 -0.0810899 -0.0816535 -0.0824368 -0.0835366 -0.0851072 -0.087411 -0.090928 -0.0965801 -0.105964 -0.120947 -0.138874 -0.157595 -0.175994 -0.193478 -0.209684 -0.224353 -0.237269 -0.248239 -0.257075 -0.263604 -0.267677 -0.269189 -0.268093 -0.264507 -0.258573 -0.250327 -0.239898 -0.227556 -0.213055 -0.196564 -0.178466 -0.159582 -0.137925 -0.113975 -0.08805 -0.060386 -0.0311792 -0.000611544 0.0303694 0.0608085 0.090494 0.119177 0.146557 0.172265 0.195827 0.216554 0.236471 0.254561 0.270308 0.283816 0.294566 0.302228 0.306596 0.30775 0.30586 0.301023 0.293358 0.283009 0.270151 0.254973 0.237683 0.218524 0.197814 0.176013 0.153878 0.132768 0.115062 0.102876 0.095358 0.0906231 0.0874898 0.085328 0.0837919 0.0826787 0.0818618 0.0812578 0.0808094 0.0804761 0.080228 0.0800423 0.079901 0.079788 0.0796871 
-0.0926558 -0.0927245 -0.092802 -0.0929002 -0.0930314 -0.0932102 -0.0934554 -0.0937924 -0.0942561 -0.0948958 -0.0957826 -0.0970235 -0.0987861 -0.101349 -0.105198 -0.111202 -0.12067 -0.134927 -0.151978 -0.169911 -0.187624 -0.204496 -0.220139 -0.234273 -0.246668 -0.257123 -0.265441 -0.271446 -0.274988 -0.275965 -0.274334 -0.270221 -0.263759 -0.255 -0.244097 -0.231351 -0.216465 -0.199625 -0.181236 -0.162109 -0.140163 -0.115859 -0.0895248 -0.0614139 -0.031738 -0.000696633 0.0307617 0.0616813 0.0918333 0.120953 0.148723 0.174759 0.198572 0.219492 0.239658 0.258061 0.274164 0.288128 0.299401 0.307628 0.312581 0.314311 0.312984 0.308696 0.30157 0.291756 0.279435 0.26481 0.2481 0.229567 0.209552 0.188547 0.167332 0.147227 0.130328 0.118091 0.11014 0.10497 0.101489 0.0990628 0.097329 0.0960676 0.0951394 0.0944518 0.0939406 0.09356 0.0932763 0.0930637 0.0929016 0.0927718 0.0926558 
-0.106921 -0.107 -0.107088 -0.107199 -0.107348 -0.10755 -0.107827 -0.108207 -0.108729 -0.109447 -0.11044 -0.111824 -0.113778 -0.11659 -0.120745 -0.127034 -0.136501 -0.150078 -0.166266 -0.183387 -0.200375 -0.216592 -0.231626 -0.245178 -0.257006 -0.266896 -0.274647 -0.280078 -0.283039 -0.283429 -0.281212 -0.27652 -0.269482 -0.260166 -0.248753 -0.235571 -0.220269 -0.203048 -0.184334 -0.164916 -0.142637 -0.117937 -0.0911506 -0.0625456 -0.0323513 -0.000786073 0.0312001 0.0626501 0.0933165 0.122917 0.151118 0.177519 0.201621 0.22278 0.243225 0.261967 0.278452 0.292905 0.304743 0.313583 0.319174 0.321535 0.320825 0.317141 0.310606 0.301378 0.289645 0.275622 0.25954 0.241681 0.222408 0.202236 0.181957 0.162832 0.146687 0.134495 0.126196 0.120629 0.116811 0.114122 0.112188 0.110774 0.10973 0.108955 0.108378 0.107948 0.107627 0.107386 0.107201 0.107054 0.106921 
-0.122614 -0.122702 -0.122802 -0.122927 -0.123095 -0.123321 -0.123631 -0.124056 -0.124637 -0.125436 -0.126536 -0.128063 -0.130204 -0.133253 -0.137678 -0.144184 -0.153576 -0.166506 -0.181843 -0.198131 -0.214355 -0.229871 -0.244247 -0.257168 -0.268376 -0.27765 -0.284781 -0.289583 -0.291908 -0.291656 -0.288796 -0.28347 -0.275804 -0.265884 -0.25392 -0.24027 -0.224518 -0.206882 -0.187801 -0.168036 -0.145377 -0.120233 -0.092944 -0.0637924 -0.0330248 -0.000879631 0.0316906 0.0637265 0.0949606 0.125092 0.15377 0.180578 0.205012 0.226462 0.24722 0.266331 0.283226 0.298205 0.310654 0.320158 0.326442 0.329492 0.32946 0.326437 0.32055 0.311964 0.300874 0.287505 0.272105 0.254971 0.236485 0.217183 0.197854 0.179687 0.164257 0.152191 0.143633 0.137714 0.133577 0.13063 0.128494 0.126925 0.125763 0.124898 0.124252 0.12377 0.123409 0.123138 0.12293 0.122763 0.122614 
-0.139875 -0.139974 -0.140086 -0.140227 -0.140413 -0.140665 -0.14101 -0.14148 -0.142122 -0.143002 -0.14421 -0.145877 -0.148197 -0.151464 -0.156118 -0.162772 -0.172025 -0.184328 -0.198824 -0.214259 -0.229682 -0.244449 -0.258117 -0.270352 -0.280886 -0.289488 -0.29594 -0.300055 -0.301682 -0.300728 -0.297164 -0.291143 -0.282795 -0.272221 -0.259664 -0.245507 -0.229268 -0.211178 -0.191684 -0.171511 -0.148414 -0.122772 -0.0949242 -0.0651668 -0.0337647 -0.000976963 0.0322402 0.0649236 0.0967847 0.127503 0.156709 0.183973 0.20879 0.230586 0.251699 0.271212 0.28855 0.304093 0.317199 0.327423 0.334459 0.338262 0.338971 0.336673 0.331498 0.323614 0.313225 0.300569 0.285906 0.269548 0.251898 0.2335 0.215136 0.197906 0.183167 0.171298 0.162564 0.156347 0.151916 0.14872 0.146385 0.14466 0.143378 0.14242 0.141704 0.141168 0.140766 0.140463 0.14023 0.140043 0.139875 
-0.158862 -0.158973 -0.159098 -0.159254 -0.159461 -0.159739 -0.160118 -0.160635 -0.161339 -0.1623 -0.163613 -0.165415 -0.167902 -0.171361 -0.1762 -0.182932 -0.191986 -0.203675 -0.217337 -0.2319 -0.246483 -0.260454 -0.273359 -0.284853 -0.294654 -0.302522 -0.308234 -0.311596 -0.312461 -0.310738 -0.306404 -0.299625 -0.290533 -0.279253 -0.266056 -0.251355 -0.234587 -0.215996 -0.196034 -0.175386 -0.151787 -0.125583 -0.097113 -0.0666832 -0.0345778 -0.0010776 0.0328565 0.0662564 0.0988109 0.130178 0.159972 0.187748 0.213006 0.235211 0.256727 0.27668 0.294495 0.310644 0.324456 0.335458 0.343311 0.347933 0.349453 0.347951 0.343555 0.336438 0.326815 0.314933 0.301065 0.285539 0.268771 0.251314 0.233925 0.21762 0.203556 0.191947 0.183121 0.176663 0.17197 0.16854 0.166012 0.164133 0.16273 0.161679 0.16089 0.160298 0.159853 0.159517 0.159259 0.15905 0.158862 
-0.179749 -0.179872 -0.18001 -0.180182 -0.180409 -0.180715 -0.181129 -0.181693 -0.182458 -0.183497 -0.184912 -0.18684 -0.189478 -0.193099 -0.198071 -0.204814 -0.213616 -0.224692 -0.237524 -0.251197 -0.264903 -0.278029 -0.290115 -0.300806 -0.309812 -0.316881 -0.321784 -0.324325 -0.324357 -0.321792 -0.316617 -0.30901 -0.299111 -0.287068 -0.273182 -0.257892 -0.240549 -0.221406 -0.200912 -0.179714 -0.15554 -0.128702 -0.0995357 -0.0683583 -0.0354723 -0.00118095 0.0335487 0.0677421 0.101064 0.133152 0.163599 0.191952 0.217718 0.240402 0.262376 0.282814 0.301144 0.317943 0.332516 0.344356 0.353094 0.358609 0.361015 0.360382 0.356839 0.350562 0.341772 0.330729 0.317719 0.303082 0.287245 0.270762 0.254362 0.23897 0.225577 0.214283 0.205447 0.19881 0.193893 0.19025 0.187539 0.185511 0.183988 0.182843 0.181981 0.181333 0.180844 0.180474 0.180188 0.179957 0.179749 
-0.202724 -0.202859 -0.203011 -0.203201 -0.203449 -0.203782 -0.204231 -0.20484 -0.205665 -0.20678 -0.208289 -0.210331 -0.213099 -0.216847 -0.221898 -0.228584 -0.237084 -0.247542 -0.259544 -0.272308 -0.2851 -0.297329 -0.308539 -0.318365 -0.326508 -0.332708 -0.336729 -0.338373 -0.337495 -0.334012 -0.327918 -0.319409 -0.308635 -0.295768 -0.28114 -0.265213 -0.247241 -0.227486 -0.206388 -0.184557 -0.159722 -0.132167 -0.102221 -0.070211 -0.0364572 -0.00128625 0.0343272 0.0694006 0.103574 0.136461 0.167638 0.196644 0.222994 0.246233 0.26873 0.289703 0.308594 0.326091 0.34148 0.354224 0.363919 0.370404 0.373777 0.374096 0.371484 0.366123 0.35824 0.348106 0.336018 0.322329 0.307473 0.291998 0.2766 0.262117 0.249398 0.238472 0.229702 0.222953 0.217856 0.214026 0.211146 0.208976 0.207338 0.206101 0.205166 0.20446 0.203927 0.203522 0.203209 0.202953 0.202724 
-0.227996 -0.228145 -0.228311 -0.228518 -0.228787 -0.229147 -0.229632 -0.230285 -0.231166 -0.232351 -0.233945 -0.236086 -0.238956 -0.242791 -0.247864 -0.254429 -0.262578 -0.272408 -0.283574 -0.295409 -0.307249 -0.318532 -0.328804 -0.337699 -0.344908 -0.350164 -0.353225 -0.353891 -0.35202 -0.347535 -0.34044 -0.330949 -0.319227 -0.305471 -0.290042 -0.273425 -0.254765 -0.234328 -0.212542 -0.189984 -0.164392 -0.136026 -0.105204 -0.0722635 -0.037543 -0.00139262 0.0352041 0.0712552 0.106374 0.140152 0.172147 0.201892 0.228913 0.252794 0.275886 0.297454 0.316955 0.335203 0.35147 0.365187 0.375915 0.383453 0.387879 0.389235 0.387641 0.383278 0.376381 0.367229 0.356132 0.343452 0.329626 0.315193 0.300813 0.287239 0.275205 0.264694 0.256065 0.249273 0.244045 0.24006 0.237032 0.234731 0.232984 0.231657 0.230651 0.229889 0.229311 0.22887 0.228528 0.228248 0.227996 
-0.255796 -0.255958 -0.256139 -0.256363 -0.256653 -0.25704 -0.257558 -0.258253 -0.259185 -0.260433 -0.2621 -0.264319 -0.267263 -0.27114 -0.276176 -0.282556 -0.290309 -0.299492 -0.309814 -0.320699 -0.331549 -0.341833 -0.351107 -0.359001 -0.365201 -0.369432 -0.371449 -0.371051 -0.368098 -0.362522 -0.354336 -0.343779 -0.331031 -0.316315 -0.300021 -0.282653 -0.263236 -0.242036 -0.219469 -0.196078 -0.16962 -0.140331 -0.108524 -0.0745417 -0.0387421 -0.00149903 0.0361937 0.0733329 0.109505 0.144277 0.177191 0.207774 0.235568 0.260185 0.283957 0.306189 0.326357 0.345416 0.362624 0.377388 0.389231 0.397909 0.403479 0.405966 0.405481 0.402204 0.396376 0.388285 0.37825 0.366641 0.353896 0.340541 0.327194 0.314536 0.303201 0.293155 0.284738 0.277971 0.272667 0.268565 0.265412 0.262996 0.261148 0.259737 0.258663 0.257845 0.257223 0.256748 0.256376 0.256071 0.255796 
-0.286375 -0.286552 -0.286748 -0.286988 -0.2873 -0.287711 -0.28826 -0.288994 -0.289971 -0.291272 -0.292996 -0.295271 -0.298253 -0.302124 -0.307064 -0.313198 -0.320509 -0.329023 -0.338487 -0.3484 -0.358222 -0.367454 -0.375666 -0.382487 -0.3876 -0.390722 -0.391606 -0.39005 -0.38592 -0.379156 -0.369786 -0.358072 -0.344214 -0.32846 -0.31123 -0.293043 -0.272789 -0.250734 -0.227277 -0.202935 -0.175485 -0.145147 -0.112228 -0.0770763 -0.0400689 -0.00160429 0.0373124 0.0756656 0.113014 0.148899 0.182848 0.214385 0.243064 0.268528 0.293074 0.31605 0.336951 0.356887 0.375109 0.390997 0.40404 0.413952 0.420764 0.424479 0.425199 0.423102 0.418432 0.411483 0.402584 0.392111 0.380498 0.368255 0.355962 0.344231 0.333617 0.324082 0.315944 0.309273 0.303951 0.299773 0.296524 0.294012 0.292076 0.290589 0.289451 0.288581 0.287916 0.287405 0.287004 0.286674 0.286375 
-0.320013 -0.320203 -0.320414 -0.320671 -0.321002 -0.321437 -0.322014 -0.322781 -0.323796 -0.325137 -0.3269 -0.329203 -0.332186 -0.336 -0.340784 -0.346614 -0.353439 -0.361258 -0.369846 -0.378761 -0.387516 -0.395645 -0.40273 -0.408404 -0.412347 -0.414272 -0.413928 -0.411116 -0.405707 -0.397653 -0.386999 -0.374031 -0.358972 -0.342096 -0.323849 -0.304764 -0.283584 -0.260565 -0.236096 -0.210667 -0.182082 -0.15055 -0.116372 -0.0799037 -0.041541 -0.00170711 0.03858 0.078291 0.116956 0.154092 0.189211 0.221834 0.25153 0.277962 0.303393 0.327204 0.348914 0.369802 0.389115 0.406212 0.420547 0.431791 0.439946 0.444994 0.447022 0.446204 0.442783 0.437062 0.429376 0.420102 0.409674 0.39858 0.387363 0.376575 0.366708 0.357729 0.349936 0.34343 0.338149 0.333943 0.330632 0.328046 0.326037 0.324485 0.323289 0.32237 0.321665 0.321121 0.320691 0.320335 0.320013 
-0.357014 -0.357218 -0.357443 -0.357717 -0.358066 -0.358522 -0.359123 -0.359915 -0.360959 -0.362326 -0.364106 -0.366407 -0.369349 -0.373055 -0.377626 -0.383095 -0.389389 -0.396486 -0.404176 -0.412066 -0.419716 -0.426688 -0.432582 -0.437034 -0.439722 -0.440357 -0.438686 -0.434514 -0.42772 -0.418268 -0.40622 -0.391896 -0.375536 -0.357445 -0.33809 -0.318019 -0.295805 -0.2717 -0.246077 -0.219406 -0.189523 -0.156629 -0.121022 -0.0830676 -0.043179 -0.0018061 0.0400197 0.0812544 0.121398 0.159945 0.19639 0.230254 0.261114 0.288654 0.315093 0.339846 0.362453 0.384379 0.40487 0.423268 0.438991 0.45167 0.461277 0.467767 0.471211 0.471773 0.469699 0.465293 0.458897 0.45089 0.441698 0.431791 0.421675 0.411851 0.402759 0.394381 0.386994 0.380721 0.375544 0.371359 0.368023 0.365391 0.363328 0.361722 0.360477 0.359516 0.358774 0.358198 0.357741 0.35736 0.357014 
-0.397715 -0.397932 -0.398171 -0.398459 -0.398824 -0.399298 -0.399918 -0.400729 -0.401789 -0.403164 -0.404938 -0.407205 -0.410064 -0.413611 -0.417911 -0.422967 -0.428687 -0.435032 -0.441799 -0.448638 -0.455143 -0.460907 -0.465544 -0.468698 -0.470046 -0.469296 -0.466196 -0.460555 -0.452262 -0.441297 -0.427743 -0.41195 -0.394182 -0.37477 -0.354203 -0.333042 -0.309672 -0.284339 -0.257401 -0.229312 -0.197943 -0.163492 -0.126259 -0.0866204 -0.0450084 -0.00189976 0.0416595 0.0846098 0.126422 0.166563 0.204517 0.239798 0.271995 0.300802 0.328393 0.354209 0.377815 0.400877 0.422644 0.442441 0.459658 0.473881 0.485052 0.493097 0.498068 0.500118 0.49949 0.496489 0.491461 0.484787 0.476883 0.4682 0.459212 0.450376 0.44209 0.434358 0.427436 0.42146 0.416449 0.412337 0.409017 0.406368 0.404274 0.40263 0.401347 0.40035 0.399576 0.398971 0.398489 0.398084 0.397715 
-0.442487 -0.442716 -0.442968 -0.443268 -0.443646 -0.444133 -0.444765 -0.445586 -0.446648 -0.448014 -0.449756 -0.451954 -0.454688 -0.458025 -0.462002 -0.466594 -0.471701 -0.477262 -0.483083 -0.488841 -0.494165 -0.498671 -0.501989 -0.503769 -0.503691 -0.50146 -0.496825 -0.489602 -0.479693 -0.467095 -0.451914 -0.434531 -0.415235 -0.394384 -0.372487 -0.350116 -0.325449 -0.298724 -0.270284 -0.240572 -0.2075 -0.171267 -0.132179 -0.0906258 -0.04706 -0.0019865 0.0435331 0.088423 0.132123 0.174077 0.213751 0.250657 0.284386 0.314643 0.343549 0.37057 0.395292 0.419605 0.442758 0.464065 0.482886 0.498769 0.511621 0.521338 0.52795 0.531597 0.532514 0.531007 0.527426 0.522149 0.515583 0.508163 0.500331 0.492509 0.485061 0.478018 0.471616 0.465999 0.461213 0.457227 0.453967 0.451335 0.449233 0.44757 0.446261 0.445238 0.444438 0.443809 0.443303 0.442877 0.442487 
-0.491735 -0.491976 -0.492238 -0.492549 -0.492936 -0.493431 -0.494068 -0.494888 -0.495938 -0.497274 -0.498957 -0.501052 -0.503618 -0.506698 -0.510303 -0.514388 -0.518844 -0.523594 -0.528444 -0.533095 -0.537203 -0.540405 -0.542345 -0.54268 -0.541091 -0.537284 -0.531008 -0.52209 -0.510443 -0.496085 -0.479148 -0.460044 -0.439087 -0.416661 -0.393297 -0.369579 -0.343451 -0.315142 -0.284986 -0.253415 -0.218387 -0.180111 -0.1389 -0.0951615 -0.0493715 -0.00206459 0.0456813 0.0927738 0.138621 0.182642 0.224284 0.263055 0.298546 0.330463 0.360873 0.389261 0.415236 0.440931 0.465597 0.488536 0.509083 0.526747 0.541402 0.552911 0.561279 0.56663 0.569191 0.569267 0.567206 0.563387 0.558209 0.552087 0.545438 0.538655 0.532078 0.525763 0.519931 0.51473 0.510227 0.50642 0.503262 0.500683 0.498602 0.496938 0.49562 0.494581 0.493763 0.493114 0.49259 0.492145 0.491735 
-0.545909 -0.546158 -0.546428 -0.546746 -0.547139 -0.547636 -0.548269 -0.549076 -0.550098 -0.551383 -0.55298 -0.554939 -0.557298 -0.560079 -0.563269 -0.566809 -0.570583 -0.574496 -0.578355 -0.581879 -0.584741 -0.5866 -0.58711 -0.585935 -0.582757 -0.577282 -0.569262 -0.558533 -0.545025 -0.528776 -0.509946 -0.488976 -0.46621 -0.442056 -0.417067 -0.391839 -0.364059 -0.333946 -0.301824 -0.268118 -0.230841 -0.190213 -0.146565 -0.100322 -0.0519893 -0.00213213 0.0481542 0.09776 0.146061 0.192448 0.236352 0.277269 0.314786 0.34861 0.380742 0.410686 0.43807 0.4653 0.491624 0.516333 0.538738 0.558313 0.574895 0.588316 0.598554 0.605715 0.610014 0.611754 0.611283 0.608977 0.605228 0.600435 0.594994 0.589275 0.583597 0.578044 0.572827 0.568093 0.563925 0.560347 0.557337 0.554847 0.552814 0.551174 0.549862 0.54882 0.547993 0.547333 0.546794 0.546334 0.545909 
-0.6055 -0.605755 -0.60603 -0.606351 -0.606745 -0.607236 -0.607857 -0.608638 -0.609616 -0.610829 -0.612314 -0.614105 -0.616223 -0.618669 -0.62141 -0.624375 -0.627443 -0.630503 -0.633359 -0.63574 -0.637339 -0.637826 -0.636865 -0.634126 -0.629291 -0.622064 -0.612204 -0.599553 -0.584059 -0.565784 -0.544914 -0.521922 -0.497177 -0.471118 -0.44432 -0.417397 -0.387742 -0.355567 -0.321186 -0.285021 -0.245148 -0.201807 -0.155349 -0.106225 -0.0549709 -0.00218686 0.0510133 0.103502 0.154621 0.203731 0.250243 0.293636 0.333492 0.369509 0.403617 0.435337 0.464315 0.493256 0.521405 0.548038 0.572447 0.594069 0.612706 0.628158 0.640374 0.649442 0.655566 0.65904 0.660218 0.65947 0.657181 0.653741 0.649526 0.644888 0.640132 0.635371 0.630803 0.62658 0.622795 0.619491 0.616671 0.614305 0.612352 0.610759 0.609473 0.608442 0.607617 0.606953 0.606406 0.605936 0.6055 
-0.67105 -0.671307 -0.671584 -0.671904 -0.672291 -0.67277 -0.673367 -0.674109 -0.675027 -0.676148 -0.677498 -0.679096 -0.680945 -0.683027 -0.685297 -0.687669 -0.690019 -0.69222 -0.694071 -0.695311 -0.695642 -0.694745 -0.69229 -0.68795 -0.681408 -0.672363 -0.660576 -0.645901 -0.628302 -0.607862 -0.584797 -0.559608 -0.532696 -0.504528 -0.475708 -0.446869 -0.415079 -0.380537 -0.343552 -0.304543 -0.261665 -0.215181 -0.16547 -0.113015 -0.0583868 -0.00222591 0.0543347 0.110149 0.164521 0.216781 0.266313 0.312576 0.35514 0.39369 0.430072 0.463823 0.494608 0.525467 0.555634 0.584369 0.61094 0.634754 0.655575 0.67317 0.687463 0.698522 0.706538 0.711802 0.714667 0.715506 0.714696 0.712617 0.709635 0.706086 0.702265 0.698313 0.694421 0.690742 0.687378 0.684389 0.681796 0.67959 0.677745 0.676224 0.674984 0.67398 0.67317 0.672511 0.671965 0.671491 0.67105 
-0.743155 -0.74341 -0.743683 -0.743996 -0.74437 -0.744828 -0.745391 -0.746083 -0.746925 -0.747937 -0.749132 -0.750516 -0.752076 -0.75378 -0.755567 -0.757343 -0.758979 -0.760332 -0.761197 -0.761316 -0.760399 -0.758131 -0.754186 -0.748238 -0.739964 -0.729059 -0.715284 -0.6985 -0.678684 -0.655943 -0.63052 -0.602944 -0.573647 -0.543135 -0.512042 -0.48103 -0.446794 -0.409525 -0.369523 -0.32721 -0.280835 -0.230693 -0.177197 -0.12087 -0.0623246 -0.00224548 0.0582134 0.117886 0.176037 0.23196 0.285006 0.334612 0.380323 0.421812 0.460823 0.496908 0.529752 0.562771 0.595179 0.626216 0.655125 0.681282 0.704411 0.724251 0.740702 0.753812 0.763761 0.770841 0.775408 0.777834 0.778497 0.777769 0.776006 0.773537 0.77065 0.767511 0.764308 0.761193 0.758278 0.755636 0.753303 0.751288 0.749581 0.748156 0.746982 0.746023 0.745241 0.7446 0.744063 0.743594 0.743155 
-0.82247 -0.822718 -0.822982 -0.823281 -0.823635 -0.824063 -0.824582 -0.825211 -0.825964 -0.826852 -0.827879 -0.829037 -0.8303 -0.831624 -0.832934 -0.834129 -0.835075 -0.835616 -0.835539 -0.834589 -0.832476 -0.828889 -0.8235 -0.815979 -0.805994 -0.793229 -0.77744 -0.758491 -0.736368 -0.711198 -0.683249 -0.653075 -0.62115 -0.588018 -0.554355 -0.520862 -0.483811 -0.443378 -0.399861 -0.353686 -0.303217 -0.248791 -0.190866 -0.130012 -0.0668922 -0.00224018 0.0627675 0.126944 0.18951 0.249718 0.306881 0.360401 0.409795 0.454713 0.496781 0.535563 0.570765 0.606228 0.641139 0.674707 0.706146 0.734799 0.760353 0.782518 0.801173 0.816355 0.828239 0.837118 0.843356 0.847332 0.849425 0.850004 0.849421 0.848 0.846023 0.843683 0.841163 0.838619 0.836169 0.833895 0.831848 0.830051 0.828507 0.827203 0.826116 0.825219 0.824481 0.82387 0.823353 0.822898 0.82247 
-0.909718 -0.909951 -0.910199 -0.910478 -0.910804 -0.911192 -0.911658 -0.912213 -0.912867 -0.913622 -0.914473 -0.915402 -0.916373 -0.91733 -0.91819 -0.918844 -0.919154 -0.918949 -0.918012 -0.916086 -0.912881 -0.908083 -0.901358 -0.892365 -0.880758 -0.866202 -0.848436 -0.827318 -0.802836 -0.775128 -0.744486 -0.711488 -0.676652 -0.640576 -0.603987 -0.56764 -0.527318 -0.483186 -0.43554 -0.384811 -0.329514 -0.270036 -0.206893 -0.140715 -0.0722218 -0.00220219 0.0681443 0.137611 0.205368 0.270622 0.33264 0.390778 0.444516 0.493469 0.539119 0.581041 0.618965 0.657216 0.694939 0.7313 0.765477 0.796778 0.824849 0.849379 0.870233 0.887445 0.901195 0.911787 0.919603 0.925031 0.928457 0.930254 0.930771 0.93033 0.929213 0.92763 0.925767 0.923781 0.921795 0.9199 0.918157 0.916599 0.91524 0.914078 0.913099 0.912283 0.911604 0.911037 0.910553 0.910123 0.909718 
-1.00569 -1.0059 -1.00613 -1.00638 -1.00667 -1.00701 -1.00741 -1.00788 -1.00843 -1.00905 -1.00972 -1.01043 -1.01113 -1.01175 -1.01221 -1.0124 -1.01216 -1.01132 -1.00965 -1.00691 -1.00278 -0.996966 -0.989107 -0.978848 -0.965819 -0.94965 -0.930051 -0.906852 -0.880027 -0.849714 -0.816225 -0.780158 -0.742086 -0.702674 -0.662719 -0.623049 -0.578882 -0.530372 -0.477815 -0.421659 -0.36061 -0.295124 -0.225791 -0.153311 -0.0784711 -0.00211976 0.0745238 0.150236 0.224136 0.295376 0.363166 0.426808 0.485724 0.53948 0.589378 0.635003 0.676103 0.717568 0.758475 0.797932 0.83507 0.869157 0.899797 0.926661 0.949616 0.968709 0.984145 0.996255 1.00545 1.01214 1.01673 1.01958 1.02106 1.02149 1.02114 1.02024 1.01899 1.01752 1.01598 1.01446 1.01303 1.01173 1.01057 1.00957 1.00872 1.008 1.0074 1.00689 1.00645 1.00606 1.00569 
-1.11126 -1.11144 -1.11164 -1.11185 -1.1121 -1.11238 -1.11271 -1.1131 -1.11353 -1.11401 -1.11452 -1.11503 -1.11549 -1.11584 -1.11597 -1.11578 -1.11512 -1.11381 -1.11163 -1.1083 -1.10354 -1.09702 -1.08837 -1.07722 -1.06315 -1.04574 -1.02463 -0.999601 -0.970576 -0.937673 -0.901213 -0.861817 -0.82012 -0.776878 -0.732985 -0.689372 -0.640599 -0.586806 -0.528307 -0.465581 -0.397591 -0.324889 -0.248156 -0.168179 -0.0858162 -0.00197505 0.0821164 0.165228 0.246432 0.324822 0.399544 0.469825 0.535008 0.594585 0.649618 0.699691 0.744571 0.789801 0.834365 0.877282 0.917618 0.954596 0.987772 1.01681 1.04161 1.06225 1.079 1.09226 1.10248 1.1101 1.11555 1.11921 1.12143 1.12255 1.12283 1.1225 1.12177 1.12077 1.11965 1.11848 1.11736 1.11631 1.11537 1.11455 1.11384 1.11324 1.11273 1.1123 1.11192 1.11158 1.11126 
-1.22738 -1.22753 -1.22769 -1.22786 -1.22805 -1.22827 -1.22853 -1.22882 -1.22915 -1.2295 -1.22985 -1.23019 -1.23046 -1.23059 -1.23051 -1.23009 -1.2292 -1.22765 -1.22523 -1.22168 -1.21672 -1.20999 -1.20114 -1.18974 -1.17533 -1.1574 -1.13545 -1.10913 -1.07827 -1.04294 -1.00345 -0.960436 -0.914621 -0.866877 -0.818236 -0.769787 -0.715299 -0.654928 -0.589036 -0.518184 -0.441683 -0.360222 -0.274598 -0.185689 -0.0944188 -0.0017406 0.0911366 0.183005 0.272902 0.359874 0.442999 0.521414 0.594349 0.661171 0.722613 0.778216 0.82775 0.87753 0.926394 0.973234 1.01703 1.05694 1.09247 1.12331 1.14939 1.17092 1.18827 1.20199 1.2126 1.2206 1.22644 1.2305 1.23314 1.23468 1.23538 1.23548 1.23515 1.23454 1.23378 1.23294 1.23212 1.23133 1.23062 1.22998 1.22944 1.22897 1.22856 1.22822 1.22792 1.22764 1.22738 
-1.35512 -1.35523 -1.35534 -1.35546 -1.35559 -1.35574 -1.35592 -1.35611 -1.35633 -1.35656 -1.35678 -1.35698 -1.35712 -1.35713 -1.35695 -1.35647 -1.35558 -1.35411 -1.35188 -1.34863 -1.34411 -1.338 -1.32991 -1.31941 -1.30596 -1.2889 -1.26743 -1.24091 -1.20899 -1.17164 -1.12916 -1.08219 -1.03155 -0.978263 -0.923555 -0.868766 -0.806713 -0.737669 -0.662178 -0.580977 -0.493872 -0.401726 -0.305455 -0.206002 -0.104324 -0.00137456 0.101711 0.203805 0.303949 0.401181 0.494538 0.583069 0.665865 0.742098 0.811997 0.874946 0.930601 0.986213 1.04038 1.09181 1.13936 1.18215 1.21963 1.25149 1.27778 1.29886 1.31544 1.32833 1.33822 1.34567 1.35113 1.35498 1.35755 1.35915 1.36 1.36031 1.36024 1.35992 1.35945 1.35892 1.35837 1.35785 1.35736 1.35693 1.35656 1.35623 1.35595 1.35571 1.3555 1.35531 1.35512 
-1.49563 -1.49569 -1.49575 -1.49581 -1.49588 -1.49595 -1.49604 -1.49614 -1.49625 -1.49636 -1.49648 -1.49657 -1.49662 -1.4966 -1.49645 -1.49612 -1.49552 -1.49454 -1.49304 -1.49086 -1.4878 -1.4836 -1.47796 -1.47047 -1.46061 -1.44742 -1.42911 -1.40443 -1.37282 -1.33423 -1.28893 -1.23754 -1.18089 -1.12011 -1.05665 -0.992174 -0.918646 -0.837051 -0.748421 -0.653774 -0.553512 -0.4486 -0.339972 -0.22854 -0.115196 -0.000816874 0.113628 0.227175 0.338951 0.448067 0.553614 0.654657 0.750227 0.839316 0.921453 0.99557 1.06063 1.12468 1.18601 1.24314 1.29488 1.34035 1.37899 1.41054 1.43504 1.45305 1.46589 1.47539 1.48251 1.48778 1.49161 1.4943 1.49611 1.49724 1.49788 1.49816 1.49819 1.49807 1.49785 1.49758 1.4973 1.49704 1.49679 1.49657 1.49638 1.49621 1.49607 1.49594 1.49583 1.49573 1.49563 
-1.6502 -1.6502 -1.6502 -1.6502 -1.6502 -1.6502 -1.6502 -1.6502 -1.6502 -1.6502 -1.6502 -1.6502 -1.6502 -1.6502 -1.6502 -1.6502 -1.6502 -1.6502 -1.6502 -1.6502 -1.6502 -1.6502 -1.6502 -1.6502 -1.6502 -1.64856 -1.63817 -1.61824 -1.58889 -1.55029 -1.50266 -1.44629 -1.3815 -1.30867 -1.22822 -1.14062 -1.04638 -0.946044 -0.840207 -0.729478 -0.614503 -0.49595 -0.374511 -0.250892 -0.125812 0 0.125812 0.250892 0.374511 0.49595 0.614503 0.729478 0.840207 0.946044 1.04638 1.14062 1.22822 1.30867 1.3815 1.44629 1.50266 1.55029 1.58889 1.61824 1.63817 1.64856 1.6502 1.6502 1.6502 1.6502 1.6502 1.6502 1.6502 1.6502 1.6502 1.6502 1.6502 1.6502 1.6502 1.6502 1.6502 1.6502 1.6502 1.6502 1.6502 1.6502 1.6502 1.6502 1.6502 1.6502 1.6502 
