0.00533518, 0.0688803
0.00492917, 0.0643428
0.00483355, 0.0560551
0.00472183, 0.0448114
0.00458074, 0.0349603
0.00443487, 0.0281458
0.00444124, 0.0225704
0.00444598, 0.0187095
0.00444465, 0.016428
0.00443555, 0.0145161
0.00441856, 0.0129083
0.00439431, 0.0115476
0.00436374, 0.0103873
0.0043278, 0.00939024
0.00428738, 0.00852699
0.00424322, 0.00777423
0.00419595, 0.00711344
0.00414603, 0.00652983
0.00409387, 0.00601151
0.00403974, 0.00554883
0.00398389, 0.00513391
0.00392649, 0.00476024
0.00386772, 0.00442244
0.0038077, 0.00411599
0.00374655, 0.0038371
0.00368441, 0.00358254
0.00362139, 0.00334958
0.0035576, 0.00313584
0.00349316, 0.00293931
0.0034282, 0.00275821
0.00336283, 0.002591
0.00329717, 0.00243634
0.00323134, 0.00229304
0.00316544, 0.00218542
0.0030996, 0.0021225
0.00303391, 0.0020611
0.00296848, 0.00200119
0.0029034, 0.00194278
0.00283876, 0.00188584
0.00277463, 0.00183037
0.00271111, 0.00177636
0.00264825, 0.00172379
0.00259378, 0.00167266
0.00255491, 0.00162295
0.0025152, 0.00157463
0.0024748, 0.0015277
0.00243386, 0.00148213
0.00239251, 0.0014379
0.00235086, 0.00139498
0.00230903, 0.00135513
0.00226713, 0.00132285
0.00222524, 0.00129139
0.00218345, 0.00126073
0.00214183, 0.00123086
0.00211473, 0.00120176
0.00211104, 0.00117341
0.00210527, 0.00114581
0.00209758, 0.00111893
0.00208812, 0.00109277
0.00207705, 0.00106729
0.00206449, 0.00104249
0.00205057, 0.00101836
0.00203541, 0.000994863
0.00201913, 0.000971998
0.00200183, 0.000949746
0.00198361, 0.000928089
0.00196457, 0.000907013
0.0019448, 0.000886503
0.00192437, 0.000866542
0.00190336, 0.000847117
0.00188184, 0.000828212
0.00185989, 0.000809813
0.00183755, 0.000791907
0.0018149, 0.000774478
0.00179198, 0.000757515
0.00176885, 0.000741003
0.00174554, 0.000724929
0.00172212, 0.000709282
0.0016986, 0.000700709
0.00167504, 0.000692842
0.00165146, 0.000684812
0.0016279, 0.000676641
0.00160438, 0.000668349
0.00158094, 0.000659957
0.0015576, 0.000651482
0.00153437, 0.000642941
0.00151129, 0.000634349
0.00148836, 0.000625723
0.00146561, 0.000617074
0.00144305, 0.000608415
0.0014207, 0.000599759
0.00139856, 0.000591115
0.00137665, 0.000582494
0.00135499, 0.000573905
0.00133356, 0.000565357
0.0013124, 0.000556856
0.0012915, 0.00054841
0.00127086, 0.000540025
0.0012505, 0.000531708
0.00123042, 0.000523463
0.00121062, 0.000515296
0.00119111, 0.00050721
0.00117188, 0.000499209
0.00115294, 0.000491298
0.00113429, 0.000483479
0.00111593, 0.000475754
0.00109786, 0.000468127
0.00108008, 0.000460598
0.00106258, 0.000453171
0.00104538, 0.000445846
0.00102847, 0.000438625
0.00101184, 0.000431509
0.000995493, 0.000424498
0.000979429, 0.000417593
0.000963645, 0.000410794
0.000948137, 0.000404102
0.000932903, 0.000397516
0.00091794, 0.000391037
0.000903246, 0.000384664
0.000888816, 0.000378397
0.000874648, 0.000372235
0.000860738, 0.000366178
0.000847083, 0.000360225
0.000833678, 0.000354375
0.000820522, 0.000348628
0.000807609, 0.000342982
0.000794936, 0.000337436
0.0007825, 0.00033199
0.000770297, 0.000326642
0.000758322, 0.000321391
0.000746572, 0.000316236
0.000735044, 0.000311175
0.000723733, 0.000306208
0.000712635, 0.000301333
0.000701747, 0.000296549
0.000691065, 0.000291854
0.000680586, 0.000287246
0.000670305, 0.000282726
0.000660219, 0.00027829
0.000650324, 0.000273939
0.000640616, 0.00026967
0.000631093, 0.000265482
0.00062175, 0.000261373
0.000612584, 0.000257343
0.000603591, 0.000253389
0.000594768, 0.000249511
0.000586111, 0.000245707
0.000577618, 0.000241975
0.000569285, 0.000238315
0.000561108, 0.000234725
0.000553085, 0.000231203
0.000545213, 0.000227749
0.000537488, 0.000224361
0.000529907, 0.000221037
0.000522467, 0.000217777
0.000515166, 0.000214579
0.000508, 0.000211442
0.000500967, 0.000208364
0.000494063, 0.000205345
0.000487287, 0.000202383
0.000480636, 0.000199477
0.000474106, 0.000196627
0.000467696, 0.000193829
0.000461402, 0.000191085
0.000455223, 0.000188392
0.000449156, 0.00018575
0.000443198, 0.000183157
0.000437348, 0.000180613
0.000431602, 0.000178116
0.00042596, 0.000175665
0.000420418, 0.00017326
0.000414974, 0.000170899
0.000409627, 0.000168582
0.000404375, 0.000166307
0.000399214, 0.000164074
0.000394144, 0.000161882
0.000389163, 0.000159729
0.000384268, 0.000157616
0.000379458, 0.000155541
0.000374731, 0.000153503
0.000370085, 0.000151502
0.000365519, 0.000149537
0.000361031, 0.000147606
0.000356619, 0.00014571
0.000352282, 0.000143848
0.000348018, 0.000142019
0.000343825, 0.000140221
0.000339703, 0.000138455
0.000335649, 0.00013672
0.000331663, 0.000135015
0.000327742, 0.00013334
0.000323886, 0.000131693
0.000320093, 0.000130075
0.000316362, 0.000128484
0.000312692, 0.000126921
0.000309081, 0.000125384
0.000305528, 0.000123873
0.000302032, 0.000122387
0.000298592, 0.000120927
0.000295207, 0.00011949
0.000291875, 0.000118078
0.000288596, 0.000116688
0.000285369, 0.000115322
0.000282191, 0.000113978
0.000279064, 0.000112656
0.000275984, 0.000111356
0.000272953, 0.000110076
0.000269967, 0.000108818
0.000267028, 0.000107579
0.000264133, 0.00010636
0.000261282, 0.000105161
0.000258474, 0.00010398
0.000255709, 0.000102818
0.000252984, 0.000101675
0.000250301, 0.000100549
0.000247657, 9.94406e-05
0.000245052, 9.83495e-05
0.000242485, 9.72751e-05
0.000239956, 9.62173e-05
0.000237464, 9.51756e-05
0.000235008, 9.41497e-05
0.000232588, 9.31394e-05
0.000230202, 9.21443e-05
0.000227851, 9.11641e-05
0.000225533, 9.01985e-05
0.000223248, 8.92473e-05
0.000220995, 8.83102e-05
0.000218774, 8.73868e-05
0.000216584, 8.6477e-05
0.000214425, 8.55805e-05
0.000212296, 8.46971e-05
0.000210196, 8.38264e-05
0.000208125, 8.29682e-05
0.000206083, 8.21224e-05
0.000204068, 8.12886e-05
0.000202081, 8.04667e-05
0.000200121, 7.96564e-05
0.000198187, 7.88575e-05
0.00019628, 7.80699e-05
0.000194397, 7.72932e-05
0.00019254, 7.65274e-05
0.000190708, 7.57721e-05
0.0001889, 7.50273e-05
0.000187115, 7.42926e-05
0.000185354, 7.3568e-05
0.000183616, 7.28533e-05
0.000181901, 7.21483e-05
0.000180207, 7.14528e-05
0.000178536, 7.07666e-05
0.000176886, 7.00896e-05
0.000175257, 6.94216e-05
0.000173649, 6.87625e-05
0.000172061, 6.81121e-05
0.000170494, 6.74702e-05
0.000168946, 6.68367e-05
0.000167418, 6.62116e-05
0.000165908, 6.55945e-05
0.000164418, 6.49854e-05
0.000162946, 6.43842e-05
0.000161492, 6.37906e-05
0.000160056, 6.32047e-05
0.000158637, 6.26262e-05
0.000157236, 6.20551e-05
0.000155852, 6.14911e-05
0.000154485, 6.09343e-05
0.000153134, 6.03844e-05
0.000151799, 5.98414e-05
0.000150481, 5.93052e-05
0.000149178, 5.87755e-05
0.000147891, 5.82524e-05
0.000146619, 5.77358e-05
0.000145362, 5.72254e-05
0.000144119, 5.67213e-05
0.000142892, 5.62233e-05
0.000141678, 5.57313e-05
0.000140479, 5.52452e-05
0.000139294, 5.4765e-05
0.000138122, 5.42905e-05
0.000136964, 5.38217e-05
0.000135819, 5.33584e-05
0.000134687, 5.29006e-05
0.000133568, 5.24482e-05
0.000132462, 5.20011e-05
0.000131368, 5.15592e-05
0.000130287, 5.11225e-05
0.000129217, 5.06909e-05
0.00012816, 5.02642e-05
0.000127114, 4.98425e-05
0.000126081, 4.94256e-05
0.000125058, 4.90135e-05
0.000124047, 4.8606e-05
0.000123047, 4.82032e-05
0.000122058, 4.7805e-05
0.00012108, 4.74113e-05
0.000120112, 4.70219e-05
0.000119155, 4.6637e-05
0.000118208, 4.62563e-05
0.000117272, 4.58799e-05
0.000116345, 4.55077e-05
0.000115429, 4.51395e-05
0.000114522, 4.47754e-05
0.000113625, 4.44153e-05
0.000112737, 4.40592e-05
0.000111859, 4.37069e-05
0.00011099, 4.33585e-05
0.00011013, 4.30138e-05
0.00010928, 4.26729e-05
0.000108438, 4.23356e-05
0.000107605, 4.2002e-05
0.00010678, 4.16719e-05
0.000105964, 4.13453e-05
0.000105157, 4.10222e-05
0.000104358, 4.07025e-05
0.000103567, 4.03862e-05
0.000102784, 4.00732e-05
0.000102009, 3.97635e-05
0.000101242, 3.9457e-05
0.000100482, 3.91538e-05
9.97308e-05, 3.88536e-05
9.89867e-05, 3.85566e-05
9.82501e-05, 3.82627e-05
9.75209e-05, 3.79718e-05
9.6799e-05, 3.76838e-05
9.60842e-05, 3.73988e-05
9.53765e-05, 3.71167e-05
9.46759e-05, 3.68375e-05
9.39821e-05, 3.65611e-05
9.32952e-05, 3.62875e-05
9.2615e-05, 3.60167e-05
9.19415e-05, 3.57486e-05
9.12745e-05, 3.54831e-05
9.0614e-05, 3.52203e-05
8.996e-05, 3.49602e-05
8.93122e-05, 3.47026e-05
8.86707e-05, 3.44476e-05
8.80354e-05, 3.4195e-05
8.74061e-05, 3.3945e-05
8.67829e-05, 3.36974e-05
8.61656e-05, 3.34523e-05
8.55542e-05, 3.32095e-05
8.49486e-05, 3.29691e-05
8.43487e-05, 3.2731e-05
8.37545e-05, 3.24952e-05
8.31658e-05, 3.22618e-05
8.25827e-05, 3.20305e-05
8.2005e-05, 3.18015e-05
8.14327e-05, 3.15746e-05
8.08658e-05, 3.13499e-05
8.03041e-05, 3.11274e-05
7.97476e-05, 3.0907e-05
7.91962e-05, 3.06886e-05
7.865e-05, 3.04723e-05
7.81087e-05, 3.02581e-05
7.75724e-05, 3.00459e-05
7.7041e-05, 2.98356e-05
7.65144e-05, 2.96273e-05
7.59926e-05, 2.9421e-05
7.54756e-05, 2.92165e-05
7.49632e-05, 2.9014e-05
7.44554e-05, 2.88133e-05
7.39522e-05, 2.86145e-05
7.34535e-05, 2.84175e-05
7.29593e-05, 2.82223e-05
7.24695e-05, 2.80289e-05
7.19841e-05, 2.78372e-05
7.15029e-05, 2.76473e-05
7.1026e-05, 2.74591e-05
7.05534e-05, 2.72726e-05
7.00849e-05, 2.70878e-05
6.96205e-05, 2.69047e-05
6.91602e-05, 2.67232e-05
6.87039e-05, 2.65433e-05
6.82516e-05, 2.63651e-05
6.78032e-05, 2.61884e-05
6.73588e-05, 2.60133e-05
6.69182e-05, 2.58397e-05
6.64813e-05, 2.56677e-05
6.60483e-05, 2.54972e-05
6.5619e-05, 2.53282e-05
6.51933e-05, 2.51606e-05
6.47713e-05, 2.49946e-05
6.4353e-05, 2.483e-05
6.39381e-05, 2.46668e-05
6.35268e-05, 2.4505e-05
6.3119e-05, 2.43447e-05
6.27146e-05, 2.41857e-05
6.23137e-05, 2.40281e-05
6.19161e-05, 2.38719e-05
6.15219e-05, 2.3717e-05
6.11309e-05, 2.35634e-05
6.07433e-05, 2.34111e-05
6.03588e-05, 2.32601e-05
5.99776e-05, 2.31105e-05
5.95995e-05, 2.2962e-05
5.92246e-05, 2.28149e-05
5.88527e-05, 2.2669e-05
5.8484e-05, 2.25243e-05
5.81182e-05, 2.23808e-05
5.77555e-05, 2.22385e-05
5.73957e-05, 2.20974e-05
5.70389e-05, 2.19575e-05
5.66849e-05, 2.18188e-05
5.63339e-05, 2.16812e-05
5.59857e-05, 2.15447e-05
5.56403e-05, 2.14094e-05
5.52977e-05, 2.12752e-05
5.49579e-05, 2.11421e-05
5.46208e-05, 2.10101e-05
5.42864e-05, 2.08792e-05
5.39547e-05, 2.07493e-05
5.36257e-05, 2.06205e-05
5.32992e-05, 2.04928e-05
5.29754e-05, 2.03661e-05
5.26541e-05, 2.02404e-05
5.23354e-05, 2.01157e-05
5.20192e-05, 1.9992e-05
5.17055e-05, 1.98694e-05
5.13943e-05, 1.97477e-05
5.10855e-05, 1.9627e-05
5.07791e-05, 1.95072e-05
5.04751e-05, 1.93884e-05
5.01735e-05, 1.92706e-05
4.98742e-05, 1.91537e-05
4.95773e-05, 1.90377e-05
4.92827e-05, 1.89226e-05
4.89903e-05, 1.88085e-05
4.87002e-05, 1.86952e-05
4.84124e-05, 1.85828e-05
4.81267e-05, 1.84714e-05
4.78433e-05, 1.83607e-05
4.7562e-05, 1.8251e-05
4.72829e-05, 1.81421e-05
4.70059e-05, 1.8034e-05
4.6731e-05, 1.79268e-05
4.64582e-05, 1.78204e-05
4.61874e-05, 1.77149e-05
4.59187e-05, 1.76101e-05
4.56521e-05, 1.75062e-05
4.53874e-05, 1.7403e-05
4.51247e-05, 1.73007e-05
4.4864e-05, 1.71991e-05
4.46053e-05, 1.70983e-05
4.43485e-05, 1.69983e-05
4.40936e-05, 1.6899e-05
4.38406e-05, 1.68005e-05
4.35895e-05, 1.67027e-05
4.33402e-05, 1.66057e-05
4.30928e-05, 1.65094e-05
4.28472e-05, 1.64138e-05
4.26035e-05, 1.63189e-05
4.23615e-05, 1.62248e-05
4.21213e-05, 1.61313e-05
4.18828e-05, 1.60386e-05
4.16461e-05, 1.59465e-05
4.14111e-05, 1.58551e-05
4.11779e-05, 1.57644e-05
4.09463e-05, 1.56744e-05
4.07164e-05, 1.55851e-05
4.04882e-05, 1.54964e-05
4.02616e-05, 1.54083e-05
4.00367e-05, 1.53209e-05
3.98134e-05, 1.52341e-05
3.95916e-05, 1.5148e-05
3.93715e-05, 1.50625e-05
3.9153e-05, 1.49776e-05
3.8936e-05, 1.48934e-05
3.87205e-05, 1.48097e-05
3.85066e-05, 1.47267e-05
3.82943e-05, 1.46442e-05
3.80834e-05, 1.45624e-05
3.7874e-05, 1.44811e-05
3.76661e-05, 1.44005e-05
3.74596e-05, 1.43204e-05
3.72546e-05, 1.42408e-05
3.70511e-05, 1.41619e-05
3.6849e-05, 1.40835e-05
3.66483e-05, 1.40057e-05
3.6449e-05, 1.39284e-05
3.62511e-05, 1.38517e-05
3.60545e-05, 1.37755e-05
3.58593e-05, 1.36998e-05
3.56655e-05, 1.36247e-05
3.54731e-05, 1.35501e-05
3.52819e-05, 1.34761e-05
3.50921e-05, 1.34025e-05
3.49036e-05, 1.33295e-05
3.47164e-05, 1.3257e-05
3.45304e-05, 1.3185e-05
3.43458e-05, 1.31135e-05
3.41623e-05, 1.30424e-05
3.39802e-05, 1.29719e-05
3.37993e-05, 1.29019e-05
3.36196e-05, 1.28323e-05
3.34412e-05, 1.27633e-05
3.32639e-05, 1.26947e-05
3.30879e-05, 1.26266e-05
3.2913e-05, 1.25589e-05
3.27393e-05, 1.24917e-05
3.25668e-05, 1.2425e-05
3.23955e-05, 1.23587e-05
3.22252e-05, 1.22929e-05
3.20562e-05, 1.22275e-05
3.18882e-05, 1.21626e-05
3.17214e-05, 1.20981e-05
3.15557e-05, 1.20341e-05
3.13911e-05, 1.19704e-05
3.12276e-05, 1.19072e-05
3.10652e-05, 1.18445e-05
3.09038e-05, 1.17821e-05
3.07436e-05, 1.17202e-05
3.05843e-05, 1.16587e-05
3.04261e-05, 1.15976e-05
3.0269e-05, 1.15369e-05
3.01129e-05, 1.14766e-05
2.99578e-05, 1.14167e-05
2.98037e-05, 1.13572e-05
2.96507e-05, 1.12981e-05
2.94986e-05, 1.12394e-05
2.93475e-05, 1.11811e-05
2.91974e-05, 1.11232e-05
2.90483e-05, 1.10656e-05
2.89001e-05, 1.10085e-05
2.87529e-05, 1.09517e-05
2.86066e-05, 1.08952e-05
2.84613e-05, 1.08392e-05
2.83169e-05, 1.07835e-05
2.81735e-05, 1.07282e-05
2.80309e-05, 1.06732e-05
2.78893e-05, 1.06186e-05
2.77486e-05, 1.05643e-05
2.76088e-05, 1.05104e-05
2.74698e-05, 1.04569e-05
2.73318e-05, 1.04037e-05
2.71946e-05, 1.03508e-05
2.70583e-05, 1.02983e-05
2.69229e-05, 1.02461e-05
2.67883e-05, 1.01942e-05
2.66546e-05, 1.01427e-05
2.65217e-05, 1.00915e-05
2.63896e-05, 1.00406e-05
2.62584e-05, 9.99009e-06
2.6128e-05, 9.93987e-06
2.59984e-05, 9.88997e-06
2.58696e-05, 9.84038e-06
2.57416e-05, 9.7911e-06
2.56144e-05, 9.74214e-06
2.5488e-05, 9.69349e-06
2.53624e-05, 9.64514e-06
2.52376e-05, 9.59709e-06
2.51136e-05, 9.54935e-06
2.49903e-05, 9.50191e-06
2.48677e-05, 9.45476e-06
2.4746e-05, 9.40791e-06
2.46249e-05, 9.36135e-06
2.45046e-05, 9.31508e-06
2.43851e-05, 9.2691e-06
2.42663e-05, 9.22341e-06
2.41482e-05, 9.17799e-06
2.40308e-05, 9.13286e-06
2.39142e-05, 9.08801e-06
2.37982e-05, 9.04343e-06
2.3683e-05, 8.99913e-06
2.35685e-05, 8.9551e-06
2.34546e-05, 8.91135e-06
2.33415e-05, 8.86786e-06
2.3229e-05, 8.82463e-06
2.31172e-05, 8.78167e-06
2.30061e-05, 8.73898e-06
2.28956e-05, 8.69654e-06
2.27858e-05, 8.65436e-06
2.26767e-05, 8.61244e-06
2.25682e-05, 8.57077e-06
2.24604e-05, 8.52936e-06
2.23532e-05, 8.48819e-06
2.22466e-05, 8.44728e-06
2.21407e-05, 8.40661e-06
2.20354e-05, 8.36618e-06
2.19308e-05, 8.326e-06
2.18267e-05, 8.28606e-06
2.17233e-05, 8.24636e-06
2.16205e-05, 8.2069e-06
2.15183e-05, 8.16767e-06
2.14167e-05, 8.12868e-06
2.13157e-05, 8.08992e-06
2.12153e-05, 8.05139e-06
2.11154e-05, 8.01308e-06
2.10162e-05, 7.97501e-06
2.09175e-05, 7.93716e-06
2.08194e-05, 7.89954e-06
2.07219e-05, 7.86214e-06
2.0625e-05, 7.82496e-06
2.05286e-05, 7.78799e-06
2.04328e-05, 7.75125e-06
2.03375e-05, 7.71472e-06
2.02428e-05, 7.67841e-06
2.01486e-05, 7.6423e-06
2.0055e-05, 7.60641e-06
1.99619e-05, 7.57073e-06
1.98694e-05, 7.53526e-06
1.97773e-05, 7.49999e-06
1.96858e-05, 7.46493e-06
1.95949e-05, 7.43007e-06
1.95044e-05, 7.39542e-06
1.94145e-05, 7.36096e-06
1.93251e-05, 7.32671e-06
1.92362e-05, 7.29265e-06
1.91478e-05, 7.25879e-06
1.90599e-05, 7.22512e-06
1.89725e-05, 7.19165e-06
1.88856e-05, 7.15837e-06
1.87992e-05, 7.12528e-06
1.87133e-05, 7.09238e-06
1.86278e-05, 7.05967e-06
1.85429e-05, 7.02714e-06
1.84584e-05, 6.9948e-06
1.83744e-05, 6.96264e-06
1.82909e-05, 6.93067e-06
1.82078e-05, 6.89888e-06
1.81252e-05, 6.86727e-06
1.80431e-05, 6.83584e-06
1.79614e-05, 6.80458e-06
1.78802e-05, 6.7735e-06
1.77994e-05, 6.7426e-06
1.77191e-05, 6.71187e-06
1.76392e-05, 6.68132e-06
1.75598e-05, 6.65093e-06
1.74808e-05, 6.62072e-06
1.74023e-05, 6.59068e-06
1.73242e-05, 6.5608e-06
1.72465e-05, 6.53109e-06
1.71692e-05, 6.50155e-06
1.70924e-05, 6.47217e-06
1.7016e-05, 6.44296e-06
1.694e-05, 6.4139e-06
1.68644e-05, 6.38501e-06
1.67893e-05, 6.35628e-06
1.67145e-05, 6.32771e-06
1.66402e-05, 6.29929e-06
1.65662e-05, 6.27104e-06
1.64927e-05, 6.24294e-06
1.64196e-05, 6.21499e-06
1.63468e-05, 6.1872e-06
1.62745e-05, 6.15956e-06
1.62026e-05, 6.13207e-06
1.6131e-05, 6.10473e-06
1.60598e-05, 6.07754e-06
1.59891e-05, 6.0505e-06
1.59186e-05, 6.02361e-06
1.58486e-05, 5.99686e-06
1.5779e-05, 5.97026e-06
1.57097e-05, 5.94381e-06
1.56408e-05, 5.91749e-06
1.55723e-05, 5.89132e-06
1.55041e-05, 5.8653e-06
1.54363e-05, 5.83941e-06
1.53689e-05, 5.81366e-06
1.53018e-05, 5.78805e-06
1.52351e-05, 5.76258e-06
1.51687e-05, 5.73725e-06
1.51027e-05, 5.71205e-06
1.5037e-05, 5.68699e-06
1.49717e-05, 5.66207e-06
1.49067e-05, 5.63727e-06
1.48421e-05, 5.61261e-06
1.47778e-05, 5.58808e-06
1.47139e-05, 5.56368e-06
1.46503e-05, 5.53941e-06
1.4587e-05, 5.51528e-06
1.4524e-05, 5.49126e-06
1.44614e-05, 5.46738e-06
1.43992e-05, 5.44362e-06
1.43372e-05, 5.41999e-06
1.42756e-05, 5.39649e-06
1.42142e-05, 5.3731e-06
1.41533e-05, 5.34984e-06
1.40926e-05, 5.32671e-06
1.40322e-05, 5.30369e-06
1.39722e-05, 5.2808e-06
1.39124e-05, 5.25803e-06
1.3853e-05, 5.23537e-06
1.37939e-05, 5.21284e-06
1.37351e-05, 5.19042e-06
1.36766e-05, 5.16812e-06
1.36184e-05, 5.14594e-06
1.35605e-05, 5.12387e-06
1.35029e-05, 5.10192e-06
1.34456e-05, 5.08008e-06
1.33886e-05, 5.05835e-06
1.33318e-05, 5.03674e-06
1.32754e-05, 5.01524e-06
1.32193e-05, 4.99385e-06
1.31634e-05, 4.97257e-06
1.31078e-05, 4.9514e-06
1.30526e-05, 4.93034e-06
1.29975e-05, 4.90939e-06
1.29428e-05, 4.88854e-06
1.28884e-05, 4.86781e-06
1.28342e-05, 4.84718e-06
1.27803e-05, 4.82665e-06
1.27267e-05, 4.80623e-06
1.26733e-05, 4.78592e-06
1.26203e-05, 4.76571e-06
1.25674e-05, 4.7456e-06
1.25149e-05, 4.72559e-06
1.24626e-05, 4.70569e-06
1.24106e-05, 4.68589e-06
1.23588e-05, 4.66619e-06
1.23073e-05, 4.64658e-06
1.22561e-05, 4.62708e-06
1.22051e-05, 4.60768e-06
1.21544e-05, 4.58837e-06
1.21039e-05, 4.56916e-06
1.20537e-05, 4.55005e-06
1.20037e-05, 4.53104e-06
1.1954e-05, 4.51212e-06
1.19045e-05, 4.49329e-06
1.18553e-05, 4.47457e-06
1.18063e-05, 4.45593e-06
1.17576e-05, 4.43739e-06
1.17091e-05, 4.41894e-06
1.16608e-05, 4.40058e-06
1.16128e-05, 4.38232e-06
1.1565e-05, 4.36414e-06
1.15175e-05, 4.34606e-06
1.14702e-05, 4.32806e-06
1.14231e-05, 4.31016e-06
1.13762e-05, 4.29235e-06
1.13296e-05, 4.27462e-06
1.12832e-05, 4.25698e-06
1.12371e-05, 4.23943e-06
1.11911e-05, 4.22196e-06
1.11454e-05, 4.20459e-06
1.10999e-05, 4.18729e-06
1.10546e-05, 4.17009e-06
1.10096e-05, 4.15296e-06
1.09648e-05, 4.13592e-06
1.09202e-05, 4.11897e-06
1.08758e-05, 4.1021e-06
1.08316e-05, 4.08531e-06
1.07876e-05, 4.0686e-06
1.07439e-05, 4.05198e-06
1.07003e-05, 4.03543e-06
1.0657e-05, 4.01897e-06
1.06139e-05, 4.00259e-06
1.0571e-05, 3.98629e-06
1.05283e-05, 3.97006e-06
1.04858e-05, 3.95392e-06
1.04435e-05, 3.93785e-06
1.04014e-05, 3.92186e-06
1.03595e-05, 3.90595e-06
1.03178e-05, 3.89012e-06
1.02763e-05, 3.87436e-06
1.02351e-05, 3.85868e-06
1.0194e-05, 3.84308e-06
1.01531e-05, 3.82755e-06
1.01124e-05, 3.81209e-06
1.00719e-05, 3.79671e-06
1.00315e-05, 3.7814e-06
9.99142e-06, 3.76617e-06
9.95149e-06, 3.75101e-06
9.91175e-06, 3.73592e-06
9.87219e-06, 3.7209e-06
9.83283e-06, 3.70596e-06
9.79365e-06, 3.69109e-06
9.75465e-06, 3.67629e-06
9.71584e-06, 3.66155e-06
9.67721e-06, 3.64689e-06
9.63877e-06, 3.6323e-06
9.6005e-06, 3.61778e-06
9.56242e-06, 3.60333e-06
9.52451e-06, 3.58894e-06
9.48678e-06, 3.57463e-06
9.44923e-06, 3.56038e-06
9.41186e-06, 3.5462e-06
9.37466e-06, 3.53208e-06
9.33763e-06, 3.51804e-06
9.30078e-06, 3.50406e-06
9.2641e-06, 3.49014e-06
9.22759e-06, 3.47629e-06
9.19125e-06, 3.46251e-06
9.15507e-06, 3.44878e-06
9.11907e-06, 3.43513e-06
9.08323e-06, 3.42154e-06
9.04756e-06, 3.40801e-06
9.01206e-06, 3.39454e-06
8.97672e-06, 3.38114e-06
8.94154e-06, 3.3678e-06
8.90653e-06, 3.35453e-06
8.87168e-06, 3.34131e-06
8.83698e-06, 3.32816e-06
8.80245e-06, 3.31506e-06
8.76808e-06, 3.30203e-06
8.73386e-06, 3.28906e-06
8.69981e-06, 3.27615e-06
8.6659e-06, 3.2633e-06
8.63216e-06, 3.2505e-06
8.59857e-06, 3.23777e-06
8.56513e-06, 3.2251e-06
8.53184e-06, 3.21248e-06
8.49871e-06, 3.19992e-06
8.46573e-06, 3.18742e-06
8.4329e-06, 3.17498e-06
8.40022e-06, 3.1626e-06
8.36768e-06, 3.15027e-06
8.3353e-06, 3.138e-06
8.30306e-06, 3.12578e-06
8.27097e-06, 3.11362e-06
8.23902e-06, 3.10152e-06
8.20722e-06, 3.08947e-06
8.17557e-06, 3.07748e-06
8.14405e-06, 3.06554e-06
8.11268e-06, 3.05365e-06
8.08145e-06, 3.04182e-06
8.05036e-06, 3.03005e-06
8.01941e-06, 3.01832e-06
7.9886e-06, 3.00665e-06
7.95793e-06, 2.99504e-06
7.9274e-06, 2.98347e-06
7.897e-06, 2.97196e-06
7.86674e-06, 2.9605e-06
7.83661e-06, 2.94909e-06
7.80663e-06, 2.93774e-06
7.77677e-06, 2.92643e-06
7.74705e-06, 2.91518e-06
7.71746e-06, 2.90397e-06
7.688e-06, 2.89282e-06
7.65867e-06, 2.88172e-06
7.62948e-06, 2.87066e-06
7.60041e-06, 2.85966e-06
7.57148e-06, 2.84871e-06
7.54267e-06, 2.8378e-06
7.51399e-06, 2.82694e-06
7.48544e-06, 2.81614e-06
7.45701e-06, 2.80538e-06
7.42871e-06, 2.79467e-06
7.40053e-06, 2.784e-06
7.37248e-06, 2.77339e-06
7.34455e-06, 2.76282e-06
7.31675e-06, 2.75229e-06
7.28907e-06, 2.74182e-06
7.26151e-06, 2.73139e-06
7.23407e-06, 2.72101e-06
7.20675e-06, 2.71067e-06
7.17955e-06, 2.70038e-06
7.15248e-06, 2.69013e-06
7.12552e-06, 2.67993e-06
7.09867e-06, 2.66978e-06
7.07195e-06, 2.65967e-06
7.04534e-06, 2.6496e-06
7.01885e-06, 2.63958e-06
6.99247e-06, 2.6296e-06
6.96621e-06, 2.61967e-06
6.94007e-06, 2.60978e-06
6.91404e-06, 2.59994e-06
6.88812e-06, 2.59013e-06
6.86231e-06, 2.58037e-06
6.83661e-06, 2.57065e-06
6.81103e-06, 2.56098e-06
6.78556e-06, 2.55135e-06
6.7602e-06, 2.54176e-06
6.73495e-06, 2.53221e-06
6.7098e-06, 2.5227e-06
6.68477e-06, 2.51323e-06
6.65984e-06, 2.50381e-06
6.63502e-06, 2.49443e-06
6.61031e-06, 2.48508e-06
6.58571e-06, 2.47578e-06
6.56121e-06, 2.46652e-06
6.53681e-06, 2.4573e-06
6.51253e-06, 2.44812e-06
6.48834e-06, 2.43897e-06
6.46426e-06, 2.42987e-06
6.44028e-06, 2.42081e-06
6.41641e-06, 2.41178e-06
6.39263e-06, 2.4028e-06
6.36896e-06, 2.39385e-06
6.34539e-06, 2.38494e-06
6.32192e-06, 2.37607e-06
6.29855e-06, 2.36724e-06
6.27528e-06, 2.35845e-06
6.25211e-06, 2.34969e-06
6.22904e-06, 2.34097e-06
6.20606e-06, 2.33229e-06
6.18319e-06, 2.32365e-06
6.16041e-06, 2.31504e-06
6.13772e-06, 2.30647e-06
6.11514e-06, 2.29794e-06
6.09265e-06, 2.28944e-06
6.07025e-06, 2.28098e-06
6.04795e-06, 2.27255e-06
6.02574e-06, 2.26417e-06
6.00363e-06, 2.25581e-06
5.98161e-06, 2.24749e-06
5.95968e-06, 2.23921e-06
5.93784e-06, 2.23096e-06
5.9161e-06, 2.22275e-06
5.89445e-06, 2.21457e-06
5.87289e-06, 2.20643e-06
5.85142e-06, 2.19832e-06
5.83004e-06, 2.19025e-06
5.80875e-06, 2.18221e-06
5.78755e-06, 2.1742e-06
5.76643e-06, 2.16623e-06
5.74541e-06, 2.15829e-06
5.72447e-06, 2.15038e-06
5.70362e-06, 2.14251e-06
5.68286e-06, 2.13467e-06
5.66218e-06, 2.12686e-06
5.64159e-06, 2.11909e-06
5.62109e-06, 2.11135e-06
5.60067e-06, 2.10364e-06
5.58034e-06, 2.09596e-06
5.56009e-06, 2.08832e-06
5.53992e-06, 2.08071e-06
5.51984e-06, 2.07313e-06
5.49984e-06, 2.06558e-06
5.47993e-06, 2.05806e-06
5.46009e-06, 2.05057e-06
5.44034e-06, 2.04312e-06
5.42067e-06, 2.0357e-06
5.40108e-06, 2.0283e-06
5.38158e-06, 2.02094e-06
5.36215e-06, 2.01361e-06
5.3428e-06, 2.00631e-06
5.32353e-06, 1.99904e-06
5.30435e-06, 1.9918e-06
5.28524e-06, 1.98458e-06
5.26621e-06, 1.9774e-06
5.24725e-06, 1.97025e-06
5.22838e-06, 1.96313e-06
5.20958e-06, 1.95604e-06
5.19086e-06, 1.94897e-06
5.17221e-06, 1.94194e-06
5.15365e-06, 1.93493e-06
5.13515e-06, 1.92796e-06
5.11674e-06, 1.92101e-06
5.0984e-06, 1.91409e-06
5.08013e-06, 1.9072e-06
5.06194e-06, 1.90034e-06
5.04382e-06, 1.8935e-06
5.02577e-06, 1.8867e-06
5.0078e-06, 1.87992e-06
4.9899e-06, 1.87317e-06
4.97208e-06, 1.86644e-06
4.95433e-06, 1.85975e-06
4.93664e-06, 1.85308e-06
4.91904e-06, 1.84644e-06
4.9015e-06, 1.83982e-06
4.88403e-06, 1.83324e-06
4.86663e-06, 1.82668e-06
4.84931e-06, 1.82014e-06
4.83205e-06, 1.81364e-06
4.81486e-06, 1.80716e-06
4.79774e-06, 1.8007e-06
4.7807e-06, 1.79427e-06
4.76372e-06, 1.78787e-06
4.7468e-06, 1.78149e-06
4.72996e-06, 1.77514e-06
4.71318e-06, 1.76882e-06
4.69648e-06, 1.76252e-06
4.67983e-06, 1.75625e-06
4.66326e-06, 1.75e-06
4.64675e-06, 1.74377e-06
4.63031e-06, 1.73758e-06
4.61393e-06, 1.7314e-06
4.59762e-06, 1.72525e-06
4.58137e-06, 1.71913e-06
4.56519e-06, 1.71303e-06
4.54908e-06, 1.70696e-06
4.53302e-06, 1.70091e-06
4.51703e-06, 1.69488e-06
4.50111e-06, 1.68888e-06
4.48525e-06, 1.6829e-06
4.46945e-06, 1.67695e-06
4.45371e-06, 1.67102e-06
4.43804e-06, 1.66511e-06
4.42243e-06, 1.65923e-06
4.40688e-06, 1.65337e-06
4.39139e-06, 1.64753e-06
4.37597e-06, 1.64172e-06
4.3606e-06, 1.63593e-06
4.3453e-06, 1.63016e-06
4.33006e-06, 1.62442e-06
4.31487e-06, 1.6187e-06
4.29975e-06, 1.613e-06
4.28468e-06, 1.60733e-06
4.26968e-06, 1.60167e-06
4.25473e-06, 1.59604e-06
4.23985e-06, 1.59043e-06
4.22502e-06, 1.58485e-06
4.21025e-06, 1.57928e-06
4.19554e-06, 1.57374e-06
4.18088e-06, 1.56822e-06
4.16629e-06, 1.56272e-06
4.15175e-06, 1.55725e-06
4.13727e-06, 1.55179e-06
4.12284e-06, 1.54636e-06
4.10847e-06, 1.54095e-06
4.09416e-06, 1.53556e-06
4.0799e-06, 1.53019e-06
4.0657e-06, 1.52484e-06
4.05156e-06, 1.51951e-06
4.03747e-06, 1.51421e-06
4.02343e-06, 1.50892e-06
4.00945e-06, 1.50366e-06
3.99552e-06, 1.49841e-06
3.98165e-06, 1.49319e-06
3.96783e-06, 1.48798e-06
3.95407e-06, 1.4828e-06
3.94036e-06, 1.47764e-06
3.9267e-06, 1.4725e-06
3.9131e-06, 1.46737e-06
3.89954e-06, 1.46227e-06
3.88604e-06, 1.45719e-06
3.8726e-06, 1.45213e-06
3.8592e-06, 1.44708e-06
3.84586e-06, 1.44206e-06
3.83257e-06, 1.43706e-06
3.81933e-06, 1.43207e-06
3.80614e-06, 1.42711e-06
3.793e-06, 1.42216e-06
3.77991e-06, 1.41723e-06
3.76687e-06, 1.41233e-06
3.75389e-06, 1.40744e-06
3.74095e-06, 1.40257e-06
3.72806e-06, 1.39772e-06
3.71522e-06, 1.39289e-06
3.70243e-06, 1.38807e-06
3.68969e-06, 1.38328e-06
3.677e-06, 1.3785e-06
3.66436e-06, 1.37374e-06
3.65177e-06, 1.369e-06
3.63922e-06, 1.36428e-06
3.62673e-06, 1.35958e-06
3.61428e-06, 1.35489e-06
3.60188e-06, 1.35023e-06
3.58952e-06, 1.34558e-06
3.57721e-06, 1.34095e-06
3.56495e-06, 1.33633e-06
3.55274e-06, 1.33174e-06
3.54057e-06, 1.32716e-06
3.52845e-06, 1.3226e-06
3.51638e-06, 1.31806e-06
3.50435e-06, 1.31353e-06
3.49237e-06, 1.30902e-06
3.48043e-06, 1.30453e-06
3.46854e-06, 1.30006e-06
3.45669e-06, 1.2956e-06
3.44489e-06, 1.29116e-06
3.43313e-06, 1.28674e-06
3.42142e-06, 1.28233e-06
3.40975e-06, 1.27794e-06
3.39813e-06, 1.27357e-06
3.38655e-06, 1.26921e-06
3.37501e-06, 1.26488e-06
3.36352e-06, 1.26055e-06
3.35207e-06, 1.25625e-06
3.34067e-06, 1.25196e-06
3.3293e-06, 1.24768e-06
3.31798e-06, 1.24342e-06
3.30671e-06, 1.23918e-06
3.29547e-06, 1.23496e-06
3.28428e-06, 1.23075e-06
3.27313e-06, 1.22655e-06
3.26202e-06, 1.22238e-06
3.25095e-06, 1.21822e-06
3.23993e-06, 1.21407e-06
3.22894e-06, 1.20994e-06
3.218e-06, 1.20582e-06
3.2071e-06, 1.20172e-06
3.19624e-06, 1.19764e-06
3.18542e-06, 1.19357e-06
3.17464e-06, 1.18952e-06
3.1639e-06, 1.18548e-06
3.1532e-06, 1.18146e-06
3.14254e-06, 1.17745e-06
3.13192e-06, 1.17346e-06
3.12134e-06, 1.16948e-06
3.1108e-06, 1.16552e-06
3.1003e-06, 1.16157e-06
3.08984e-06, 1.15764e-06
3.07942e-06, 1.15372e-06
3.06904e-06, 1.14981e-06
3.05869e-06, 1.14592e-06
3.04838e-06, 1.14205e-06
3.03812e-06, 1.13819e-06
3.02789e-06, 1.13434e-06
3.01769e-06, 1.13051e-06
3.00754e-06, 1.1267e-06
2.99742e-06, 1.12289e-06
2.98734e-06, 1.1191e-06
2.9773e-06, 1.11533e-06
2.9673e-06, 1.11157e-06
2.95733e-06, 1.10782e-06
2.9474e-06, 1.10409e-06
2.9375e-06, 1.10037e-06
2.92765e-06, 1.09667e-06
2.91782e-06, 1.09297e-06
2.90804e-06, 1.0893e-06
2.89829e-06, 1.08563e-06
2.88858e-06, 1.08198e-06
2.8789e-06, 1.07835e-06
2.86926e-06, 1.07472e-06
2.85965e-06, 1.07111e-06
2.85008e-06, 1.06752e-06
2.84055e-06, 1.06393e-06
2.83105e-06, 1.06036e-06
2.82158e-06, 1.05681e-06
2.81215e-06, 1.05326e-06
2.80275e-06, 1.04973e-06
2.79339e-06, 1.04622e-06
2.78407e-06, 1.04271e-06
2.77477e-06, 1.03922e-06
2.76551e-06, 1.03574e-06
2.75629e-06, 1.03227e-06
2.7471e-06, 1.02882e-06
2.73794e-06, 1.02538e-06
2.72881e-06, 1.02195e-06
2.71972e-06, 1.01854e-06
2.71067e-06, 1.01513e-06
2.70164e-06, 1.01174e-06
2.69265e-06, 1.00837e-06
2.68369e-06, 1.005e-06
2.67476e-06, 1.00165e-06
2.66587e-06, 9.98306e-07
2.65701e-06, 9.94977e-07
2.64818e-06, 9.91661e-07
2.63938e-06, 9.88356e-07
2.63062e-06, 9.85064e-07
2.62188e-06, 9.81783e-07
2.61318e-06, 9.78515e-07
2.60451e-06, 9.75259e-07
2.59587e-06, 9.72014e-07
2.58727e-06, 9.68781e-07
2.57869e-06, 9.6556e-07
2.57015e-06, 9.62351e-07
2.56163e-06, 9.59153e-07
2.55315e-06, 9.55967e-07
2.5447e-06, 9.52793e-07
2.53628e-06, 9.4963e-07
2.52788e-06, 9.46479e-07
2.51952e-06, 9.43339e-07
2.51119e-06, 9.4021e-07
2.50289e-06, 9.37093e-07
2.49462e-06, 9.33987e-07
2.48638e-06, 9.30893e-07
2.47817e-06, 9.27809e-07
2.46999e-06, 9.24737e-07
2.46183e-06, 9.21676e-07
2.45371e-06, 9.18626e-07
2.44562e-06, 9.15587e-07
2.43755e-06, 9.12559e-07
2.42952e-06, 9.09541e-07
2.42151e-06, 9.06535e-07
2.41353e-06, 9.0354e-07
2.40558e-06, 9.00555e-07
2.39766e-06, 8.97581e-07
2.38977e-06, 8.94618e-07
2.3819e-06, 8.91666e-07
2.37407e-06, 8.88724e-07
2.36626e-06, 8.85792e-07
2.35848e-06, 8.82872e-07
2.35073e-06, 8.79961e-07
2.343e-06, 8.77062e-07
2.33531e-06, 8.74172e-07
2.32764e-06, 8.71293e-07
2.32e-06, 8.68424e-07
2.31238e-06, 8.65566e-07
2.30479e-06, 8.62718e-07
2.29723e-06, 8.5988e-07
2.2897e-06, 8.57052e-07
2.28219e-06, 8.54234e-07
2.27471e-06, 8.51427e-07
2.26726e-06, 8.48629e-07
2.25983e-06, 8.45841e-07
2.25243e-06, 8.43064e-07
2.24506e-06, 8.40296e-07
2.23771e-06, 8.37538e-07
2.23039e-06, 8.3479e-07
2.22309e-06, 8.32052e-07
2.21582e-06, 8.29324e-07
2.20858e-06, 8.26605e-07
2.20136e-06, 8.23896e-07
2.19417e-06, 8.21196e-07
2.187e-06, 8.18507e-07
2.17986e-06, 8.15826e-07
2.17274e-06, 8.13156e-07
2.16565e-06, 8.10494e-07
2.15858e-06, 8.07843e-07
2.15154e-06, 8.052e-07
2.14452e-06, 8.02567e-07
2.13753e-06, 7.99944e-07
2.13056e-06, 7.97329e-07
2.12362e-06, 7.94724e-07
2.1167e-06, 7.92128e-07
2.10981e-06, 7.89542e-07
2.10294e-06, 7.86964e-07
2.09609e-06, 7.84396e-07
2.08927e-06, 7.81836e-07
2.08248e-06, 7.79286e-07
2.0757e-06, 7.76745e-07
2.06895e-06, 7.74212e-07
2.06223e-06, 7.71689e-07
2.05553e-06, 7.69175e-07
2.04885e-06, 7.66669e-07
2.04219e-06, 7.64172e-07
2.03556e-06, 7.61684e-07
2.02895e-06, 7.59205e-07
2.02237e-06, 7.56735e-07
2.0158e-06, 7.54273e-07
2.00926e-06, 7.5182e-07
2.00275e-06, 7.49375e-07
1.99625e-06, 7.46939e-07
1.98978e-06, 7.44512e-07
1.98333e-06, 7.42093e-07
1.97691e-06, 7.39683e-07
1.97051e-06, 7.37281e-07
1.96412e-06, 7.34887e-07
1.95777e-06, 7.32502e-07
1.95143e-06, 7.30125e-07
1.94512e-06, 7.27757e-07
1.93882e-06, 7.25397e-07
1.93255e-06, 7.23045e-07
1.9263e-06, 7.20701e-07
1.92008e-06, 7.18366e-07
1.91387e-06, 7.16039e-07
1.90769e-06, 7.13719e-07
1.90153e-06, 7.11408e-07
1.89539e-06, 7.09105e-07
1.88927e-06, 7.06811e-07
1.88317e-06, 7.04524e-07
1.87709e-06, 7.02245e-07
1.87104e-06, 6.99974e-07
1.865e-06, 6.9771e-07
1.85899e-06, 6.95455e-07
1.85299e-06, 6.93208e-07
1.84702e-06, 6.90968e-07
1.84107e-06, 6.88737e-07
1.83514e-06, 6.86513e-07
1.82923e-06, 6.84296e-07
1.82334e-06, 6.82088e-07
1.81747e-06, 6.79887e-07
1.81162e-06, 6.77693e-07
1.80579e-06, 6.75508e-07
1.79998e-06, 6.7333e-07
1.79419e-06, 6.71159e-07
1.78843e-06, 6.68996e-07
1.78268e-06, 6.66841e-07
1.77695e-06, 6.64693e-07
1.77124e-06, 6.62552e-07
1.76555e-06, 6.60419e-07
1.75988e-06, 6.58293e-07
1.75423e-06, 6.56174e-07
1.7486e-06, 6.54063e-07
1.74299e-06, 6.51959e-07
1.73739e-06, 6.49863e-07
1.73182e-06, 6.47773e-07
1.72627e-06, 6.45691e-07
1.72073e-06, 6.43616e-07
1.71522e-06, 6.41548e-07
1.70972e-06, 6.39488e-07
1.70424e-06, 6.37434e-07
1.69878e-06, 6.35388e-07
1.69334e-06, 6.33348e-07
1.68792e-06, 6.31316e-07
1.68252e-06, 6.2929e-07
1.67713e-06, 6.27272e-07
1.67176e-06, 6.2526e-07
1.66642e-06, 6.23255e-07
1.66109e-06, 6.21258e-07
1.65578e-06, 6.19267e-07
1.65048e-06, 6.17283e-07
1.64521e-06, 6.15305e-07
1.63995e-06, 6.13335e-07
1.63471e-06, 6.11371e-07
1.62949e-06, 6.09414e-07
1.62429e-06, 6.07464e-07
1.6191e-06, 6.0552e-07
1.61393e-06, 6.03583e-07
1.60878e-06, 6.01653e-07
1.60365e-06, 5.99729e-07
1.59853e-06, 5.97812e-07
1.59344e-06, 5.95902e-07
1.58836e-06, 5.93998e-07
1.58329e-06, 5.921e-07
1.57825e-06, 5.90209e-07
1.57322e-06, 5.88324e-07
1.56821e-06, 5.86446e-07
1.56321e-06, 5.84574e-07
1.55823e-06, 5.82709e-07
1.55327e-06, 5.8085e-07
1.54833e-06, 5.78997e-07
1.5434e-06, 5.77151e-07
1.53849e-06, 5.75311e-07
1.5336e-06, 5.73477e-07
1.52872e-06, 5.71649e-07
1.52386e-06, 5.69828e-07
1.51901e-06, 5.68013e-07
1.51419e-06, 5.66204e-07
1.50938e-06, 5.64401e-07
1.50458e-06, 5.62604e-07
1.4998e-06, 5.60813e-07
1.49504e-06, 5.59029e-07
1.49029e-06, 5.5725e-07
1.48556e-06, 5.55478e-07
1.48085e-06, 5.53711e-07
1.47615e-06, 5.51951e-07
1.47147e-06, 5.50196e-07
1.4668e-06, 5.48448e-07
1.46215e-06, 5.46705e-07
1.45751e-06, 5.44968e-07
1.45289e-06, 5.43237e-07
1.44829e-06, 5.41512e-07
1.4437e-06, 5.39793e-07
1.43912e-06, 5.3808e-07
1.43457e-06, 5.36372e-07
1.43002e-06, 5.3467e-07
1.4255e-06, 5.32974e-07
1.42098e-06, 5.31284e-07
1.41649e-06, 5.29599e-07
1.41201e-06, 5.2792e-07
1.40754e-06, 5.26247e-07
1.40309e-06, 5.24579e-07
1.39865e-06, 5.22917e-07
1.39423e-06, 5.2126e-07
1.38982e-06, 5.1961e-07
1.38543e-06, 5.17964e-07
1.38105e-06, 5.16324e-07
1.37669e-06, 5.1469e-07
1.37234e-06, 5.13061e-07
1.36801e-06, 5.11438e-07
1.36369e-06, 5.0982e-07
1.35938e-06, 5.08208e-07
1.35509e-06, 5.06601e-07
1.35082e-06, 5.04999e-07
1.34655e-06, 5.03403e-07
1.34231e-06, 5.01812e-07
1.33807e-06, 5.00227e-07
1.33386e-06, 4.98646e-07
1.32965e-06, 4.97072e-07
1.32546e-06, 4.95502e-07
1.32128e-06, 4.93937e-07
1.31712e-06, 4.92378e-07
1.31297e-06, 4.90824e-07
1.30884e-06, 4.89276e-07
1.30471e-06, 4.87732e-07
1.30061e-06, 4.86194e-07
1.29651e-06, 4.84661e-07
1.29243e-06, 4.83132e-07
1.28837e-06, 4.81609e-07
1.28431e-06, 4.80092e-07
1.28027e-06, 4.78579e-07
1.27625e-06, 4.77071e-07
1.27223e-06, 4.75568e-07
1.26823e-06, 4.7407e-07
1.26425e-06, 4.72578e-07
1.26027e-06, 4.7109e-07
1.25631e-06, 4.69607e-07
1.25237e-06, 4.68129e-07
1.24843e-06, 4.66656e-07
1.24451e-06, 4.65188e-07
1.24061e-06, 4.63725e-07
1.23671e-06, 4.62267e-07
1.23283e-06, 4.60813e-07
1.22896e-06, 4.59365e-07
1.22511e-06, 4.57921e-07
1.22126e-06, 4.56482e-07
1.21743e-06, 4.55048e-07
1.21362e-06, 4.53618e-07
1.20981e-06, 4.52193e-07
1.20602e-06, 4.50774e-07
1.20224e-06, 4.49358e-07
1.19847e-06, 4.47948e-07
1.19472e-06, 4.46542e-07
1.19097e-06, 4.45141e-07
1.18724e-06, 4.43744e-07
1.18353e-06, 4.42352e-07
1.17982e-06, 4.40965e-07
1.17613e-06, 4.39582e-07
1.17245e-06, 4.38204e-07
1.16878e-06, 4.3683e-07
1.16512e-06, 4.35461e-07
1.16147e-06, 4.34097e-07
1.15784e-06, 4.32737e-07
1.15422e-06, 4.31381e-07
1.15061e-06, 4.3003e-07
1.14702e-06, 4.28683e-07
1.14343e-06, 4.27341e-07
1.13986e-06, 4.26004e-07
1.1363e-06, 4.2467e-07
1.13275e-06, 4.23341e-07
1.12921e-06, 4.22017e-07
1.12568e-06, 4.20697e-07
1.12217e-06, 4.19381e-07
1.11866e-06, 4.1807e-07
1.11517e-06, 4.16762e-07
1.11169e-06, 4.1546e-07
1.10822e-06, 4.14161e-07
1.10476e-06, 4.12867e-07
1.10132e-06, 4.11577e-07
1.09788e-06, 4.10291e-07
1.09446e-06, 4.0901e-07
1.09105e-06, 4.07732e-07
1.08765e-06, 4.06459e-07
1.08426e-06, 4.0519e-07
1.08088e-06, 4.03926e-07
1.07751e-06, 4.02665e-07
1.07415e-06, 4.01409e-07
1.07081e-06, 4.00156e-07
1.06747e-06, 3.98908e-07
1.06415e-06, 3.97664e-07
1.06083e-06, 3.96424e-07
1.05753e-06, 3.95188e-07
1.05424e-06, 3.93956e-07
1.05096e-06, 3.92728e-07
1.04769e-06, 3.91504e-07
1.04443e-06, 3.90284e-07
1.04118e-06, 3.89069e-07
1.03794e-06, 3.87857e-07
1.03472e-06, 3.86649e-07
1.0315e-06, 3.85445e-07
1.02829e-06, 3.84245e-07
1.0251e-06, 3.83049e-07
1.02191e-06, 3.81857e-07
1.01874e-06, 3.80668e-07
1.01557e-06, 3.79484e-07
1.01242e-06, 3.78303e-07
1.00927e-06, 3.77127e-07
1.00614e-06, 3.75954e-07
1.00302e-06, 3.74785e-07
9.99902e-07, 3.7362e-07
9.96798e-07, 3.72458e-07
9.93705e-07, 3.71301e-07
9.90622e-07, 3.70147e-07
9.87548e-07, 3.68997e-07
9.84485e-07, 3.67851e-07
9.81432e-07, 3.66708e-07
9.78388e-07, 3.65569e-07
9.75355e-07, 3.64434e-07
9.72331e-07, 3.63303e-07
9.69317e-07, 3.62175e-07
9.66313e-07, 3.61051e-07
9.63319e-07, 3.5993e-07
9.60334e-07, 3.58814e-07
9.5736e-07, 3.577e-07
9.54394e-07, 3.56591e-07
9.51439e-07, 3.55485e-07
9.48493e-07, 3.54383e-07
9.45556e-07, 3.53284e-07
9.42629e-07, 3.52189e-07
9.39711e-07, 3.51097e-07
9.36803e-07, 3.50009e-07
9.33905e-07, 3.48924e-07
9.31015e-07, 3.47843e-07
9.28135e-07, 3.46766e-07
9.25265e-07, 3.45692e-07
9.22403e-07, 3.44621e-07
9.19551e-07, 3.43554e-07
9.16708e-07, 3.42491e-07
9.13875e-07, 3.4143e-07
9.1105e-07, 3.40374e-07
9.08235e-07, 3.3932e-07
9.05429e-07, 3.38271e-07
9.02631e-07, 3.37224e-07
8.99843e-07, 3.36181e-07
8.97064e-07, 3.35141e-07
8.94294e-07, 3.34105e-07
8.91532e-07, 3.33072e-07
8.8878e-07, 3.32042e-07
8.86036e-07, 3.31016e-07
8.83302e-07, 3.29993e-07
8.80576e-07, 3.28973e-07
8.77859e-07, 3.27956e-07
8.7515e-07, 3.26943e-07
8.72451e-07, 3.25933e-07
8.6976e-07, 3.24927e-07
8.67077e-07, 3.23923e-07
8.64404e-07, 3.22923e-07
8.61739e-07, 3.21926e-07
8.59082e-07, 3.20932e-07
8.56434e-07, 3.19942e-07
8.53795e-07, 3.18955e-07
8.51164e-07, 3.1797e-07
8.48542e-07, 3.16989e-07
8.45928e-07, 3.16012e-07
8.43322e-07, 3.15037e-07
8.40725e-07, 3.14065e-07
8.38136e-07, 3.13097e-07
8.35555e-07, 3.12132e-07
8.32983e-07, 3.1117e-07
8.30419e-07, 3.1021e-07
8.27863e-07, 3.09254e-07
8.25315e-07, 3.08301e-07
8.22776e-07, 3.07352e-07
8.20244e-07, 3.06405e-07
8.17721e-07, 3.05461e-07
8.15206e-07, 3.0452e-07
8.12699e-07, 3.03583e-07
8.102e-07, 3.02648e-07
8.07708e-07, 3.01716e-07
8.05225e-07, 3.00787e-07
8.0275e-07, 2.99862e-07
8.00283e-07, 2.98939e-07
7.97824e-07, 2.98019e-07
7.95372e-07, 2.97102e-07
7.92928e-07, 2.96188e-07
7.90493e-07, 2.95277e-07
7.88065e-07, 2.94369e-07
7.85644e-07, 2.93464e-07
7.83232e-07, 2.92562e-07
7.80827e-07, 2.91662e-07
7.7843e-07, 2.90766e-07
7.7604e-07, 2.89872e-07
7.73658e-07, 2.88981e-07
7.71284e-07, 2.88093e-07
7.68917e-07, 2.87208e-07
7.66558e-07, 2.86326e-07
7.64207e-07, 2.85446e-07
7.61862e-07, 2.8457e-07
7.59526e-07, 2.83696e-07
7.57197e-07, 2.82825e-07
7.54875e-07, 2.81957e-07
7.5256e-07, 2.81091e-07
7.50253e-07, 2.80228e-07
7.47954e-07, 2.79368e-07
7.45661e-07, 2.78511e-07
7.43376e-07, 2.77657e-07
7.41099e-07, 2.76805e-07
7.38828e-07, 2.75956e-07
7.36565e-07, 2.7511e-07
7.34309e-07, 2.74266e-07
7.3206e-07, 2.73425e-07
7.29818e-07, 2.72587e-07
7.27583e-07, 2.71751e-07
7.25356e-07, 2.70918e-07
7.23135e-07, 2.70088e-07
7.20922e-07, 2.6926e-07
7.18715e-07, 2.68435e-07
7.16516e-07, 2.67613e-07
7.14324e-07, 2.66793e-07
7.12138e-07, 2.65976e-07
7.0996e-07, 2.65161e-07
7.07788e-07, 2.64349e-07
7.05623e-07, 2.6354e-07
7.03466e-07, 2.62733e-07
7.01315e-07, 2.61929e-07
6.9917e-07, 2.61127e-07
6.97033e-07, 2.60328e-07
6.94902e-07, 2.59531e-07
6.92779e-07, 2.58737e-07
6.90661e-07, 2.57945e-07
6.88551e-07, 2.57156e-07
6.86447e-07, 2.5637e-07
6.8435e-07, 2.55586e-07
6.8226e-07, 2.54804e-07
6.80176e-07, 2.54025e-07
6.78099e-07, 2.53248e-07
6.76028e-07, 2.52474e-07
6.73964e-07, 2.51702e-07
6.71906e-07, 2.50933e-07
6.69855e-07, 2.50166e-07
6.67811e-07, 2.49402e-07
6.65773e-07, 2.4864e-07
6.63741e-07, 2.4788e-07
6.61716e-07, 2.47123e-07
6.59697e-07, 2.46368e-07
6.57684e-07, 2.45616e-07
6.55678e-07, 2.44866e-07
6.53678e-07, 2.44118e-07
6.51685e-07, 2.43373e-07
6.49698e-07, 2.4263e-07
6.47717e-07, 2.4189e-07
6.45742e-07, 2.41151e-07
6.43774e-07, 2.40416e-07
6.41811e-07, 2.39682e-07
6.39855e-07, 2.38951e-07
6.37905e-07, 2.38222e-07
6.35962e-07, 2.37495e-07
6.34024e-07, 2.36771e-07
6.32093e-07, 2.36049e-07
6.30167e-07, 2.35329e-07
6.28248e-07, 2.34611e-07
6.26334e-07, 2.33896e-07
6.24427e-07, 2.33183e-07
6.22526e-07, 2.32472e-07
6.2063e-07, 2.31764e-07
6.18741e-07, 2.31058e-07
6.16858e-07, 2.30354e-07
6.1498e-07, 2.29652e-07
6.13109e-07, 2.28952e-07
6.11243e-07, 2.28255e-07
6.09383e-07, 2.2756e-07
6.07529e-07, 2.26867e-07
6.05681e-07, 2.26176e-07
6.03839e-07, 2.25487e-07
6.02002e-07, 2.24801e-07
6.00171e-07, 2.24116e-07
5.98346e-07, 2.23434e-07
5.96527e-07, 2.22754e-07
5.94713e-07, 2.22076e-07
5.92905e-07, 2.214e-07
5.91103e-07, 2.20727e-07
5.89307e-07, 2.20055e-07
5.87516e-07, 2.19386e-07
5.8573e-07, 2.18718e-07
5.83951e-07, 2.18053e-07
5.82176e-07, 2.1739e-07
5.80408e-07, 2.16729e-07
5.78645e-07, 2.1607e-07
5.76887e-07, 2.15413e-07
5.75135e-07, 2.14758e-07
5.73389e-07, 2.14105e-07
5.71648e-07, 2.13455e-07
5.69912e-07, 2.12806e-07
5.68182e-07, 2.12159e-07
5.66457e-07, 2.11515e-07
5.64738e-07, 2.10872e-07
5.63024e-07, 2.10231e-07
5.61315e-07, 2.09593e-07
5.59612e-07, 2.08956e-07
5.57914e-07, 2.08322e-07
5.56221e-07, 2.07689e-07
5.54534e-07, 2.07058e-07
5.52852e-07, 2.0643e-07
5.51175e-07, 2.05803e-07
5.49504e-07, 2.05178e-07
5.47837e-07, 2.04556e-07
5.46176e-07, 2.03935e-07
5.4452e-07, 2.03316e-07
5.42869e-07, 2.02699e-07
5.41224e-07, 2.02084e-07
5.39583e-07, 2.01471e-07
5.37948e-07, 2.0086e-07
5.36318e-07, 2.0025e-07
5.34693e-07, 1.99643e-07
5.33072e-07, 1.99038e-07
5.31457e-07, 1.98434e-07
5.29847e-07, 1.97832e-07
5.28242e-07, 1.97233e-07
5.26642e-07, 1.96635e-07
5.25047e-07, 1.96039e-07
5.23457e-07, 1.95444e-07
5.21872e-07, 1.94852e-07
5.20292e-07, 1.94262e-07
5.18717e-07, 1.93673e-07
5.17147e-07, 1.93086e-07
5.15581e-07, 1.92501e-07
5.14021e-07, 1.91918e-07
5.12465e-07, 1.91337e-07
5.10914e-07, 1.90757e-07
5.09368e-07, 1.90179e-07
5.07827e-07, 1.89603e-07
5.06291e-07, 1.89029e-07
5.04759e-07, 1.88457e-07
5.03232e-07, 1.87886e-07
5.0171e-07, 1.87318e-07
5.00193e-07, 1.86751e-07
4.9868e-07, 1.86185e-07
4.97172e-07, 1.85622e-07
4.95669e-07, 1.8506e-07
4.9417e-07, 1.845e-07
4.92677e-07, 1.83942e-07
4.91187e-07, 1.83386e-07
4.89703e-07, 1.82831e-07
4.88223e-07, 1.82278e-07
4.86747e-07, 1.81726e-07
4.85276e-07, 1.81177e-07
4.8381e-07, 1.80629e-07
4.82348e-07, 1.80083e-07
4.80891e-07, 1.79538e-07
4.79438e-07, 1.78995e-07
4.7799e-07, 1.78454e-07
4.76546e-07, 1.77915e-07
4.75107e-07, 1.77377e-07
4.73673e-07, 1.76841e-07
4.72242e-07, 1.76307e-07
4.70816e-07, 1.75774e-07
4.69395e-07, 1.75243e-07
4.67978e-07, 1.74713e-07
4.66565e-07, 1.74185e-07
4.65157e-07, 1.73659e-07
4.63753e-07, 1.73135e-07
4.62354e-07, 1.72612e-07
4.60958e-07, 1.72091e-07
4.59567e-07, 1.71571e-07
4.58181e-07, 1.71053e-07
4.56799e-07, 1.70536e-07
4.55421e-07, 1.70021e-07
4.54047e-07, 1.69508e-07
4.52677e-07, 1.68996e-07
4.51312e-07, 1.68486e-07
4.49951e-07, 1.67978e-07
4.48594e-07, 1.67471e-07
4.47242e-07, 1.66966e-07
4.45893e-07, 1.66462e-07
4.44549e-07, 1.6596e-07
4.43209e-07, 1.65459e-07
4.41873e-07, 1.6496e-07
4.40541e-07, 1.64462e-07
4.39213e-07, 1.63966e-07
4.37889e-07, 1.63472e-07
4.3657e-07, 1.62979e-07
4.35254e-07, 1.62487e-07
4.33943e-07, 1.61997e-07
4.32636e-07, 1.61509e-07
4.31332e-07, 1.61022e-07
4.30033e-07, 1.60536e-07
4.28738e-07, 1.60053e-07
4.27447e-07, 1.5957e-07
4.26159e-07, 1.59089e-07
4.24876e-07, 1.5861e-07
4.23597e-07, 1.58132e-07
4.22321e-07, 1.57655e-07
4.2105e-07, 1.5718e-07
4.19782e-07, 1.56707e-07
4.18518e-07, 1.56235e-07
4.17259e-07, 1.55764e-07
4.16003e-07, 1.55295e-07
4.14751e-07, 1.54827e-07
4.13503e-07, 1.54361e-07
4.12258e-07, 1.53896e-07
4.11018e-07, 1.53433e-07
4.09781e-07, 1.52971e-07
4.08548e-07, 1.5251e-07
4.07319e-07, 1.52051e-07
4.06094e-07, 1.51593e-07
4.04873e-07, 1.51137e-07
4.03655e-07, 1.50682e-07
4.02441e-07, 1.50229e-07
4.01231e-07, 1.49777e-07
4.00024e-07, 1.49326e-07
3.98821e-07, 1.48877e-07
3.97622e-07, 1.48429e-07
3.96427e-07, 1.47982e-07
3.95235e-07, 1.47537e-07
3.94047e-07, 1.47093e-07
3.92863e-07, 1.46651e-07
3.91682e-07, 1.4621e-07
3.90505e-07, 1.4577e-07
3.89331e-07, 1.45332e-07
3.88161e-07, 1.44895e-07
3.86995e-07, 1.44459e-07
3.85832e-07, 1.44025e-07
3.84673e-07, 1.43592e-07
3.83518e-07, 1.4316e-07
3.82366e-07, 1.4273e-07
3.81217e-07, 1.42301e-07
3.80072e-07, 1.41873e-07
3.78931e-07, 1.41447e-07
3.77793e-07, 1.41021e-07
3.76658e-07, 1.40598e-07
3.75527e-07, 1.40175e-07
3.744e-07, 1.39754e-07
3.73276e-07, 1.39334e-07
3.72155e-07, 1.38916e-07
3.71038e-07, 1.38498e-07
3.69924e-07, 1.38082e-07
3.68814e-07, 1.37668e-07
3.67707e-07, 1.37254e-07
3.66603e-07, 1.36842e-07
3.65503e-07, 1.36431e-07
3.64407e-07, 1.36021e-07
3.63313e-07, 1.35613e-07
3.62223e-07, 1.35206e-07
3.61136e-07, 1.348e-07
3.60053e-07, 1.34395e-07
3.58973e-07, 1.33992e-07
3.57896e-07, 1.3359e-07
3.56823e-07, 1.33189e-07
3.55753e-07, 1.32789e-07
3.54686e-07, 1.32391e-07
3.53622e-07, 1.31993e-07
3.52562e-07, 1.31597e-07
3.51505e-07, 1.31203e-07
3.50451e-07, 1.30809e-07
3.494e-07, 1.30416e-07
3.48353e-07, 1.30025e-07
3.47308e-07, 1.29635e-07
3.46267e-07, 1.29246e-07
3.4523e-07, 1.28859e-07
3.44195e-07, 1.28472e-07
3.43163e-07, 1.28087e-07
3.42135e-07, 1.27703e-07
3.4111e-07, 1.2732e-07
3.40088e-07, 1.26938e-07
3.39069e-07, 1.26558e-07
3.38053e-07, 1.26178e-07
3.3704e-07, 1.258e-07
3.36031e-07, 1.25423e-07
3.35024e-07, 1.25047e-07
3.34021e-07, 1.24672e-07
3.3302e-07, 1.24299e-07
3.32023e-07, 1.23926e-07
3.31028e-07, 1.23555e-07
3.30037e-07, 1.23185e-07
3.29049e-07, 1.22816e-07
3.28064e-07, 1.22448e-07
3.27081e-07, 1.22081e-07
3.26102e-07, 1.21715e-07
3.25126e-07, 1.21351e-07
3.24153e-07, 1.20987e-07
3.23183e-07, 1.20625e-07
3.22215e-07, 1.20264e-07
3.21251e-07, 1.19903e-07
3.20289e-07, 1.19544e-07
3.19331e-07, 1.19186e-07
3.18375e-07, 1.1883e-07
3.17423e-07, 1.18474e-07
3.16473e-07, 1.18119e-07
3.15526e-07, 1.17765e-07
3.14582e-07, 1.17413e-07
3.13641e-07, 1.17061e-07
3.12703e-07, 1.16711e-07
3.11767e-07, 1.16362e-07
3.10835e-07, 1.16014e-07
3.09905e-07, 1.15666e-07
3.08978e-07, 1.1532e-07
3.08054e-07, 1.14975e-07
3.07133e-07, 1.14631e-07
3.06215e-07, 1.14288e-07
3.05299e-07, 1.13946e-07
3.04387e-07, 1.13605e-07
3.03476e-07, 1.13266e-07
3.02569e-07, 1.12927e-07
3.01665e-07, 1.12589e-07
3.00763e-07, 1.12252e-07
2.99864e-07, 1.11917e-07
2.98968e-07, 1.11582e-07
2.98074e-07, 1.11248e-07
2.97183e-07, 1.10916e-07
2.96295e-07, 1.10584e-07
2.9541e-07, 1.10253e-07
2.94527e-07, 1.09924e-07
2.93647e-07, 1.09595e-07
2.9277e-07, 1.09267e-07
2.91895e-07, 1.08941e-07
2.91023e-07, 1.08615e-07
2.90154e-07, 1.08291e-07
2.89287e-07, 1.07967e-07
2.88423e-07, 1.07644e-07
2.87562e-07, 1.07323e-07
2.86703e-07, 1.07002e-07
2.85847e-07, 1.06682e-07
2.84993e-07, 1.06363e-07
2.84142e-07, 1.06046e-07
2.83293e-07, 1.05729e-07
2.82448e-07, 1.05413e-07
2.81604e-07, 1.05098e-07
2.80764e-07, 1.04784e-07
2.79925e-07, 1.04471e-07
2.7909e-07, 1.04159e-07
2.78257e-07, 1.03848e-07
2.77426e-07, 1.03538e-07
2.76598e-07, 1.03229e-07
2.75773e-07, 1.0292e-07
2.7495e-07, 1.02613e-07
2.74129e-07, 1.02307e-07
2.73311e-07, 1.02001e-07
2.72495e-07, 1.01697e-07
2.71682e-07, 1.01393e-07
2.70872e-07, 1.01091e-07
2.70064e-07, 1.00789e-07
2.69258e-07, 1.00488e-07
2.68455e-07, 1.00188e-07
2.67654e-07, 9.9889e-08
2.66855e-07, 9.95909e-08
2.66059e-07, 9.92936e-08
2.65266e-07, 9.89973e-08
2.64475e-07, 9.87019e-08
2.63686e-07, 9.84074e-08
2.629e-07, 9.81138e-08
2.62116e-07, 9.78211e-08
2.61334e-07, 9.75293e-08
2.60555e-07, 9.72383e-08
2.59778e-07, 9.69482e-08
2.59003e-07, 9.6659e-08
2.58231e-07, 9.63707e-08
2.57461e-07, 9.60833e-08
2.56694e-07, 9.57967e-08
2.55929e-07, 9.5511e-08
2.55166e-07, 9.52262e-08
2.54405e-07, 9.49422e-08
2.53647e-07, 9.46591e-08
2.52891e-07, 9.43769e-08
2.52137e-07, 9.40955e-08
2.51386e-07, 9.38149e-08
2.50637e-07, 9.35352e-08
2.4989e-07, 9.32564e-08
2.49145e-07, 9.29784e-08
2.48403e-07, 9.27012e-08
2.47663e-07, 9.24249e-08
2.46925e-07, 9.21494e-08
2.4619e-07, 9.18748e-08
2.45456e-07, 9.1601e-08
2.44725e-07, 9.1328e-08
2.43996e-07, 9.10558e-08
2.43269e-07, 9.07845e-08
2.42545e-07, 9.0514e-08
2.41822e-07, 9.02443e-08
2.41102e-07, 8.99754e-08
2.40384e-07, 8.97073e-08
2.39668e-07, 8.94401e-08
2.38955e-07, 8.91736e-08
2.38243e-07, 8.8908e-08
2.37534e-07, 8.86431e-08
2.36827e-07, 8.83791e-08
2.36122e-07, 8.81159e-08
2.35419e-07, 8.78534e-08
2.34718e-07, 8.75918e-08
2.34019e-07, 8.73309e-08
2.33323e-07, 8.70708e-08
2.32628e-07, 8.68116e-08
2.31936e-07, 8.65531e-08
2.31245e-07, 8.62953e-08
2.30557e-07, 8.60384e-08
2.29871e-07, 8.57822e-08
2.29187e-07, 8.55268e-08
2.28505e-07, 8.52722e-08
2.27825e-07, 8.50184e-08
2.27147e-07, 8.47653e-08
2.26471e-07, 8.4513e-08
2.25797e-07, 8.42614e-08
2.25126e-07, 8.40106e-08
2.24456e-07, 8.37606e-08
2.23788e-07, 8.35113e-08
2.23122e-07, 8.32628e-08
2.22459e-07, 8.3015e-08
2.21797e-07, 8.2768e-08
2.21137e-07, 8.25217e-08
2.2048e-07, 8.22761e-08
2.19824e-07, 8.20313e-08
2.1917e-07, 8.17873e-08
2.18518e-07, 8.15439e-08
2.17869e-07, 8.13014e-08
2.17221e-07, 8.10595e-08
2.16575e-07, 8.08184e-08
2.15931e-07, 8.0578e-08
2.15289e-07, 8.03383e-08
2.14649e-07, 8.00993e-08
2.14011e-07, 7.98611e-08
2.13374e-07, 7.96236e-08
2.1274e-07, 7.93868e-08
2.12108e-07, 7.91507e-08
2.11477e-07, 7.89153e-08
2.10849e-07, 7.86807e-08
2.10222e-07, 7.84467e-08
2.09597e-07, 7.82135e-08
2.08974e-07, 7.79809e-08
2.08353e-07, 7.77491e-08
2.07734e-07, 7.75179e-08
2.07117e-07, 7.72875e-08
2.06501e-07, 7.70577e-08
2.05887e-07, 7.68287e-08
2.05276e-07, 7.66003e-08
2.04666e-07, 7.63726e-08
2.04058e-07, 7.61456e-08
2.03451e-07, 7.59193e-08
2.02847e-07, 7.56936e-08
2.02244e-07, 7.54687e-08
2.01644e-07, 7.52444e-08
2.01045e-07, 7.50208e-08
2.00447e-07, 7.47979e-08
1.99852e-07, 7.45756e-08
1.99258e-07, 7.4354e-08
1.98667e-07, 7.41331e-08
1.98077e-07, 7.39129e-08
1.97488e-07, 7.36933e-08
1.96902e-07, 7.34743e-08
1.96317e-07, 7.32561e-08
1.95734e-07, 7.30384e-08
1.95153e-07, 7.28215e-08
1.94574e-07, 7.26052e-08
1.93996e-07, 7.23895e-08
1.9342e-07, 7.21745e-08
1.92846e-07, 7.19601e-08
1.92273e-07, 7.17464e-08
1.91702e-07, 7.15333e-08
1.91133e-07, 7.13209e-08
1.90566e-07, 7.11091e-08
1.9e-07, 7.0898e-08
1.89436e-07, 7.06874e-08
1.88874e-07, 7.04775e-08
1.88313e-07, 7.02683e-08
1.87754e-07, 7.00597e-08
1.87197e-07, 6.98517e-08
1.86642e-07, 6.96443e-08
1.86088e-07, 6.94375e-08
1.85535e-07, 6.92314e-08
1.84985e-07, 6.90259e-08
1.84436e-07, 6.8821e-08
1.83889e-07, 6.86167e-08
1.83343e-07, 6.8413e-08
1.82799e-07, 6.821e-08
1.82257e-07, 6.80075e-08
1.81716e-07, 6.78057e-08
1.81177e-07, 6.76045e-08
1.80639e-07, 6.74038e-08
1.80104e-07, 6.72038e-08
1.79569e-07, 6.70044e-08
1.79037e-07, 6.68056e-08
1.78506e-07, 6.66073e-08
1.77976e-07, 6.64097e-08
1.77448e-07, 6.62127e-08
1.76922e-07, 6.60162e-08
1.76397e-07, 6.58204e-08
1.75874e-07, 6.56251e-08
1.75353e-07, 6.54304e-08
1.74833e-07, 6.52363e-08
1.74314e-07, 6.50428e-08
1.73797e-07, 6.48499e-08
1.73282e-07, 6.46575e-08
1.72768e-07, 6.44657e-08
1.72256e-07, 6.42745e-08
1.71745e-07, 6.40839e-08
1.71236e-07, 6.38938e-08
1.70728e-07, 6.37044e-08
1.70222e-07, 6.35154e-08
1.69718e-07, 6.33271e-08
1.69214e-07, 6.31393e-08
1.68713e-07, 6.29521e-08
1.68213e-07, 6.27654e-08
1.67714e-07, 6.25793e-08
1.67217e-07, 6.23938e-08
1.66721e-07, 6.22088e-08
1.66227e-07, 6.20243e-08
1.65735e-07, 6.18405e-08
1.65244e-07, 6.16571e-08
1.64754e-07, 6.14744e-08
1.64266e-07, 6.12921e-08
1.63779e-07, 6.11104e-08
1.63294e-07, 6.09293e-08
1.6281e-07, 6.07487e-08
1.62327e-07, 6.05686e-08
1.61846e-07, 6.03891e-08
1.61367e-07, 6.02101e-08
1.60889e-07, 6.00317e-08
1.60412e-07, 5.98538e-08
1.59937e-07, 5.96764e-08
1.59463e-07, 5.94996e-08
1.58991e-07, 5.93233e-08
1.5852e-07, 5.91475e-08
1.5805e-07, 5.89722e-08
1.57582e-07, 5.87975e-08
1.57115e-07, 5.86233e-08
1.5665e-07, 5.84496e-08
1.56186e-07, 5.82764e-08
1.55723e-07, 5.81037e-08
1.55262e-07, 5.79316e-08
1.54802e-07, 5.776e-08
1.54344e-07, 5.75889e-08
1.53887e-07, 5.74183e-08
1.53431e-07, 5.72482e-08
1.52977e-07, 5.70786e-08
1.52524e-07, 5.69096e-08
1.52072e-07, 5.6741e-08
1.51622e-07, 5.65729e-08
1.51173e-07, 5.64054e-08
1.50725e-07, 5.62383e-08
1.50279e-07, 5.60718e-08
1.49834e-07, 5.59057e-08
1.49391e-07, 5.57402e-08
1.48948e-07, 5.55751e-08
1.48507e-07, 5.54105e-08
1.48068e-07, 5.52465e-08
1.47629e-07, 5.50829e-08
1.47192e-07, 5.49198e-08
1.46757e-07, 5.47572e-08
1.46322e-07, 5.45951e-08
1.45889e-07, 5.44334e-08
1.45458e-07, 5.42723e-08
1.45027e-07, 5.41116e-08
1.44598e-07, 5.39514e-08
1.4417e-07, 5.37917e-08
1.43743e-07, 5.36325e-08
1.43318e-07, 5.34737e-08
1.42894e-07, 5.33154e-08
1.42471e-07, 5.31576e-08
1.42049e-07, 5.30003e-08
1.41629e-07, 5.28434e-08
1.4121e-07, 5.2687e-08
1.40792e-07, 5.25311e-08
1.40376e-07, 5.23756e-08
1.3996e-07, 5.22206e-08
1.39546e-07, 5.20661e-08
1.39133e-07, 5.1912e-08
1.38722e-07, 5.17584e-08
1.38311e-07, 5.16052e-08
1.37902e-07, 5.14525e-08
1.37494e-07, 5.13003e-08
1.37088e-07, 5.11485e-08
1.36682e-07, 5.09971e-08
1.36278e-07, 5.08462e-08
1.35875e-07, 5.06958e-08
1.35473e-07, 5.05458e-08
1.35072e-07, 5.03963e-08
1.34673e-07, 5.02472e-08
1.34274e-07, 5.00986e-08
1.33877e-07, 4.99504e-08
1.33481e-07, 4.98026e-08
1.33087e-07, 4.96553e-08
1.32693e-07, 4.95084e-08
1.32301e-07, 4.9362e-08
1.31909e-07, 4.9216e-08
1.31519e-07, 4.90704e-08
1.31131e-07, 4.89253e-08
1.30743e-07, 4.87806e-08
1.30356e-07, 4.86363e-08
1.29971e-07, 4.84925e-08
1.29587e-07, 4.8349e-08
1.29203e-07, 4.82061e-08
1.28821e-07, 4.80635e-08
1.28441e-07, 4.79214e-08
1.28061e-07, 4.77797e-08
1.27682e-07, 4.76384e-08
1.27305e-07, 4.74975e-08
1.26929e-07, 4.73571e-08
1.26553e-07, 4.72171e-08
1.26179e-07, 4.70775e-08
1.25806e-07, 4.69383e-08
1.25435e-07, 4.67995e-08
1.25064e-07, 4.66612e-08
1.24694e-07, 4.65232e-08
1.24326e-07, 4.63857e-08
1.23958e-07, 4.62486e-08
1.23592e-07, 4.61118e-08
1.23227e-07, 4.59755e-08
1.22862e-07, 4.58396e-08
1.22499e-07, 4.57041e-08
1.22137e-07, 4.55691e-08
1.21776e-07, 4.54344e-08
1.21417e-07, 4.53001e-08
1.21058e-07, 4.51662e-08
1.207e-07, 4.50327e-08
1.20344e-07, 4.48996e-08
1.19988e-07, 4.47669e-08
1.19633e-07, 4.46346e-08
1.1928e-07, 4.45027e-08
1.18928e-07, 4.43712e-08
1.18576e-07, 4.42401e-08
1.18226e-07, 4.41094e-08
1.17877e-07, 4.3979e-08
1.17528e-07, 4.38491e-08
1.17181e-07, 4.37195e-08
1.16835e-07, 4.35903e-08
1.1649e-07, 4.34615e-08
1.16146e-07, 4.33331e-08
1.15803e-07, 4.32051e-08
1.15461e-07, 4.30775e-08
1.1512e-07, 4.29502e-08
1.1478e-07, 4.28233e-08
1.14441e-07, 4.26968e-08
1.14103e-07, 4.25707e-08
1.13766e-07, 4.24449e-08
1.1343e-07, 4.23195e-08
1.13095e-07, 4.21945e-08
1.12761e-07, 4.20699e-08
1.12428e-07, 4.19456e-08
1.12096e-07, 4.18217e-08
1.11765e-07, 4.16982e-08
1.11435e-07, 4.1575e-08
1.11106e-07, 4.14522e-08
1.10778e-07, 4.13298e-08
1.10451e-07, 4.12078e-08
1.10124e-07, 4.10861e-08
1.09799e-07, 4.09647e-08
1.09475e-07, 4.08437e-08
1.09152e-07, 4.07231e-08
1.0883e-07, 4.06029e-08
1.08508e-07, 4.0483e-08
1.08188e-07, 4.03634e-08
1.07869e-07, 4.02443e-08
1.0755e-07, 4.01254e-08
1.07233e-07, 4.00069e-08
1.06916e-07, 3.98888e-08
1.066e-07, 3.9771e-08
1.06286e-07, 3.96536e-08
1.05972e-07, 3.95365e-08
1.05659e-07, 3.94198e-08
1.05347e-07, 3.93034e-08
1.05036e-07, 3.91874e-08
1.04726e-07, 3.90717e-08
1.04417e-07, 3.89564e-08
1.04109e-07, 3.88414e-08
1.03802e-07, 3.87267e-08
1.03496e-07, 3.86124e-08
1.0319e-07, 3.84984e-08
1.02886e-07, 3.83848e-08
1.02582e-07, 3.82715e-08
1.02279e-07, 3.81585e-08
1.01977e-07, 3.80459e-08
1.01676e-07, 3.79336e-08
1.01376e-07, 3.78216e-08
1.01077e-07, 3.771e-08
1.00779e-07, 3.75987e-08
1.00482e-07, 3.74877e-08
1.00185e-07, 3.73771e-08
9.98896e-08, 3.72668e-08
9.95949e-08, 3.71568e-08
9.93011e-08, 3.70472e-08
9.90081e-08, 3.69379e-08
9.8716e-08, 3.68289e-08
9.84247e-08, 3.67202e-08
9.81344e-08, 3.66118e-08
9.78449e-08, 3.65038e-08
9.75562e-08, 3.63961e-08
9.72684e-08, 3.62887e-08
9.69815e-08, 3.61816e-08
9.66954e-08, 3.60749e-08
9.64102e-08, 3.59684e-08
9.61258e-08, 3.58623e-08
9.58422e-08, 3.57565e-08
9.55595e-08, 3.5651e-08
9.52777e-08, 3.55458e-08
9.49966e-08, 3.5441e-08
9.47164e-08, 3.53364e-08
9.44371e-08, 3.52322e-08
9.41586e-08, 3.51282e-08
9.38809e-08, 3.50246e-08
9.3604e-08, 3.49213e-08
9.33279e-08, 3.48183e-08
9.30527e-08, 3.47156e-08
9.27783e-08, 3.46132e-08
9.25046e-08, 3.45111e-08
9.22319e-08, 3.44093e-08
9.19599e-08, 3.43078e-08
9.16887e-08, 3.42066e-08
9.14183e-08, 3.41057e-08
9.11487e-08, 3.40052e-08
9.088e-08, 3.39049e-08
9.0612e-08, 3.38049e-08
9.03448e-08, 3.37052e-08
9.00784e-08, 3.36058e-08
8.98128e-08, 3.35067e-08
8.9548e-08, 3.34079e-08
8.9284e-08, 3.33093e-08
8.90208e-08, 3.32111e-08
8.87583e-08, 3.31132e-08
8.84966e-08, 3.30155e-08
8.82357e-08, 3.29182e-08
8.79756e-08, 3.28211e-08
8.77163e-08, 3.27243e-08
8.74577e-08, 3.26279e-08
8.71999e-08, 3.25317e-08
8.69428e-08, 3.24357e-08
8.66865e-08, 3.23401e-08
8.6431e-08, 3.22448e-08
8.61762e-08, 3.21497e-08
8.59222e-08, 3.20549e-08
8.56689e-08, 3.19604e-08
8.54164e-08, 3.18662e-08
8.51646e-08, 3.17722e-08
8.49136e-08, 3.16786e-08
8.46633e-08, 3.15852e-08
8.44138e-08, 3.14921e-08
8.4165e-08, 3.13992e-08
8.3917e-08, 3.13067e-08
8.36696e-08, 3.12144e-08
8.3423e-08, 3.11224e-08
8.31772e-08, 3.10307e-08
8.29321e-08, 3.09392e-08
8.26877e-08, 3.0848e-08
8.2444e-08, 3.07571e-08
8.2201e-08, 3.06664e-08
8.19588e-08, 3.0576e-08
8.17173e-08, 3.04859e-08
8.14765e-08, 3.03961e-08
8.12364e-08, 3.03065e-08
8.0997e-08, 3.02172e-08
8.07583e-08, 3.01281e-08
8.05204e-08, 3.00393e-08
8.02831e-08, 2.99508e-08
8.00466e-08, 2.98625e-08
7.98107e-08, 2.97745e-08
7.95756e-08, 2.96868e-08
7.93411e-08, 2.95993e-08
7.91074e-08, 2.95121e-08
7.88743e-08, 2.94251e-08
7.86419e-08, 2.93384e-08
7.84102e-08, 2.9252e-08
7.81792e-08, 2.91658e-08
7.79489e-08, 2.90798e-08
7.77193e-08, 2.89942e-08
7.74903e-08, 2.89087e-08
7.7262e-08, 2.88236e-08
7.70344e-08, 2.87386e-08
7.68075e-08, 2.8654e-08
7.65813e-08, 2.85695e-08
7.63557e-08, 2.84854e-08
7.61308e-08, 2.84015e-08
7.59065e-08, 2.83178e-08
7.56829e-08, 2.82344e-08
7.546e-08, 2.81512e-08
7.52377e-08, 2.80682e-08
7.50161e-08, 2.79856e-08
7.47952e-08, 2.79031e-08
7.45749e-08, 2.78209e-08
7.43552e-08, 2.7739e-08
7.41362e-08, 2.76573e-08
7.39179e-08, 2.75758e-08
7.37002e-08, 2.74946e-08
7.34831e-08, 2.74136e-08
7.32667e-08, 2.73328e-08
7.3051e-08, 2.72523e-08
7.28358e-08, 2.71721e-08
7.26213e-08, 2.7092e-08
7.24075e-08, 2.70122e-08
7.21942e-08, 2.69327e-08
7.19816e-08, 2.68533e-08
7.17697e-08, 2.67743e-08
7.15583e-08, 2.66954e-08
7.13476e-08, 2.66168e-08
7.11375e-08, 2.65384e-08
7.09281e-08, 2.64602e-08
7.07192e-08, 2.63823e-08
7.0511e-08, 2.63046e-08
7.03034e-08, 2.62272e-08
7.00964e-08, 2.61499e-08
6.989e-08, 2.60729e-08
6.96842e-08, 2.59961e-08
6.9479e-08, 2.59196e-08
6.92745e-08, 2.58433e-08
6.90705e-08, 2.57672e-08
6.88672e-08, 2.56913e-08
6.86644e-08, 2.56156e-08
6.84623e-08, 2.55402e-08
6.82607e-08, 2.5465e-08
6.80598e-08, 2.539e-08
6.78594e-08, 2.53153e-08
6.76596e-08, 2.52407e-08
6.74605e-08, 2.51664e-08
6.72619e-08, 2.50923e-08
6.70639e-08, 2.50185e-08
6.68664e-08, 2.49448e-08
6.66696e-08, 2.48714e-08
6.64734e-08, 2.47981e-08
6.62777e-08, 2.47251e-08
6.60826e-08, 2.46523e-08
6.58881e-08, 2.45798e-08
6.56941e-08, 2.45074e-08
6.55008e-08, 2.44353e-08
6.5308e-08, 2.43633e-08
6.51158e-08, 2.42916e-08
6.49241e-08, 2.42201e-08
6.4733e-08, 2.41488e-08
6.45425e-08, 2.40777e-08
6.43525e-08, 2.40069e-08
6.41631e-08, 2.39362e-08
6.39743e-08, 2.38657e-08
6.3786e-08, 2.37955e-08
6.35983e-08, 2.37254e-08
6.34111e-08, 2.36556e-08
6.32245e-08, 2.3586e-08
6.30384e-08, 2.35166e-08
6.28529e-08, 2.34474e-08
6.2668e-08, 2.33783e-08
6.24835e-08, 2.33095e-08
6.22997e-08, 2.32409e-08
6.21163e-08, 2.31725e-08
6.19336e-08, 2.31043e-08
6.17513e-08, 2.30363e-08
6.15696e-08, 2.29685e-08
6.13884e-08, 2.29009e-08
6.12078e-08, 2.28336e-08
6.10277e-08, 2.27664e-08
6.08481e-08, 2.26994e-08
6.06691e-08, 2.26326e-08
6.04906e-08, 2.2566e-08
6.03126e-08, 2.24996e-08
6.01351e-08, 2.24333e-08
5.99582e-08, 2.23673e-08
5.97818e-08, 2.23015e-08
5.96059e-08, 2.22359e-08
5.94305e-08, 2.21705e-08
5.92557e-08, 2.21052e-08
5.90813e-08, 2.20402e-08
5.89075e-08, 2.19753e-08
5.87342e-08, 2.19107e-08
5.85614e-08, 2.18462e-08
5.83891e-08, 2.17819e-08
5.82174e-08, 2.17178e-08
5.80461e-08, 2.16539e-08
5.78753e-08, 2.15902e-08
5.77051e-08, 2.15267e-08
5.75353e-08, 2.14634e-08
5.73661e-08, 2.14002e-08
5.71973e-08, 2.13373e-08
5.70291e-08, 2.12745e-08
5.68613e-08, 2.12119e-08
5.66941e-08, 2.11495e-08
5.65273e-08, 2.10873e-08
5.6361e-08, 2.10252e-08
5.61952e-08, 2.09634e-08
5.60299e-08, 2.09017e-08
5.58651e-08, 2.08402e-08
5.57008e-08, 2.07789e-08
5.5537e-08, 2.07178e-08
5.53736e-08, 2.06569e-08
5.52108e-08, 2.05961e-08
5.50484e-08, 2.05355e-08
5.48865e-08, 2.04751e-08
5.4725e-08, 2.04149e-08
5.45641e-08, 2.03548e-08
5.44036e-08, 2.0295e-08
5.42436e-08, 2.02353e-08
5.40841e-08, 2.01757e-08
5.3925e-08, 2.01164e-08
5.37664e-08, 2.00572e-08
5.36083e-08, 1.99982e-08
5.34507e-08, 1.99394e-08
5.32935e-08, 1.98808e-08
