4.13519 3.61429 3.16133 2.76745 2.42495 2.12712 1.86814 1.64294 1.44712 1.27683 1.12876 1 0.888036 0.777479 0.669721 0.566116 0.467968 0.37651 0.292893 0.218169 0.153276 0.0990311 0.0561167 0.0250721 0.00628779 0 0.00628779 0.0250721 0.0561167 0.0990311 0.153276 0.218169 0.292893 0.37651 0.467968 0.566116 0.669721 0.777479 0.888036 1 1.12876 1.27683 1.44712 1.64294 1.86814 2.12712 2.42495 2.76745 3.16133 3.61429 4.13519 
4.13519 3.61781 3.16566 2.77023 2.42411 2.12088 1.85495 1.62145 1.41614 1.23535 1.07589 0.935052 0.8106 0.687932 0.568555 0.453933 0.345475 0.244512 0.152285 0.0699255 -0.0015533 -0.0612735 -0.108501 -0.142656 -0.163319 -0.170234 -0.163319 -0.142656 -0.108501 -0.0612735 -0.0015533 0.0699255 0.152285 0.244512 0.345475 0.453933 0.568555 0.687932 0.8106 0.935052 1.07589 1.23535 1.41614 1.62145 1.85495 2.12088 2.42411 2.77023 3.16566 3.61781 4.13519 
4.13519 3.62134 3.16999 2.773 2.42327 2.11464 1.84176 1.59995 1.38516 1.19388 1.02301 0.870104 0.733164 0.598385 0.467389 0.34175 0.222982 0.112514 0.0116761 -0.0783175 -0.156382 -0.221578 -0.273119 -0.310385 -0.332925 -0.340469 -0.332925 -0.310385 -0.273119 -0.221578 -0.156382 -0.0783175 0.0116761 0.112514 0.222982 0.34175 0.467389 0.598385 0.733164 0.870104 1.02301 1.19388 1.38516 1.59995 1.84176 2.11464 2.42327 2.773 3.16999 3.62134 4.13519 
4.13519 3.62486 3.17432 2.77577 2.42243 2.10841 1.82856 1.57845 1.35419 1.1524 0.970137 0.805156 0.655728 0.508838 0.366222 0.229567 0.100489 -0.0194839 -0.128932 -0.22656 -0.311211 -0.381883 -0.437737 -0.478113 -0.502531 -0.510703 -0.502531 -0.478113 -0.437737 -0.381883 -0.311211 -0.22656 -0.128932 -0.0194839 0.100489 0.229567 0.366222 0.508838 0.655728 0.805156 0.970137 1.1524 1.35419 1.57845 1.82856 2.10841 2.42243 2.77577 3.17432 3.62486 4.13519 
4.13519 3.62838 3.17865 2.77854 2.42159 2.10217 1.81537 1.55695 1.32321 1.11092 0.917263 0.740208 0.578292 0.419291 0.265056 0.117384 -0.0220034 -0.151482 -0.269541 -0.374803 -0.466041 -0.542188 -0.602355 -0.645841 -0.672138 -0.680937 -0.672138 -0.645841 -0.602355 -0.542188 -0.466041 -0.374803 -0.269541 -0.151482 -0.0220034 0.117384 0.265056 0.419291 0.578292 0.740208 0.917263 1.11092 1.32321 1.55695 1.81537 2.10217 2.42159 2.77854 3.17865 3.62838 4.13519 
4.13519 3.63191 3.18298 2.78131 2.42075 2.09593 1.80218 1.53546 1.29223 1.06944 0.864389 0.67526 0.500856 0.329744 0.16389 0.00520142 -0.144496 -0.28348 -0.41015 -0.523046 -0.62087 -0.702492 -0.766973 -0.81357 -0.841744 -0.851172 -0.841744 -0.81357 -0.766973 -0.702492 -0.62087 -0.523046 -0.41015 -0.28348 -0.144496 0.00520142 0.16389 0.329744 0.500856 0.67526 0.864389 1.06944 1.29223 1.53546 1.80218 2.09593 2.42075 2.78131 3.18298 3.63191 4.13519 
4.13519 3.63543 3.18731 2.78409 2.41991 2.08969 1.78899 1.51396 1.26126 1.02797 0.811515 0.610312 0.42342 0.240197 0.0627238 -0.106982 -0.266989 -0.415478 -0.550758 -0.671289 -0.775699 -0.862797 -0.931591 -0.981298 -1.01135 -1.02141 -1.01135 -0.981298 -0.931591 -0.862797 -0.775699 -0.671289 -0.550758 -0.415478 -0.266989 -0.106982 0.0627238 0.240197 0.42342 0.610312 0.811515 1.02797 1.26126 1.51396 1.78899 2.08969 2.41991 2.78409 3.18731 3.63543 4.13519 
4.13519 3.63895 3.19164 2.78686 2.41907 2.08345 1.77579 1.49246 1.23028 0.986489 0.758641 0.545364 0.345984 0.15065 -0.0384424 -0.219165 -0.389482 -0.547476 -0.691367 -0.819532 -0.930528 -1.0231 -1.09621 -1.14903 -1.18096 -1.19164 -1.18096 -1.14903 -1.09621 -1.0231 -0.930528 -0.819532 -0.691367 -0.547476 -0.389482 -0.219165 -0.0384424 0.15065 0.345984 0.545364 0.758641 0.986489 1.23028 1.49246 1.77579 2.08345 2.41907 2.78686 3.19164 3.63895 4.13519 
4.13519 3.64248 3.19597 2.78963 2.41823 2.07721 1.7626 1.47097 1.1993 0.945011 0.705767 0.480416 0.268549 0.0611028 -0.139609 -0.331347 -0.511975 -0.679474 -0.831975 -0.967775 -1.08536 -1.18341 -1.26083 -1.31675 -1.35056 -1.36187 -1.35056 -1.31675 -1.26083 -1.18341 -1.08536 -0.967775 -0.831975 -0.679474 -0.511975 -0.331347 -0.139609 0.0611028 0.268549 0.480416 0.705767 0.945011 1.1993 1.47097 1.7626 2.07721 2.41823 2.78963 3.19597 3.64248 4.13519 
4.13519 3.646 3.2003 2.7924 2.41739 2.07097 1.74941 1.44947 1.16833 0.903533 0.652893 0.415469 0.191113 -0.0284442 -0.240775 -0.44353 -0.634467 -0.811472 -0.972584 -1.11602 -1.24019 -1.34371 -1.42545 -1.48448 -1.52017 -1.53211 -1.52017 -1.48448 -1.42545 -1.34371 -1.24019 -1.11602 -0.972584 -0.811472 -0.634467 -0.44353 -0.240775 -0.0284442 0.191113 0.415469 0.652893 0.903533 1.16833 1.44947 1.74941 2.07097 2.41739 2.7924 3.2003 3.646 4.13519 
4.13519 3.64953 3.20463 2.79518 2.41655 2.06473 1.73622 1.42797 1.13735 0.862056 0.600019 0.350521 0.113677 -0.117991 -0.341941 -0.555713 -0.75696 -0.94347 -1.11319 -1.26426 -1.39502 -1.50402 -1.59006 -1.65221 -1.68978 -1.70234 -1.68978 -1.65221 -1.59006 -1.50402 -1.39502 -1.26426 -1.11319 -0.94347 -0.75696 -0.555713 -0.341941 -0.117991 0.113677 0.350521 0.600019 0.862056 1.13735 1.42797 1.73622 2.06473 2.41655 2.79518 3.20463 3.64953 4.13519 
4.13519 3.65305 3.20896 2.79795 2.41571 2.05849 1.72302 1.40647 1.10637 0.820578 0.547145 0.285573 0.0362409 -0.207538 -0.443107 -0.667896 -0.879453 -1.07547 -1.2538 -1.4125 -1.54984 -1.66432 -1.75468 -1.81994 -1.85938 -1.87258 -1.85938 -1.81994 -1.75468 -1.66432 -1.54984 -1.4125 -1.2538 -1.07547 -0.879453 -0.667896 -0.443107 -0.207538 0.0362409 0.285573 0.547145 0.820578 1.10637 1.40647 1.72302 2.05849 2.41571 2.79795 3.20896 3.65305 4.13519 
4.13519 3.65657 3.21329 2.80072 2.41487 2.05225 1.70983 1.38498 1.0754 0.779101 0.494271 0.220625 -0.0411949 -0.297085 -0.544273 -0.780079 -1.00195 -1.20747 -1.39441 -1.56075 -1.70467 -1.82462 -1.9193 -1.98767 -2.02899 -2.04281 -2.02899 -1.98767 -1.9193 -1.82462 -1.70467 -1.56075 -1.39441 -1.20747 -1.00195 -0.780079 -0.544273 -0.297085 -0.0411949 0.220625 0.494271 0.779101 1.0754 1.38498 1.70983 2.05225 2.41487 2.80072 3.21329 3.65657 4.13519 
4.13519 3.6601 3.21761 2.80349 2.41403 2.04601 1.69664 1.36348 1.04442 0.737623 0.441397 0.155677 -0.118631 -0.386632 -0.64544 -0.892262 -1.12444 -1.33946 -1.53502 -1.70899 -1.8595 -1.98493 -2.08392 -2.1554 -2.19859 -2.21305 -2.19859 -2.1554 -2.08392 -1.98493 -1.8595 -1.70899 -1.53502 -1.33946 -1.12444 -0.892262 -0.64544 -0.386632 -0.118631 0.155677 0.441397 0.737623 1.04442 1.36348 1.69664 2.04601 2.41403 2.80349 3.21761 3.6601 4.13519 
4.13519 3.66362 3.22194 2.80626 2.41319 2.03977 1.68344 1.34198 1.01344 0.696145 0.388523 0.0907288 -0.196067 -0.476179 -0.746606 -1.00445 -1.24693 -1.47146 -1.67563 -1.85723 -2.01433 -2.14523 -2.24854 -2.32312 -2.3682 -2.38328 -2.3682 -2.32312 -2.24854 -2.14523 -2.01433 -1.85723 -1.67563 -1.47146 -1.24693 -1.00445 -0.746606 -0.476179 -0.196067 0.0907288 0.388523 0.696145 1.01344 1.34198 1.68344 2.03977 2.41319 2.80626 3.22194 3.66362 4.13519 
4.13519 3.66714 3.22627 2.80904 2.41235 2.03353 1.67025 1.32049 0.982468 0.654668 0.335649 0.0257809 -0.273503 -0.565726 -0.847772 -1.11663 -1.36942 -1.60346 -1.81624 -2.00548 -2.16916 -2.30554 -2.41315 -2.49085 -2.53781 -2.55352 -2.53781 -2.49085 -2.41315 -2.30554 -2.16916 -2.00548 -1.81624 -1.60346 -1.36942 -1.11663 -0.847772 -0.565726 -0.273503 0.0257809 0.335649 0.654668 0.982468 1.32049 1.67025 2.03353 2.41235 2.80904 3.22627 3.66714 4.13519 
4.13519 3.67067 3.2306 2.81181 2.41151 2.02729 1.65706 1.29899 0.951491 0.61319 0.282775 -0.0391671 -0.350938 -0.655273 -0.948938 -1.22881 -1.49192 -1.73546 -1.95684 -2.15372 -2.32399 -2.46584 -2.57777 -2.65858 -2.70741 -2.72375 -2.70741 -2.65858 -2.57777 -2.46584 -2.32399 -2.15372 -1.95684 -1.73546 -1.49192 -1.22881 -0.948938 -0.655273 -0.350938 -0.0391671 0.282775 0.61319 0.951491 1.29899 1.65706 2.02729 2.41151 2.81181 3.2306 3.67067 4.13519 
4.13519 3.67419 3.23493 2.81458 2.41067 2.02105 1.64387 1.27749 0.920515 0.571712 0.229901 -0.104115 -0.428374 -0.74482 -1.0501 -1.34099 -1.61441 -1.86746 -2.09745 -2.30196 -2.47882 -2.62615 -2.74239 -2.82631 -2.87702 -2.89398 -2.87702 -2.82631 -2.74239 -2.62615 -2.47882 -2.30196 -2.09745 -1.86746 -1.61441 -1.34099 -1.0501 -0.74482 -0.428374 -0.104115 0.229901 0.571712 0.920515 1.27749 1.64387 2.02105 2.41067 2.81458 3.23493 3.67419 4.13519 
4.13519 3.67771 3.23926 2.81735 2.40983 2.01481 1.63067 1.25599 0.889538 0.530235 0.177027 -0.169063 -0.50581 -0.834367 -1.15127 -1.45318 -1.7369 -1.99945 -2.23806 -2.45021 -2.63365 -2.78645 -2.90701 -2.99404 -3.04663 -3.06422 -3.04663 -2.99404 -2.90701 -2.78645 -2.63365 -2.45021 -2.23806 -1.99945 -1.7369 -1.45318 -1.15127 -0.834367 -0.50581 -0.169063 0.177027 0.530235 0.889538 1.25599 1.63067 2.01481 2.40983 2.81735 3.23926 3.67771 4.13519 
4.13519 3.68124 3.24359 2.82012 2.40899 2.00857 1.61748 1.2345 0.858562 0.488757 0.124153 -0.234011 -0.583246 -0.923914 -1.25244 -1.56536 -1.8594 -2.13145 -2.37867 -2.59845 -2.78848 -2.94676 -3.07163 -3.16177 -3.21623 -3.23445 -3.21623 -3.16177 -3.07163 -2.94676 -2.78848 -2.59845 -2.37867 -2.13145 -1.8594 -1.56536 -1.25244 -0.923914 -0.583246 -0.234011 0.124153 0.488757 0.858562 1.2345 1.61748 2.00857 2.40899 2.82012 3.24359 3.68124 4.13519 
4.13519 3.68476 3.24792 2.8229 2.40815 2.00233 1.60429 1.213 0.827585 0.447279 0.0712787 -0.298959 -0.660682 -1.01346 -1.3536 -1.67754 -1.98189 -2.26345 -2.51928 -2.74669 -2.94331 -3.10706 -3.23624 -3.32949 -3.38584 -3.40469 -3.38584 -3.32949 -3.23624 -3.10706 -2.94331 -2.74669 -2.51928 -2.26345 -1.98189 -1.67754 -1.3536 -1.01346 -0.660682 -0.298959 0.0712787 0.447279 0.827585 1.213 1.60429 2.00233 2.40815 2.8229 3.24792 3.68476 4.13519 
4.13519 3.68829 3.25225 2.82567 2.40731 1.99609 1.5911 1.1915 0.796609 0.405802 0.0184047 -0.363907 -0.738118 -1.10301 -1.45477 -1.78973 -2.10438 -2.39545 -2.65989 -2.89493 -3.09814 -3.26737 -3.40086 -3.49722 -3.55545 -3.57492 -3.55545 -3.49722 -3.40086 -3.26737 -3.09814 -2.89493 -2.65989 -2.39545 -2.10438 -1.78973 -1.45477 -1.10301 -0.738118 -0.363907 0.0184047 0.405802 0.796609 1.1915 1.5911 1.99609 2.40731 2.82567 3.25225 3.68829 4.13519 
4.13519 3.69181 3.25658 2.82844 2.40647 1.98985 1.5779 1.17001 0.765632 0.364324 -0.0344693 -0.428855 -0.815554 -1.19256 -1.55594 -1.90191 -2.22687 -2.52745 -2.8005 -3.04318 -3.25296 -3.42767 -3.56548 -3.66495 -3.72505 -3.74516 -3.72505 -3.66495 -3.56548 -3.42767 -3.25296 -3.04318 -2.8005 -2.52745 -2.22687 -1.90191 -1.55594 -1.19256 -0.815554 -0.428855 -0.0344693 0.364324 0.765632 1.17001 1.5779 1.98985 2.40647 2.82844 3.25658 3.69181 4.13519 
4.13519 3.69533 3.26091 2.83121 2.40563 1.98361 1.56471 1.14851 0.734655 0.322846 -0.0873433 -0.493803 -0.89299 -1.2821 -1.6571 -2.01409 -2.34937 -2.65944 -2.9411 -3.19142 -3.40779 -3.58798 -3.7301 -3.83268 -3.89466 -3.91539 -3.89466 -3.83268 -3.7301 -3.58798 -3.40779 -3.19142 -2.9411 -2.65944 -2.34937 -2.01409 -1.6571 -1.2821 -0.89299 -0.493803 -0.0873433 0.322846 0.734655 1.14851 1.56471 1.98361 2.40563 2.83121 3.26091 3.69533 4.13519 
4.13519 3.69886 3.26524 2.83399 2.40479 1.97738 1.55152 1.12701 0.703679 0.281369 -0.140217 -0.558751 -0.970425 -1.37165 -1.75827 -2.12627 -2.47186 -2.79144 -3.08171 -3.33966 -3.56262 -3.74828 -3.89472 -4.00041 -4.06426 -4.08562 -4.06426 -4.00041 -3.89472 -3.74828 -3.56262 -3.33966 -3.08171 -2.79144 -2.47186 -2.12627 -1.75827 -1.37165 -0.970425 -0.558751 -0.140217 0.281369 0.703679 1.12701 1.55152 1.97738 2.40479 2.83399 3.26524 3.69886 4.13519 
4.13519 3.70238 3.26957 2.83676 2.40395 1.97114 1.53832 1.10551 0.672702 0.239891 -0.193091 -0.623699 -1.04786 -1.4612 -1.85943 -2.23846 -2.59435 -2.92344 -3.22232 -3.48791 -3.71745 -3.90859 -4.05933 -4.16814 -4.23387 -4.25586 -4.23387 -4.16814 -4.05933 -3.90859 -3.71745 -3.48791 -3.22232 -2.92344 -2.59435 -2.23846 -1.85943 -1.4612 -1.04786 -0.623699 -0.193091 0.239891 0.672702 1.10551 1.53832 1.97114 2.40395 2.83676 3.26957 3.70238 4.13519 
