4.13519 3.61429 3.16133 2.76745 2.42495 2.12712 1.86814 1.64294 1.44712 1.27683 1.12876 1 0.888036 0.777479 0.669721 0.566116 0.467968 0.37651 0.292893 0.218169 0.153276 0.0990311 0.0561167 0.0250721 0.00628779 0 0.00628779 0.0250721 0.0561167 0.0990311 0.153276 0.218169 0.292893 0.37651 0.467968 0.566116 0.669721 0.777479 0.888036 1 1.12876 1.27683 1.44712 1.64294 1.86814 2.12712 2.42495 2.76745 3.16133 3.61429 4.13519 
4.13519 3.61652 3.16453 2.77095 2.42834 2.13017 1.87069 1.64489 1.44842 1.27745 1.12866 0.999175 0.886375 0.775096 0.66674 0.562667 0.464198 0.372603 0.289178 0.214605 0.149843 0.0957573 0.0530943 0.0224962 0.00483535 -0.00126115 0.00483535 0.0224962 0.0530943 0.0957573 0.149843 0.214605 0.289178 0.372603 0.464198 0.562667 0.66674 0.775096 0.886375 0.999175 1.12866 1.27745 1.44842 1.64489 1.87069 2.13017 2.42834 2.77095 3.16453 3.61652 4.13519 
4.13519 3.61907 3.1682 2.77497 2.43225 2.13367 1.87362 1.64714 1.44991 1.27815 1.12853 0.998191 0.884409 0.772299 0.663261 0.55866 0.459837 0.368109 0.284915 0.210516 0.145903 0.0920093 0.0496554 0.0196168 0.00305467 -0.00283511 0.00305467 0.0196168 0.0496554 0.0920093 0.145903 0.210516 0.284915 0.368109 0.459837 0.55866 0.663261 0.772299 0.884409 0.998191 1.12853 1.27815 1.44991 1.64714 1.87362 2.13367 2.43225 2.77497 3.1682 3.61907 4.13519 
4.13519 3.62197 3.17239 2.77956 2.43672 2.1377 1.87699 1.64972 1.45163 1.27895 1.12836 0.997002 0.882073 0.76901 0.659193 0.553997 0.454787 0.362936 0.280017 0.205811 0.141373 0.0877094 0.0457337 0.0163653 0.000857887 -0.00480956 0.000857887 0.0163653 0.0457337 0.0877094 0.141373 0.205811 0.280017 0.362936 0.454787 0.553997 0.659193 0.76901 0.882073 0.997002 1.12836 1.27895 1.45163 1.64972 1.87699 2.1377 2.43672 2.77956 3.17239 3.62197 4.13519 
4.13519 3.62526 3.17716 2.78482 2.44185 2.14232 1.88085 1.65268 1.45358 1.27983 1.12811 0.995551 0.87929 0.765133 0.654429 0.548564 0.448931 0.356972 0.274372 0.200385 0.136149 0.0827622 0.0412436 0.0126472 -0.001869 -0.00729944 -0.001869 0.0126472 0.0412436 0.0827622 0.136149 0.200385 0.274372 0.356972 0.448931 0.548564 0.654429 0.765133 0.87929 0.995551 1.12811 1.27983 1.45358 1.65268 1.88085 2.14232 2.44185 2.78482 3.17716 3.62526 4.13519 
4.13519 3.62896 3.18258 2.79081 2.44771 2.14759 1.88526 1.65604 1.45578 1.28078 1.12774 0.993764 0.875962 0.760548 0.648837 0.542221 0.442133 0.350083 0.267846 0.194104 0.130103 0.0770473 0.0360716 0.00833239 -0.00527437 -0.0104559 -0.00527437 0.00833239 0.0360716 0.0770473 0.130103 0.194104 0.267846 0.350083 0.442133 0.542221 0.648837 0.760548 0.875962 0.993764 1.12774 1.28078 1.45578 1.65604 1.88526 2.14759 2.44771 2.79081 3.18258 3.62896 4.13519 
4.13519 3.63313 3.18871 2.79761 2.45437 2.15359 1.89026 1.65984 1.45822 1.28177 1.12718 0.991542 0.871965 0.755111 0.642254 0.5348 0.434223 0.342103 0.260272 0.186803 0.123075 0.0704099 0.0300642 0.00324261 -0.00955218 -0.014478 -0.00955218 0.00324261 0.0300642 0.0704099 0.123075 0.186803 0.260272 0.342103 0.434223 0.5348 0.642254 0.755111 0.871965 0.991542 1.12718 1.28177 1.45822 1.65984 1.89026 2.15359 2.45437 2.79761 3.18871 3.63313 4.13519 
4.13519 3.63779 3.19562 2.80529 2.4619 2.16038 1.89591 1.66408 1.4609 1.28275 1.12633 0.988757 0.867144 0.74864 0.634483 0.526094 0.424993 0.332824 0.251439 0.178272 0.114856 0.0626466 0.0230112 -0.00286495 -0.0149573 -0.0196285 -0.0149573 -0.00286495 0.0230112 0.0626466 0.114856 0.178272 0.251439 0.332824 0.424993 0.526094 0.634483 0.74864 0.867144 0.988757 1.12633 1.28275 1.4609 1.66408 1.89591 2.16038 2.4619 2.80529 3.19562 3.63779 4.13519 
4.13519 3.64296 3.20334 2.81393 2.47039 2.16802 1.90224 1.66878 1.46376 1.28363 1.12508 0.985239 0.861299 0.740908 0.625278 0.515848 0.414185 0.321984 0.241075 0.168238 0.105176 0.053485 0.0146226 -0.0103194 -0.0218264 -0.0262546 -0.0218264 -0.0103194 0.0146226 0.053485 0.105176 0.168238 0.241075 0.321984 0.414185 0.515848 0.625278 0.740908 0.861299 0.985239 1.12508 1.28363 1.46376 1.66878 1.90224 2.16802 2.47039 2.81393 3.20334 3.64296 4.13519 
4.13519 3.64866 3.21193 2.82357 2.47987 2.17653 1.90924 1.6739 1.46675 1.28428 1.12323 0.980768 0.854172 0.731625 0.614326 0.503736 0.401467 0.309242 0.22883 0.156347 0.0936763 0.0425544 0.0044983 -0.0195646 -0.0306072 -0.034816 -0.0306072 -0.0195646 0.0044983 0.0425544 0.0936763 0.156347 0.22883 0.309242 0.401467 0.503736 0.614326 0.731625 0.854172 0.980768 1.12323 1.28428 1.46675 1.6739 1.90924 2.17653 2.47987 2.82357 3.21193 3.64866 4.13519 
4.13519 3.65488 3.2214 2.83425 2.49038 2.18593 1.91689 1.67937 1.46971 1.28452 1.12055 0.97505 0.845429 0.720423 0.601233 0.489346 0.386411 0.294154 0.214243 0.142126 0.0798721 0.0293467 -0.00791328 -0.0311976 -0.0418982 -0.045923 -0.0418982 -0.0311976 -0.00791328 0.0293467 0.0798721 0.142126 0.214243 0.294154 0.386411 0.489346 0.601233 0.720423 0.845429 0.97505 1.12055 1.28452 1.46971 1.67937 1.91689 2.18593 2.49038 2.83425 3.2214 3.65488 4.13519 
4.13519 3.66162 3.23174 2.84595 2.50189 2.19617 1.92511 1.68504 1.47247 1.28408 1.11671 0.967698 0.834635 0.706821 0.585484 0.472138 0.368453 0.276131 0.196701 0.124941 0.0631017 0.0131601 -0.0233695 -0.0460204 -0.0565029 -0.0603893 -0.0565029 -0.0460204 -0.0233695 0.0131601 0.0631017 0.124941 0.196701 0.276131 0.368453 0.472138 0.585484 0.706821 0.834635 0.967698 1.11671 1.28408 1.47247 1.68504 1.92511 2.19617 2.50189 2.84595 3.23174 3.66162 4.13519 
4.13519 3.66881 3.24288 2.85861 2.51433 2.20714 1.93374 1.6907 1.47471 1.28259 1.11125 0.958199 0.821212 0.690193 0.566407 0.451398 0.346843 0.254381 0.175373 0.103926 0.0424549 -0.00697472 -0.0429069 -0.0651119 -0.0755049 -0.0793058 -0.0755049 -0.0651119 -0.0429069 -0.00697472 0.0424549 0.103926 0.175373 0.254381 0.346843 0.451398 0.566407 0.690193 0.821212 0.958199 1.11125 1.28259 1.47471 1.6907 1.93374 2.20714 2.51433 2.85861 3.24288 3.66881 4.13519 
4.13519 3.67639 3.25472 2.87209 2.52752 2.21863 1.9425 1.696 1.47602 1.27953 1.10358 0.945866 0.804399 0.669704 0.543103 0.426171 0.320564 0.227828 0.149128 0.0778903 0.0166725 -0.0323971 -0.067941 -0.0899287 -0.100371 -0.104144 -0.100371 -0.0899287 -0.067941 -0.0323971 0.0166725 0.0778903 0.149128 0.227828 0.320564 0.426171 0.543103 0.669704 0.804399 0.945866 1.10358 1.27953 1.47602 1.696 1.9425 2.21863 2.52752 2.87209 3.25472 3.67639 4.13519 
4.13519 3.68424 3.26707 2.88617 2.54119 2.2303 1.95098 1.70043 1.47578 1.27419 1.09288 0.929777 0.783172 0.644236 0.514365 0.395156 0.288228 0.194996 0.116409 0.0451861 -0.0159915 -0.0649551 -0.100404 -0.122446 -0.133093 -0.136902 -0.133093 -0.122446 -0.100404 -0.0649551 -0.0159915 0.0451861 0.116409 0.194996 0.288228 0.395156 0.514365 0.644236 0.783172 0.929777 1.09288 1.27419 1.47578 1.70043 1.95098 2.2303 2.54119 2.88617 3.26707 3.68424 4.13519 
4.13519 3.69219 3.27965 2.90048 2.5549 2.24164 1.95858 1.70329 1.47316 1.2656 1.07804 0.908691 0.75615 0.612272 0.478541 0.356572 0.247919 0.153841 0.0750533 0.00352341 -0.0579606 -0.107198 -0.142942 -0.165362 -0.176395 -0.180311 -0.176395 -0.165362 -0.142942 -0.107198 -0.0579606 0.00352341 0.0750533 0.153841 0.247919 0.356572 0.478541 0.612272 0.75615 0.908691 1.07804 1.2656 1.47316 1.70329 1.95858 2.24164 2.5549 2.90048 3.27965 3.69219 4.13519 
4.13519 3.70005 3.29208 2.91451 2.56804 2.2519 1.96444 1.70356 1.467 1.25244 1.05756 0.880919 0.72145 0.571735 0.433359 0.307948 0.196975 0.101519 0.0220453 -0.050291 -0.112604 -0.162652 -0.199194 -0.222384 -0.234029 -0.238133 -0.234029 -0.222384 -0.199194 -0.162652 -0.112604 -0.050291 0.0220453 0.101519 0.196975 0.307948 0.433359 0.571735 0.72145 0.880919 1.05756 1.25244 1.467 1.70356 1.96444 2.2519 2.56804 2.91451 3.29208 3.70005 4.13519 
4.13519 3.70752 3.30387 2.92757 2.57975 2.26008 1.96736 1.69989 1.45574 1.23292 1.02942 0.844164 0.676493 0.51976 0.375661 0.245838 0.131668 0.0340385 -0.0468406 -0.120726 -0.184624 -0.236217 -0.274209 -0.298663 -0.311208 -0.315602 -0.311208 -0.298663 -0.274209 -0.236217 -0.184624 -0.120726 -0.0468406 0.0340385 0.131668 0.245838 0.375661 0.51976 0.676493 0.844164 1.02942 1.23292 1.45574 1.69989 1.96736 2.26008 2.57975 2.92757 3.30387 3.70752 4.13519 
4.13519 3.71429 3.31438 2.93876 2.58888 2.26482 1.96577 1.69043 1.43726 1.20461 0.990832 0.795271 0.617715 0.452355 0.301026 0.165393 0.0467408 -0.0542325 -0.137565 -0.214076 -0.280627 -0.334771 -0.375079 -0.401442 -0.41527 -0.420088 -0.41527 -0.401442 -0.375079 -0.334771 -0.280627 -0.214076 -0.137565 -0.0542325 0.0467408 0.165393 0.301026 0.452355 0.617715 0.795271 0.990832 1.20461 1.43726 1.69043 1.96577 2.26482 2.58888 2.93876 3.31438 3.71429 4.13519 
4.13519 3.71996 3.32282 2.94696 2.59399 2.26432 1.95754 1.67273 1.40872 1.16424 0.93802 0.729895 0.540156 0.363923 0.203208 0.0597312 -0.0652885 -0.171319 -0.25862 -0.339307 -0.410027 -0.468118 -0.511925 -0.541083 -0.556732 -0.562158 -0.556732 -0.541083 -0.511925 -0.468118 -0.410027 -0.339307 -0.25862 -0.171319 -0.0652885 0.0597312 0.203208 0.363923 0.540156 0.729895 0.93802 1.16424 1.40872 1.67273 1.95754 2.26432 2.59399 2.94696 3.32282 3.71996 4.13519 
4.13519 3.72407 3.32828 2.95078 2.59324 2.25633 1.93995 1.64355 1.36631 1.10736 0.865795 0.642003 0.436858 0.24653 0.0732817 -0.0810415 -0.215221 -0.328832 -0.422315 -0.50943 -0.586505 -0.650543 -0.699537 -0.732761 -0.751017 -0.75732 -0.751017 -0.732761 -0.699537 -0.650543 -0.586505 -0.50943 -0.422315 -0.328832 -0.215221 -0.0810415 0.0732817 0.24653 0.436858 0.642003 0.865795 1.10736 1.36631 1.64355 1.93995 2.25633 2.59324 2.95078 3.32828 3.72407 4.13519 
4.13519 3.72611 3.32968 2.94855 2.58438 2.23796 1.90947 1.59862 1.30495 1.02791 0.766995 0.523144 0.297928 0.0887543 -0.101738 -0.271441 -0.419006 -0.544008 -0.646983 -0.743899 -0.830592 -0.903552 -0.960253 -0.999461 -1.02152 -1.02911 -1.02152 -0.999461 -0.960253 -0.903552 -0.830592 -0.743899 -0.646983 -0.544008 -0.419006 -0.271441 -0.101738 0.0887543 0.297928 0.523144 0.766995 1.02791 1.30495 1.59862 1.90947 2.23796 2.58438 2.94855 3.32968 3.72611 4.13519 
4.13519 3.7255 3.3258 2.93834 2.56466 2.20562 1.86153 1.53233 1.21777 0.917597 0.631579 0.361259 0.109004 -0.126256 -0.341289 -0.533476 -0.701091 -0.843491 -0.961162 -1.07317 -1.1746 -1.26113 -1.32947 -1.37767 -1.40545 -1.41497 -1.40545 -1.37767 -1.32947 -1.26113 -1.1746 -1.07317 -0.961162 -0.843491 -0.701091 -0.533476 -0.341289 -0.126256 0.109004 0.361259 0.631579 0.917597 1.21777 1.53233 1.86153 2.20562 2.56466 2.93834 3.3258 3.7255 4.13519 
4.13519 3.72165 3.31529 2.91791 2.5308 2.15476 1.79015 1.43702 1.09522 0.764571 0.444987 0.138523 -0.151548 -0.42437 -0.675787 -0.902248 -1.10117 -1.27122 -1.41248 -1.5486 -1.67333 -1.78108 -1.86745 -1.92949 -1.96606 -1.97853 -1.96606 -1.92949 -1.86745 -1.78108 -1.67333 -1.5486 -1.41248 -1.27122 -1.10117 -0.902248 -0.675787 -0.42437 -0.151548 0.138523 0.444987 0.764571 1.09522 1.43702 1.79015 2.15476 2.5308 2.91791 3.31529 3.72165 4.13519 
4.13519 3.71401 3.29684 2.88482 2.47882 2.07944 1.68698 1.30149 0.922751 0.55048 0.184345 -0.173288 -0.518271 -0.847436 -1.1555 -1.4375 -1.68915 -1.90729 -2.09038 -2.26856 -2.43248 -2.57452 -2.68903 -2.77222 -2.82215 -2.83905 -2.82215 -2.77222 -2.68903 -2.57452 -2.43248 -2.26856 -2.09038 -1.90729 -1.68915 -1.4375 -1.1555 -0.847436 -0.518271 -0.173288 0.184345 0.55048 0.922751 1.30149 1.68698 2.07944 2.47882 2.88482 3.29684 3.71401 4.13519 
4.13519 3.70238 3.26957 2.83676 2.40395 1.97114 1.53832 1.10551 0.672702 0.239891 -0.193091 -0.623699 -1.04786 -1.4612 -1.85943 -2.23846 -2.59435 -2.92344 -3.22232 -3.48791 -3.71745 -3.90859 -4.05933 -4.16814 -4.23387 -4.25586 -4.23387 -4.16814 -4.05933 -3.90859 -3.71745 -3.48791 -3.22232 -2.92344 -2.59435 -2.23846 -1.85943 -1.4612 -1.04786 -0.623699 -0.193091 0.239891 0.672702 1.10551 1.53832 1.97114 2.40395 2.83676 3.26957 3.70238 4.13519 
