0 0 0 0 0 0 0 0 0 0 0 4.73193e-09 -0.0149783 -0.0279405 -0.0389613 -0.0479311 -0.0546107 -0.0587164 -0.060013 -0.0583914 -0.0539131 -0.0468134 -0.0374613 -0.026288 -0.0137006 0 0.0137006 0.026288 0.0374613 0.0468134 0.0539131 0.0583914 0.060013 0.0587164 0.0546107 0.0479311 0.0389613 0.0279405 0.0149783 -4.73193e-09 0 0 0 0 0 0 0 0 0 0 0 
-0.02 -0.0195707 -0.0191564 -0.0187254 -0.0182668 -0.0177814 -0.0172773 -0.0167686 -0.0162772 -0.0158424 -0.01557 -0.0161146 -0.0292874 -0.0411106 -0.0510994 -0.0590251 -0.0646133 -0.0675758 -0.0676961 -0.0648795 -0.0591867 -0.0508486 -0.0402314 -0.0277919 -0.014559 7.35933e-19 0.014559 0.0277919 0.0402314 0.0508486 0.0591867 0.0648795 0.0676961 0.0675758 0.0646133 0.0590251 0.0510994 0.0411106 0.0292874 0.0161146 0.01557 0.0158424 0.0162772 0.0167686 0.0172773 0.0177814 0.0182668 0.0187254 0.0191564 0.0195707 0.02 
-0.043 -0.0420818 -0.0411943 -0.0402703 -0.0392865 -0.038244 -0.0371601 -0.0360647 -0.0350044 -0.0340633 -0.0334626 -0.034331 -0.0456652 -0.0561943 -0.0649899 -0.0717048 -0.0760288 -0.0776711 -0.0764424 -0.0722529 -0.065161 -0.0553948 -0.0433255 -0.0294877 -0.0155141 1.67989e-18 0.0155141 0.0294877 0.0433255 0.0553948 0.065161 0.0722529 0.0764424 0.0776711 0.0760288 0.0717048 0.0649899 0.0561943 0.0456652 0.034331 0.0334626 0.0340633 0.0350044 0.0360647 0.0371601 0.038244 0.0392865 0.0402703 0.0411943 0.0420818 0.043 
-0.06945 -0.0679762 -0.066549 -0.0650618 -0.0634767 -0.0617953 -0.0600446 -0.0582722 -0.0565525 -0.0550188 -0.0540088 -0.0549435 -0.0643993 -0.0734607 -0.080877 -0.0861877 -0.0890468 -0.0891653 -0.0863915 -0.080625 -0.0719219 -0.060511 -0.046782 -0.031403 -0.0165758 2.86914e-18 0.0165758 0.031403 0.046782 0.060511 0.0719219 0.080625 0.0863915 0.0891653 0.0890468 0.0861877 0.080877 0.0734607 0.0643993 0.0549435 0.0540088 0.0550188 0.0565525 0.0582722 0.0600446 0.0617953 0.0634767 0.0650618 0.066549 0.0679762 0.06945 
-0.0998675 -0.0977635 -0.0957218 -0.093592 -0.0913196 -0.088906 -0.0863886 -0.0838347 -0.081349 -0.0791173 -0.077585 -0.0782943 -0.0858161 -0.0932158 -0.0990379 -0.10272 -0.103881 -0.102243 -0.0977007 -0.0901237 -0.0795666 -0.0662648 -0.0506476 -0.0335713 -0.0177569 4.37351e-18 0.0177569 0.0335713 0.0506476 0.0662648 0.0795666 0.0901237 0.0977007 0.102243 0.103881 0.10272 0.0990379 0.0932158 0.0858161 0.0782943 0.077585 0.0791173 0.081349 0.0838347 0.0863886 0.088906 0.0913196 0.093592 0.0957218 0.0977635 0.0998675 
-0.134848 -0.132031 -0.129291 -0.126429 -0.123372 -0.12012 -0.116722 -0.113265 -0.109888 -0.106829 -0.104621 -0.104782 -0.110288 -0.115807 -0.119787 -0.121579 -0.120775 -0.117111 -0.110549 -0.100895 -0.0882063 -0.072736 -0.0549805 -0.0360347 -0.0190741 6.27487e-18 0.0190741 0.0360347 0.0549805 0.072736 0.0882063 0.100895 0.110549 0.117111 0.120775 0.121579 0.119787 0.115807 0.110288 0.104782 0.104621 0.106829 0.109888 0.113265 0.116722 0.12012 0.123372 0.126429 0.129291 0.132031 0.134848 
-0.175075 -0.171454 -0.167922 -0.164229 -0.160278 -0.156067 -0.151656 -0.147156 -0.142739 -0.138693 -0.135611 -0.13487 -0.138241 -0.141632 -0.143483 -0.143082 -0.140003 -0.13401 -0.12514 -0.113105 -0.0979708 -0.0800212 -0.059855 -0.0388468 -0.0205505 8.67415e-18 0.0205505 0.0388468 0.059855 0.0800212 0.0979708 0.113105 0.12514 0.13401 0.140003 0.143082 0.143483 0.141632 0.138241 0.13487 0.135611 0.138693 0.142739 0.147156 0.151656 0.156067 0.160278 0.164229 0.167922 0.171454 0.175075 
-0.221336 -0.216811 -0.212384 -0.207749 -0.202781 -0.197476 -0.191903 -0.186197 -0.180563 -0.175333 -0.171124 -0.169101 -0.170167 -0.171144 -0.170537 -0.167593 -0.161881 -0.153211 -0.141712 -0.126951 -0.109016 -0.0882411 -0.0653672 -0.0420762 -0.0222182 1.15915e-17 0.0222182 0.0420762 0.0653672 0.0882411 0.109016 0.126951 0.141712 0.153211 0.161881 0.167593 0.170537 0.171144 0.170167 0.169101 0.171124 0.175333 0.180563 0.186197 0.191903 0.197476 0.202781 0.207749 0.212384 0.216811 0.221336 
-0.274536 -0.268999 -0.263565 -0.257865 -0.251745 -0.245192 -0.238288 -0.231187 -0.224125 -0.21747 -0.211824 -0.208105 -0.206637 -0.20487 -0.201421 -0.195529 -0.186776 -0.175034 -0.160542 -0.142667 -0.121531 -0.0975501 -0.071643 -0.045812 -0.0241211 1.53173e-17 0.0241211 0.045812 0.071643 0.0975501 0.121531 0.142667 0.160542 0.175034 0.186776 0.195529 0.201421 0.20487 0.206637 0.208105 0.211824 0.21747 0.224125 0.231187 0.238288 0.245192 0.251745 0.257865 0.263565 0.268999 0.274536 
-0.335717 -0.329052 -0.32249 -0.315591 -0.308169 -0.300199 -0.291769 -0.283055 -0.274318 -0.265943 -0.258489 -0.252625 -0.248318 -0.24342 -0.236687 -0.22738 -0.215119 -0.199859 -0.181966 -0.16054 -0.135758 -0.108149 -0.0788479 -0.0501695 -0.026319 2.00411e-17 0.026319 0.0501695 0.0788479 0.108149 0.135758 0.16054 0.181966 0.199859 0.215119 0.22738 0.236687 0.24342 0.248318 0.252625 0.258489 0.265943 0.274318 0.283055 0.291769 0.300199 0.308169 0.315591 0.32249 0.329052 0.335717 
-0.406074 -0.398161 -0.390341 -0.382102 -0.373214 -0.363639 -0.353467 -0.342887 -0.332183 -0.321737 -0.312037 -0.303532 -0.296002 -0.287515 -0.276985 -0.263727 -0.247425 -0.228144 -0.206392 -0.180928 -0.152007 -0.120304 -0.0871996 -0.0552992 -0.0288913 2.60451e-17 0.0288913 0.0552992 0.0871996 0.120304 0.152007 0.180928 0.206392 0.228144 0.247425 0.263727 0.276985 0.287515 0.296002 0.303532 0.312037 0.321737 0.332183 0.342887 0.353467 0.363639 0.373214 0.382102 0.390341 0.398161 0.406074 
-0.486985 -0.477701 -0.46849 -0.45876 -0.448232 -0.436847 -0.424689 -0.411958 -0.398942 -0.38601 -0.37356 -0.361866 -0.350631 -0.338018 -0.323098 -0.305273 -0.284327 -0.260457 -0.234338 -0.204291 -0.170682 -0.134366 -0.0969833 -0.0613967 -0.0319415 3.35099e-17 0.0319415 0.0613967 0.0969833 0.134366 0.170682 0.204291 0.234338 0.260457 0.284327 0.305273 0.323098 0.338018 0.350631 0.361866 0.37356 0.38601 0.398942 0.411958 0.424689 0.436847 0.448232 0.45876 0.46849 0.477701 0.486985 
-0.580033 -0.569258 -0.558521 -0.547145 -0.534797 -0.521381 -0.506973 -0.491767 -0.476045 -0.460143 -0.44437 -0.428871 -0.413349 -0.395975 -0.37598 -0.352887 -0.32661 -0.297518 -0.266464 -0.231231 -0.192322 -0.1508 -0.108572 -0.0687163 -0.0356031 4.34346e-17 0.0356031 0.0687163 0.108572 0.1508 0.192322 0.231231 0.266464 0.297518 0.32661 0.352887 0.37598 0.395975 0.413349 0.428871 0.44437 0.460143 0.476045 0.491767 0.506973 0.521381 0.534797 0.547145 0.558521 0.569258 0.580033 
-0.687038 -0.67466 -0.66227 -0.649099 -0.634746 -0.619073 -0.602127 -0.584087 -0.565213 -0.545796 -0.526056 -0.50606 -0.485557 -0.46268 -0.436822 -0.407661 -0.375283 -0.340254 -0.303637 -0.262542 -0.21764 -0.170223 -0.122454 -0.0775889 -0.0400478 5.68021e-17 0.0400478 0.0775889 0.122454 0.170223 0.21764 0.262542 0.303637 0.340254 0.375283 0.407661 0.436822 0.46268 0.485557 0.50606 0.526056 0.545796 0.565213 0.584087 0.602127 0.619073 0.634746 0.649099 0.66227 0.67466 0.687038 
-0.810094 -0.796022 -0.781868 -0.766764 -0.750232 -0.732074 -0.712294 -0.691035 -0.66852 -0.644981 -0.620563 -0.595293 -0.569 -0.539759 -0.507138 -0.471003 -0.431654 -0.38989 -0.347004 -0.299283 -0.247588 -0.193449 -0.139264 -0.0884468 -0.0454969 7.4446e-17 0.0454969 0.0884468 0.139264 0.193449 0.247588 0.299283 0.347004 0.38989 0.431654 0.471003 0.507138 0.539759 0.569 0.595293 0.620563 0.644981 0.66852 0.691035 0.712294 0.732074 0.750232 0.766764 0.781868 0.796022 0.810094 
-0.951608 -0.935788 -0.919789 -0.902645 -0.883783 -0.862929 -0.840023 -0.81515 -0.788475 -0.760165 -0.730297 -0.698893 -0.665884 -0.629295 -0.588887 -0.544755 -0.497455 -0.448056 -0.398103 -0.342875 -0.283436 -0.221551 -0.15984 -0.101858 -0.052239 9.82707e-17 0.052239 0.101858 0.15984 0.221551 0.283436 0.342875 0.398103 0.448056 0.497455 0.544755 0.588887 0.629295 0.665884 0.698893 0.730297 0.760165 0.788475 0.81515 0.840023 0.862929 0.883783 0.902645 0.919789 0.935788 0.951608 
-1.11435 -1.09678 -1.07891 -1.05967 -1.03838 -1.01466 -0.988371 -0.959507 -0.928154 -0.894406 -0.858275 -0.819804 -0.779041 -0.733997 -0.684651 -0.631369 -0.57501 -0.516948 -0.459005 -0.395225 -0.32688 -0.25596 -0.18529 -0.118579 -0.0606557 1.28386e-16 0.0606557 0.118579 0.18529 0.25596 0.32688 0.395225 0.459005 0.516948 0.57501 0.631369 0.684651 0.733997 0.779041 0.819804 0.858275 0.894406 0.928154 0.959507 0.988371 1.01466 1.03838 1.05967 1.07891 1.09678 1.11435 
-1.3015 -1.28228 -1.26259 -1.24128 -1.21754 -1.19088 -1.16102 -1.12786 -1.09136 -1.05153 -1.00833 -0.961811 -0.912167 -0.857444 -0.797876 -0.734147 -0.667465 -0.599549 -0.532522 -0.458918 -0.380207 -0.298596 -0.217108 -0.139631 -0.0712614 1.64276e-16 0.0712614 0.139631 0.217108 0.298596 0.380207 0.458918 0.532522 0.599549 0.667465 0.734147 0.797876 0.857444 0.912167 0.961811 1.00833 1.05153 1.09136 1.12786 1.16102 1.19088 1.21754 1.24128 1.26259 1.28228 1.3015 
-1.51673 -1.49606 -1.47475 -1.45153 -1.42547 -1.39592 -1.36246 -1.32482 -1.28285 -1.23641 -1.18538 -1.12985 -1.07015 -1.00443 -0.933231 -0.857596 -0.779133 -0.699951 -0.622508 -0.537486 -0.446539 -0.35208 -0.257337 -0.166418 -0.0847637 2.13444e-16 0.0847637 0.166418 0.257337 0.35208 0.446539 0.537486 0.622508 0.699951 0.779133 0.857596 0.933231 1.00443 1.07015 1.12985 1.18538 1.23641 1.28285 1.32482 1.36246 1.39592 1.42547 1.45153 1.47475 1.49606 1.51673 
-1.76424 -1.74253 -1.71998 -1.6952 -1.66716 -1.63502 -1.59817 -1.55616 -1.50862 -1.45528 -1.39587 -1.33048 -1.25958 -1.18151 -1.09714 -1.00796 -0.916007 -0.823848 -0.734322 -0.635839 -0.530219 -0.420071 -0.308845 -0.200922 -0.102159 2.6604e-16 0.102159 0.200922 0.308845 0.420071 0.530219 0.635839 0.734322 0.823848 0.916007 1.00796 1.09714 1.18151 1.25958 1.33048 1.39587 1.45528 1.50862 1.55616 1.59817 1.63502 1.66716 1.6952 1.71998 1.74253 1.76424 
-2.04887 -2.02679 -2.00363 -1.97796 -1.9486 -1.91454 -1.87494 -1.8291 -1.77639 -1.7163 -1.64836 -1.57257 -1.4895 -1.39778 -1.29865 -1.19406 -1.08659 -0.979336 -0.875592 -0.76098 -0.637454 -0.507815 -0.375761 -0.246005 -0.124892 3.41999e-16 0.124892 0.246005 0.375761 0.507815 0.637454 0.76098 0.875592 0.979336 1.08659 1.19406 1.29865 1.39778 1.4895 1.57257 1.64836 1.7163 1.77639 1.8291 1.87494 1.91454 1.9486 1.97796 2.00363 2.02679 2.04887 
-2.3762 -2.35474 -2.33199 -2.3065 -2.27699 -2.24226 -2.20121 -2.15283 -2.09616 -2.03032 -1.95449 -1.86846 -1.77274 -1.66635 -1.55088 -1.42882 -1.3034 -1.17834 -1.05757 -0.923249 -0.777424 -0.62309 -0.464228 -0.305939 -0.155113 4.08952e-16 0.155113 0.305939 0.464228 0.62309 0.777424 0.923249 1.05757 1.17834 1.3034 1.42882 1.55088 1.66635 1.77274 1.86846 1.95449 2.03032 2.09616 2.15283 2.20121 2.24226 2.27699 2.3065 2.33199 2.35474 2.3762 
-2.75263 -2.73322 -2.71239 -2.68875 -2.66095 -2.62765 -2.58751 -2.53915 -2.48118 -2.41217 -2.33072 -2.23605 -2.12838 -2.00704 -1.87396 -1.73222 -1.58581 -1.43937 -1.2977 -1.13864 -0.964287 -0.77786 -0.583676 -0.387283 -0.196122 4.92109e-16 0.196122 0.387283 0.583676 0.77786 0.964287 1.13864 1.2977 1.43937 1.58581 1.73222 1.87396 2.00704 2.12838 2.23605 2.33072 2.41217 2.48118 2.53915 2.58751 2.62765 2.66095 2.68875 2.71239 2.73322 2.75263 
-3.18553 -3.17009 -3.15329 -3.13392 -3.1107 -3.08224 -3.04705 -3.00344 -2.9495 -2.88308 -2.80172 -2.70336 -2.5872 -2.4526 -2.30163 -2.13796 -1.96662 -1.79353 -1.62499 -1.43332 -1.2208 -0.991023 -0.74879 -0.500151 -0.252967 5.71943e-16 0.252967 0.500151 0.74879 0.991023 1.2208 1.43332 1.62499 1.79353 1.96662 2.13796 2.30163 2.4526 2.5872 2.70336 2.80172 2.88308 2.9495 3.00344 3.04705 3.08224 3.1107 3.13392 3.15329 3.17009 3.18553 
-3.68336 -3.67431 -3.66431 -3.65254 -3.63806 -3.61976 -3.59632 -3.56608 -3.52691 -3.47605 -3.40943 -3.32088 -3.20669 -3.06561 -2.89939 -2.71204 -2.5096 -2.29991 -2.09195 -1.85166 -1.58281 -1.29033 -0.979931 -0.658015 -0.332139 5.67542e-16 0.332139 0.658015 0.979931 1.29033 1.58281 1.85166 2.09195 2.29991 2.5096 2.71204 2.89939 3.06561 3.20669 3.32088 3.40943 3.47605 3.52691 3.56608 3.59632 3.61976 3.63806 3.65254 3.66431 3.67431 3.68336 
-4.25586 -4.25586 -4.25586 -4.25586 -4.25586 -4.25586 -4.25586 -4.25586 -4.25586 -4.25586 -4.25148 -4.20991 -4.12484 -3.99715 -3.82816 -3.61962 -3.37367 -3.09287 -2.7801 -2.43862 -2.07193 -1.68383 -1.27834 -0.859635 -0.43205 0 0.43205 0.859635 1.27834 1.68383 2.07193 2.43862 2.7801 3.09287 3.37367 3.61962 3.82816 3.99715 4.12484 4.20991 4.25148 4.25586 4.25586 4.25586 4.25586 4.25586 4.25586 4.25586 4.25586 4.25586 4.25586 
