0 0 0 0 0 0 0 0 0 0 0 4.73193e-09 -0.0149783 -0.0279405 -0.0389613 -0.0479311 -0.0546107 -0.0587164 -0.060013 -0.0583914 -0.0539131 -0.0468134 -0.0374613 -0.026288 -0.0137006 0 0.0137006 0.026288 0.0374613 0.0468134 0.0539131 0.0583914 0.060013 0.0587164 0.0546107 0.0479311 0.0389613 0.0279405 0.0149783 -4.73193e-09 0 0 0 0 0 0 0 0 0 0 0 
-0.02 -0.170234 -0.170234 -0.170234 -0.170234 -0.170234 -0.170234 -0.170234 -0.170234 -0.170234 -0.170059 -0.168396 -0.179373 -0.186709 -0.190529 -0.190799 -0.187373 -0.180082 -0.168817 -0.1536 -0.134634 -0.112294 -0.0870964 -0.0596219 -0.0304346 0 0.0304346 0.0596219 0.0870964 0.112294 0.134634 0.1536 0.168817 0.180082 0.187373 0.190799 0.190529 0.186709 0.179373 0.168396 0.170059 0.170234 0.170234 0.170234 0.170234 0.170234 0.170234 0.170234 0.170234 0.170234 0.02 
-0.043 -0.340469 -0.340469 -0.340469 -0.340469 -0.340469 -0.340469 -0.340469 -0.340469 -0.340469 -0.340118 -0.336793 -0.343767 -0.345478 -0.342098 -0.333666 -0.320136 -0.301448 -0.27762 -0.248809 -0.215354 -0.177775 -0.136731 -0.0929558 -0.0471685 0 0.0471685 0.0929558 0.136731 0.177775 0.215354 0.248809 0.27762 0.301448 0.320136 0.333666 0.342098 0.345478 0.343767 0.336793 0.340118 0.340469 0.340469 0.340469 0.340469 0.340469 0.340469 0.340469 0.340469 0.340469 0.043 
-0.06945 -0.510703 -0.510703 -0.510703 -0.510703 -0.510703 -0.510703 -0.510703 -0.510703 -0.510703 -0.510177 -0.505189 -0.508162 -0.504246 -0.493666 -0.476534 -0.452898 -0.422815 -0.386424 -0.344018 -0.296075 -0.243256 -0.186367 -0.12629 -0.0639025 0 0.0639025 0.12629 0.186367 0.243256 0.296075 0.344018 0.386424 0.422815 0.452898 0.476534 0.493666 0.504246 0.508162 0.505189 0.510177 0.510703 0.510703 0.510703 0.510703 0.510703 0.510703 0.510703 0.510703 0.510703 0.06945 
-0.0998675 -0.680937 -0.680937 -0.680937 -0.680937 -0.680937 -0.680937 -0.680937 -0.680937 -0.680937 -0.680236 -0.673585 -0.672556 -0.663015 -0.645234 -0.619401 -0.585661 -0.544181 -0.495228 -0.439227 -0.376796 -0.308736 -0.236002 -0.159624 -0.0806365 0 0.0806365 0.159624 0.236002 0.308736 0.376796 0.439227 0.495228 0.544181 0.585661 0.619401 0.645234 0.663015 0.672556 0.673585 0.680236 0.680937 0.680937 0.680937 0.680937 0.680937 0.680937 0.680937 0.680937 0.680937 0.0998675 
-0.134848 -0.851172 -0.851172 -0.851172 -0.851172 -0.851172 -0.851172 -0.851172 -0.851172 -0.851172 -0.850295 -0.841982 -0.836951 -0.821783 -0.796802 -0.762269 -0.718423 -0.665547 -0.604031 -0.534436 -0.457516 -0.374217 -0.285637 -0.192957 -0.0973704 0 0.0973704 0.192957 0.285637 0.374217 0.457516 0.534436 0.604031 0.665547 0.718423 0.762269 0.796802 0.821783 0.836951 0.841982 0.850295 0.851172 0.851172 0.851172 0.851172 0.851172 0.851172 0.851172 0.851172 0.851172 0.134848 
-0.175075 -1.02141 -1.02141 -1.02141 -1.02141 -1.02141 -1.02141 -1.02141 -1.02141 -1.02141 -1.02035 -1.01038 -1.00135 -0.980552 -0.94837 -0.905136 -0.851186 -0.786913 -0.712835 -0.629645 -0.538237 -0.439698 -0.335272 -0.226291 -0.114104 0 0.114104 0.226291 0.335272 0.439698 0.538237 0.629645 0.712835 0.786913 0.851186 0.905136 0.94837 0.980552 1.00135 1.01038 1.02035 1.02141 1.02141 1.02141 1.02141 1.02141 1.02141 1.02141 1.02141 1.02141 0.175075 
-0.221336 -1.19164 -1.19164 -1.19164 -1.19164 -1.19164 -1.19164 -1.19164 -1.19164 -1.19164 -1.19041 -1.17877 -1.16574 -1.13932 -1.09994 -1.048 -0.983948 -0.908279 -0.821639 -0.724854 -0.618957 -0.505179 -0.384907 -0.259625 -0.130838 0 0.130838 0.259625 0.384907 0.505179 0.618957 0.724854 0.821639 0.908279 0.983948 1.048 1.09994 1.13932 1.16574 1.17877 1.19041 1.19164 1.19164 1.19164 1.19164 1.19164 1.19164 1.19164 1.19164 1.19164 0.221336 
-0.274536 -1.36187 -1.36187 -1.36187 -1.36187 -1.36187 -1.36187 -1.36187 -1.36187 -1.36187 -1.36047 -1.34717 -1.33013 -1.29809 -1.25151 -1.19087 -1.11671 -1.02964 -0.930442 -0.820063 -0.699678 -0.57066 -0.434542 -0.292959 -0.147572 0 0.147572 0.292959 0.434542 0.57066 0.699678 0.820063 0.930442 1.02964 1.11671 1.19087 1.25151 1.29809 1.33013 1.34717 1.36047 1.36187 1.36187 1.36187 1.36187 1.36187 1.36187 1.36187 1.36187 1.36187 0.274536 
-0.335717 -1.53211 -1.53211 -1.53211 -1.53211 -1.53211 -1.53211 -1.53211 -1.53211 -1.53211 -1.53053 -1.51557 -1.49453 -1.45686 -1.40307 -1.33374 -1.24947 -1.15101 -1.03925 -0.915272 -0.780399 -0.63614 -0.484177 -0.326293 -0.164306 0 0.164306 0.326293 0.484177 0.63614 0.780399 0.915272 1.03925 1.15101 1.24947 1.33374 1.40307 1.45686 1.49453 1.51557 1.53053 1.53211 1.53211 1.53211 1.53211 1.53211 1.53211 1.53211 1.53211 1.53211 0.335717 
-0.406074 -1.70234 -1.70234 -1.70234 -1.70234 -1.70234 -1.70234 -1.70234 -1.70234 -1.70234 -1.70059 -1.68396 -1.65892 -1.61563 -1.55464 -1.47661 -1.38224 -1.27238 -1.14805 -1.01048 -0.861119 -0.701621 -0.533812 -0.359627 -0.18104 0 0.18104 0.359627 0.533812 0.701621 0.861119 1.01048 1.14805 1.27238 1.38224 1.47661 1.55464 1.61563 1.65892 1.68396 1.70059 1.70234 1.70234 1.70234 1.70234 1.70234 1.70234 1.70234 1.70234 1.70234 0.406074 
-0.486985 -1.87258 -1.87258 -1.87258 -1.87258 -1.87258 -1.87258 -1.87258 -1.87258 -1.87258 -1.87065 -1.85236 -1.82332 -1.77439 -1.70621 -1.61947 -1.515 -1.39374 -1.25685 -1.10569 -0.94184 -0.767102 -0.583447 -0.392961 -0.197774 0 0.197774 0.392961 0.583447 0.767102 0.94184 1.10569 1.25685 1.39374 1.515 1.61947 1.70621 1.77439 1.82332 1.85236 1.87065 1.87258 1.87258 1.87258 1.87258 1.87258 1.87258 1.87258 1.87258 1.87258 0.486985 
-0.580033 -2.04281 -2.04281 -2.04281 -2.04281 -2.04281 -2.04281 -2.04281 -2.04281 -2.04281 -2.04071 -2.02076 -1.98771 -1.93316 -1.85778 -1.76234 -1.64776 -1.51511 -1.36566 -1.2009 -1.02256 -0.832583 -0.633082 -0.426295 -0.214508 0 0.214508 0.426295 0.633082 0.832583 1.02256 1.2009 1.36566 1.51511 1.64776 1.76234 1.85778 1.93316 1.98771 2.02076 2.04071 2.04281 2.04281 2.04281 2.04281 2.04281 2.04281 2.04281 2.04281 2.04281 0.580033 
-0.687038 -2.21305 -2.21305 -2.21305 -2.21305 -2.21305 -2.21305 -2.21305 -2.21305 -2.21305 -2.21077 -2.18915 -2.15211 -2.09193 -2.00935 -1.90521 -1.78052 -1.63647 -1.47446 -1.29611 -1.10328 -0.898063 -0.682717 -0.459629 -0.231242 0 0.231242 0.459629 0.682717 0.898063 1.10328 1.29611 1.47446 1.63647 1.78052 1.90521 2.00935 2.09193 2.15211 2.18915 2.21077 2.21305 2.21305 2.21305 2.21305 2.21305 2.21305 2.21305 2.21305 2.21305 0.687038 
-0.810094 -2.38328 -2.38328 -2.38328 -2.38328 -2.38328 -2.38328 -2.38328 -2.38328 -2.38328 -2.38083 -2.35755 -2.3165 -2.2507 -2.16091 -2.04808 -1.91329 -1.75784 -1.58326 -1.39132 -1.184 -0.963544 -0.732352 -0.492962 -0.247976 0 0.247976 0.492962 0.732352 0.963544 1.184 1.39132 1.58326 1.75784 1.91329 2.04808 2.16091 2.2507 2.3165 2.35755 2.38083 2.38328 2.38328 2.38328 2.38328 2.38328 2.38328 2.38328 2.38328 2.38328 0.810094 
-0.951608 -2.55352 -2.55352 -2.55352 -2.55352 -2.55352 -2.55352 -2.55352 -2.55352 -2.55352 -2.55089 -2.52595 -2.4809 -2.40947 -2.31248 -2.19094 -2.04605 -1.87921 -1.69207 -1.48653 -1.26472 -1.02902 -0.781987 -0.526296 -0.26471 0 0.26471 0.526296 0.781987 1.02902 1.26472 1.48653 1.69207 1.87921 2.04605 2.19094 2.31248 2.40947 2.4809 2.52595 2.55089 2.55352 2.55352 2.55352 2.55352 2.55352 2.55352 2.55352 2.55352 2.55352 0.951608 
-1.11435 -2.72375 -2.72375 -2.72375 -2.72375 -2.72375 -2.72375 -2.72375 -2.72375 -2.72375 -2.72094 -2.69434 -2.64529 -2.56824 -2.46405 -2.33381 -2.17881 -2.00057 -1.80087 -1.58173 -1.34544 -1.09451 -0.831623 -0.55963 -0.281444 0 0.281444 0.55963 0.831623 1.09451 1.34544 1.58173 1.80087 2.00057 2.17881 2.33381 2.46405 2.56824 2.64529 2.69434 2.72094 2.72375 2.72375 2.72375 2.72375 2.72375 2.72375 2.72375 2.72375 2.72375 1.11435 
-1.3015 -2.89398 -2.89398 -2.89398 -2.89398 -2.89398 -2.89398 -2.89398 -2.89398 -2.89398 -2.891 -2.86274 -2.80969 -2.72701 -2.61562 -2.47668 -2.31157 -2.12194 -1.90968 -1.67694 -1.42616 -1.15999 -0.881258 -0.592964 -0.298178 0 0.298178 0.592964 0.881258 1.15999 1.42616 1.67694 1.90968 2.12194 2.31157 2.47668 2.61562 2.72701 2.80969 2.86274 2.891 2.89398 2.89398 2.89398 2.89398 2.89398 2.89398 2.89398 2.89398 2.89398 1.3015 
-1.51673 -3.06422 -3.06422 -3.06422 -3.06422 -3.06422 -3.06422 -3.06422 -3.06422 -3.06422 -3.06106 -3.03113 -2.97408 -2.88577 -2.76719 -2.61955 -2.44434 -2.24331 -2.01848 -1.77215 -1.50688 -1.22547 -0.930893 -0.626298 -0.314912 0 0.314912 0.626298 0.930893 1.22547 1.50688 1.77215 2.01848 2.24331 2.44434 2.61955 2.76719 2.88577 2.97408 3.03113 3.06106 3.06422 3.06422 3.06422 3.06422 3.06422 3.06422 3.06422 3.06422 3.06422 1.51673 
-1.76424 -3.23445 -3.23445 -3.23445 -3.23445 -3.23445 -3.23445 -3.23445 -3.23445 -3.23445 -3.23112 -3.19953 -3.13847 -3.04454 -2.91876 -2.76241 -2.5771 -2.36467 -2.12728 -1.86736 -1.5876 -1.29095 -0.980528 -0.659632 -0.331646 0 0.331646 0.659632 0.980528 1.29095 1.5876 1.86736 2.12728 2.36467 2.5771 2.76241 2.91876 3.04454 3.13847 3.19953 3.23112 3.23445 3.23445 3.23445 3.23445 3.23445 3.23445 3.23445 3.23445 3.23445 1.76424 
-2.04887 -3.40469 -3.40469 -3.40469 -3.40469 -3.40469 -3.40469 -3.40469 -3.40469 -3.40469 -3.40118 -3.36793 -3.30287 -3.20331 -3.07032 -2.90528 -2.70986 -2.48604 -2.23609 -1.96257 -1.66833 -1.35643 -1.03016 -0.692966 -0.34838 0 0.34838 0.692966 1.03016 1.35643 1.66833 1.96257 2.23609 2.48604 2.70986 2.90528 3.07032 3.20331 3.30287 3.36793 3.40118 3.40469 3.40469 3.40469 3.40469 3.40469 3.40469 3.40469 3.40469 3.40469 2.04887 
-2.3762 -3.57492 -3.57492 -3.57492 -3.57492 -3.57492 -3.57492 -3.57492 -3.57492 -3.57492 -3.57124 -3.53632 -3.46726 -3.36208 -3.22189 -3.04815 -2.84262 -2.6074 -2.34489 -2.05778 -1.74905 -1.42191 -1.0798 -0.7263 -0.365114 0 0.365114 0.7263 1.0798 1.42191 1.74905 2.05778 2.34489 2.6074 2.84262 3.04815 3.22189 3.36208 3.46726 3.53632 3.57124 3.57492 3.57492 3.57492 3.57492 3.57492 3.57492 3.57492 3.57492 3.57492 2.3762 
-2.75263 -3.74516 -3.74516 -3.74516 -3.74516 -3.74516 -3.74516 -3.74516 -3.74516 -3.74516 -3.7413 -3.70472 -3.63166 -3.52085 -3.37346 -3.19102 -2.97539 -2.72877 -2.45369 -2.15299 -1.82977 -1.48739 -1.12943 -0.759634 -0.381848 0 0.381848 0.759634 1.12943 1.48739 1.82977 2.15299 2.45369 2.72877 2.97539 3.19102 3.37346 3.52085 3.63166 3.70472 3.7413 3.74516 3.74516 3.74516 3.74516 3.74516 3.74516 3.74516 3.74516 3.74516 2.75263 
-3.18553 -3.91539 -3.91539 -3.91539 -3.91539 -3.91539 -3.91539 -3.91539 -3.91539 -3.91539 -3.91136 -3.87312 -3.79605 -3.67962 -3.52503 -3.33388 -3.10815 -2.85014 -2.5625 -2.2482 -1.91049 -1.55287 -1.17907 -0.792967 -0.398582 0 0.398582 0.792967 1.17907 1.55287 1.91049 2.2482 2.5625 2.85014 3.10815 3.33388 3.52503 3.67962 3.79605 3.87312 3.91136 3.91539 3.91539 3.91539 3.91539 3.91539 3.91539 3.91539 3.91539 3.91539 3.18553 
-3.68336 -4.08562 -4.08562 -4.08562 -4.08562 -4.08562 -4.08562 -4.08562 -4.08562 -4.08562 -4.08142 -4.04151 -3.96045 -3.83839 -3.6766 -3.47675 -3.24091 -2.9715 -2.6713 -2.34341 -1.99121 -1.61835 -1.2287 -0.826301 -0.415316 0 0.415316 0.826301 1.2287 1.61835 1.99121 2.34341 2.6713 2.9715 3.24091 3.47675 3.6766 3.83839 3.96045 4.04151 4.08142 4.08562 4.08562 4.08562 4.08562 4.08562 4.08562 4.08562 4.08562 4.08562 3.68336 
-4.25586 -4.25586 -4.25586 -4.25586 -4.25586 -4.25586 -4.25586 -4.25586 -4.25586 -4.25586 -4.25148 -4.20991 -4.12484 -3.99715 -3.82816 -3.61962 -3.37367 -3.09287 -2.7801 -2.43862 -2.07193 -1.68383 -1.27834 -0.859635 -0.43205 0 0.43205 0.859635 1.27834 1.68383 2.07193 2.43862 2.7801 3.09287 3.37367 3.61962 3.82816 3.99715 4.12484 4.20991 4.25148 4.25586 4.25586 4.25586 4.25586 4.25586 4.25586 4.25586 4.25586 4.25586 4.25586 
