ni
101

nj
48

x_vals
4.5424 4.17005 3.83155 3.52382 3.24406 2.98974 2.75854 2.54836 2.35728 2.18357 2.02566 1.8821 1.7516 1.63295 1.52509 1.42704 1.3379 1.25687 1.1832 1.11623 1.05535 1 0.942038 0.885027 0.829052 0.774207 0.720584 0.668281 0.617391 0.568005 0.520209 0.474086 0.429711 0.387152 0.346476 0.307741 0.271006 0.236325 0.203755 0.180628 0.159356 0.138752 0.118784 0.0995013 0.081025 0.0635374 0.0472691 0.0324859 0.0194769 0.00854508 0 -0.00561191 -0.00775277 -0.00613891 -0.000510255 0.0093626 0.0236687 0.0425453 0.0660651 0.0942241 0.12693 0.163994 0.204059 0.239351 0.277003 0.31686 0.358752 0.402499 0.447915 0.494806 0.542974 0.592217 0.642333 0.693116 0.744359 0.795853 0.847384 0.898735 0.949684 1 1.05535 1.11623 1.1832 1.25687 1.3379 1.42704 1.52509 1.63295 1.7516 1.8821 2.02566 2.18357 2.35728 2.54836 2.75854 2.98974 3.24406 3.52382 3.83155 4.17005 4.5424 
4.5424 4.17078 3.83273 3.52529 3.24572 2.9915 2.76035 2.55017 2.35907 2.18531 2.02733 1.88369 1.75309 1.63435 1.5264 1.42824 1.33899 1.25785 1.18407 1.11698 1.05598 1.0005 0.942431 0.885295 0.829194 0.774224 0.720482 0.668063 0.617063 0.567573 0.51968 0.473467 0.429012 0.386386 0.345658 0.30691 0.270158 0.235459 0.202897 0.17971 0.158372 0.137713 0.117711 0.0984711 0.0799727 0.0624498 0.0461457 0.0313315 0.018299 0.00735391 -0.00118965 -0.00678106 -0.00888936 -0.00723377 -0.00155555 0.00837267 0.0227356 0.0416602 0.0651915 0.0932105 0.125883 0.162934 0.203007 0.238374 0.276064 0.315948 0.357863 0.401674 0.447171 0.494157 0.542431 0.591793 0.642037 0.692958 0.744349 0.796 0.847698 0.899224 0.95035 1.00082 1.05624 1.1172 1.18426 1.25802 1.33914 1.42837 1.52652 1.63446 1.75319 1.88377 2.0274 2.18538 2.35912 2.55022 2.76039 2.99154 3.24575 3.52531 3.83274 4.17078 4.5424 
4.5424 4.17157 3.83403 3.52692 3.24755 2.99344 2.76234 2.55216 2.36103 2.18722 2.02916 1.88544 1.75474 1.6359 1.52783 1.42956 1.3402 1.25893 1.18503 1.11782 1.05668 1.00104 0.942851 0.88558 0.829341 0.774236 0.720362 0.667816 0.616695 0.567091 0.519091 0.472781 0.428239 0.38554 0.344758 0.305994 0.269224 0.234506 0.201952 0.178698 0.157287 0.136569 0.116531 0.0973315 0.078809 0.0612477 0.0449047 0.0300567 0.0169989 0.00603946 -0.00250209 -0.00807102 -0.0101436 -0.00844228 -0.00270975 0.00727901 0.0217038 0.0406806 0.0642237 0.0920973 0.124732 0.161767 0.201849 0.237296 0.275029 0.314944 0.356883 0.400761 0.446346 0.493435 0.541827 0.591318 0.641702 0.692774 0.744325 0.796148 0.848027 0.899742 0.95106 1.0017 1.05721 1.11827 1.18543 1.25929 1.34051 1.42984 1.52808 1.63612 1.75494 1.88562 2.02932 2.18736 2.36115 2.55227 2.76242 2.99351 3.2476 3.52695 3.83405 4.17158 4.5424 
4.5424 4.17244 3.83545 3.5287 3.24955 2.99557 2.76453 2.55436 2.36319 2.18932 2.03119 1.88736 1.75656 1.6376 1.52941 1.43101 1.34152 1.26012 1.18609 1.11873 1.05744 1.00163 0.943302 0.885882 0.829492 0.774238 0.72022 0.667535 0.616282 0.566553 0.518437 0.47202 0.427383 0.384604 0.343764 0.304986 0.268196 0.233457 0.200911 0.177582 0.156091 0.135308 0.115232 0.0960707 0.0775217 0.0599186 0.0435333 0.0286486 0.0155633 0.00458852 -0.00395044 -0.00949468 -0.0115282 -0.00977671 -0.0039847 0.00607023 0.0205625 0.0395955 0.063151 0.0908745 0.123467 0.160484 0.200572 0.236106 0.273889 0.313836 0.355802 0.399752 0.445432 0.492634 0.541154 0.590785 0.641322 0.692558 0.744285 0.796293 0.848369 0.900289 0.951813 1.00265 1.05828 1.11945 1.18671 1.26068 1.34202 1.43146 1.52981 1.63795 1.75688 1.88764 2.03143 2.18954 2.36338 2.55452 2.76466 2.99568 3.24963 3.52876 3.83549 4.17246 4.5424 
4.5424 4.17339 3.83701 3.53065 3.25175 2.99791 2.76693 2.55677 2.36557 2.19164 2.03341 1.88948 1.75856 1.63947 1.53115 1.43261 1.34298 1.26144 1.18725 1.11974 1.05828 1.00227 0.943785 0.8862 0.829645 0.774228 0.720052 0.667216 0.615818 0.565952 0.517709 0.471175 0.426435 0.38357 0.342669 0.303875 0.267062 0.232301 0.199763 0.17635 0.154772 0.133919 0.113803 0.094675 0.0760969 0.0584484 0.0420171 0.0270926 0.0139774 0.00298637 -0.0055493 -0.0110665 -0.0130572 -0.0112507 -0.00539362 0.00473358 0.0192991 0.0383929 0.0619613 0.0895309 0.122075 0.159072 0.199165 0.234794 0.272631 0.312616 0.354608 0.398635 0.444418 0.491743 0.540402 0.590186 0.64089 0.692305 0.744224 0.796434 0.848723 0.900864 0.952613 1.00367 1.05945 1.12074 1.18813 1.26222 1.34367 1.43323 1.5317 1.63997 1.759 1.88987 2.03376 2.19194 2.36583 2.55699 2.76712 2.99806 3.25186 3.53073 3.83706 4.17342 4.5424 
4.5424 4.17444 3.83872 3.53279 3.25416 3.00048 2.76957 2.55942 2.36819 2.19418 2.03586 1.89181 1.76076 1.64153 1.53306 1.43438 1.34459 1.26288 1.18853 1.12085 1.0592 1.00296 0.944299 0.886535 0.829798 0.774203 0.719854 0.666852 0.615295 0.565279 0.516897 0.470237 0.425385 0.382427 0.34146 0.30265 0.265813 0.231028 0.198495 0.17499 0.153317 0.132387 0.112228 0.0931294 0.0745191 0.0568214 0.0403401 0.0253724 0.012225 0.00121662 -0.00731493 -0.0128024 -0.0147463 -0.0128796 -0.0069513 0.00325479 0.0179001 0.0370592 0.0606412 0.088054 0.120544 0.157518 0.197615 0.233345 0.271243 0.311269 0.353291 0.397399 0.443294 0.490752 0.539561 0.589513 0.640399 0.692009 0.744136 0.796566 0.849086 0.901467 0.95346 1.00476 1.06072 1.12216 1.18968 1.2639 1.3455 1.43519 1.53379 1.64219 1.76134 1.89233 2.03631 2.19458 2.36853 2.55971 2.76982 3.00068 3.25431 3.5329 3.83879 4.17447 4.5424 
4.5424 4.17558 3.84059 3.53514 3.25681 3.0033 2.77248 2.56234 2.37106 2.19698 2.03855 1.89438 1.76319 1.6438 1.53517 1.43632 1.34635 1.26447 1.18993 1.12206 1.0602 1.0037 0.944846 0.886884 0.829949 0.774159 0.71962 0.666435 0.614705 0.564526 0.515992 0.469193 0.42422 0.381162 0.340126 0.301299 0.264436 0.229625 0.197096 0.173487 0.15171 0.130698 0.110492 0.091417 0.0727711 0.0550198 0.0384844 0.0234697 0.0102876 -0.000739087 -0.00926553 -0.0147204 -0.016613 -0.0146805 -0.00867431 0.00161782 0.0163496 0.0355792 0.0591753 0.0864299 0.118861 0.155807 0.195906 0.231745 0.26971 0.309783 0.351836 0.396031 0.442046 0.489648 0.538622 0.588756 0.639839 0.691662 0.744015 0.796685 0.849455 0.902096 0.954355 1.00593 1.0621 1.12371 1.19138 1.26576 1.3475 1.43734 1.53609 1.64463 1.76392 1.89503 2.03912 2.19748 2.37149 2.5627 2.77278 3.00355 3.257 3.53528 3.84068 4.17562 4.5424 
4.5424 4.17682 3.84264 3.53771 3.25971 3.0064 2.77566 2.56554 2.37422 2.20006 2.04151 1.8972 1.76585 1.6463 1.53749 1.43845 1.3483 1.26622 1.19148 1.12339 1.06129 1.0045 0.945426 0.887246 0.830093 0.774089 0.719343 0.665959 0.614039 0.563681 0.514981 0.468033 0.422927 0.379762 0.338654 0.299808 0.262916 0.228078 0.195549 0.171827 0.149937 0.128835 0.108578 0.089519 0.0708333 0.053024 0.0364297 0.0213643 0.00814473 -0.00290124 -0.0114214 -0.0168406 -0.0186772 -0.0166726 -0.0105813 -0.000195385 0.0146302 0.0339356 0.0575467 0.084643 0.117008 0.153924 0.194022 0.229978 0.268018 0.308143 0.350229 0.394516 0.440659 0.488417 0.53757 0.587902 0.6392 0.691255 0.743854 0.796784 0.849826 0.902749 0.955298 1.00718 1.0636 1.1254 1.19325 1.26779 1.3497 1.43971 1.53862 1.64731 1.76675 1.898 2.04221 2.20067 2.37475 2.56599 2.77604 3.0067 3.25995 3.53788 3.84275 4.17687 4.5424 
4.5424 4.17818 3.84488 3.54053 3.2629 3.0098 2.77916 2.56906 2.3777 2.20344 2.04477 1.9003 1.76878 1.64905 1.54004 1.4408 1.35043 1.26814 1.19317 1.12484 1.06248 1.00536 0.94604 0.887618 0.830226 0.773988 0.719015 0.665413 0.613286 0.562733 0.513852 0.46674 0.421493 0.378212 0.337027 0.298162 0.261238 0.22637 0.193838 0.16999 0.147977 0.126778 0.106467 0.087414 0.0686838 0.0508114 0.0341535 0.0190332 0.0057734 -0.00529281 -0.0138054 -0.0191854 -0.0209607 -0.0188773 -0.0126931 -0.00220514 0.0127221 0.0321087 0.0557358 0.0826756 0.114968 0.15185 0.191945 0.228024 0.266148 0.30633 0.348453 0.392837 0.439118 0.487045 0.536391 0.586938 0.638471 0.690777 0.743643 0.796856 0.850193 0.903423 0.956289 1.00851 1.06521 1.12724 1.19529 1.27002 1.35212 1.44231 1.5414 1.65026 1.76986 1.90126 2.04561 2.20417 2.37833 2.5696 2.77961 3.01016 3.26318 3.54073 3.84501 4.17824 4.5424 
4.5424 4.17966 3.84733 3.54361 3.26638 3.01352 2.783 2.57292 2.38151 2.20715 2.04834 1.90372 1.77201 1.65207 1.54285 1.44338 1.35278 1.27024 1.19502 1.12642 1.06376 1.00628 0.946685 0.887997 0.830343 0.773848 0.718627 0.664787 0.612433 0.561667 0.51259 0.4653 0.419898 0.376495 0.335228 0.296343 0.259385 0.224484 0.191944 0.167958 0.145811 0.124507 0.104135 0.0850781 0.066298 0.0483571 0.0316303 0.0164507 0.00314776 -0.00793958 -0.0164429 -0.0217801 -0.0234884 -0.021319 -0.0150333 -0.00443441 0.0106028 0.0300765 0.0537209 0.0805079 0.112722 0.149566 0.189654 0.225863 0.26408 0.304326 0.346488 0.390974 0.437404 0.485513 0.535069 0.585849 0.637636 0.690215 0.743373 0.796892 0.850551 0.904114 0.957327 1.00993 1.06694 1.12923 1.19751 1.27247 1.35477 1.44516 1.54444 1.6535 1.77328 1.90485 2.04934 2.20802 2.38226 2.57356 2.78353 3.01395 3.26672 3.54385 3.84748 4.17974 4.5424 
4.5424 4.18128 3.85 3.54698 3.2702 3.01761 2.78721 2.57716 2.3857 2.21123 2.05227 1.90746 1.77555 1.65538 1.54592 1.4462 1.35535 1.27254 1.19704 1.12814 1.06514 1.00726 0.947361 0.888378 0.830436 0.77366 0.718167 0.664066 0.611464 0.560467 0.511175 0.463693 0.418126 0.37459 0.333239 0.294332 0.257335 0.222398 0.189844 0.165707 0.143414 0.121996 0.101557 0.0824845 0.0636481 0.0456327 0.0288313 0.0135878 0.000238741 -0.0108705 -0.0193628 -0.024653 -0.0262883 -0.0240248 -0.0176287 -0.00690915 0.00824673 0.0278137 0.0514773 0.0781172 0.110247 0.147048 0.187127 0.223472 0.261792 0.302109 0.344314 0.388908 0.435497 0.483801 0.533583 0.584616 0.63668 0.689556 0.74303 0.796882 0.850889 0.904816 0.958409 1.01142 1.0688 1.13139 1.19994 1.27513 1.35767 1.44829 1.54779 1.65705 1.77704 1.90878 2.05344 2.21225 2.38658 2.5779 2.78783 3.01811 3.27059 3.54727 3.85018 4.18136 4.5424 
4.5424 4.18303 3.85292 3.55067 3.27438 3.02208 2.79183 2.5818 2.39029 2.21571 2.05659 1.91158 1.77943 1.65902 1.5493 1.4493 1.35816 1.27506 1.19924 1.13 1.06662 1.00831 0.948064 0.888755 0.830496 0.773412 0.717621 0.663236 0.610364 0.559114 0.50959 0.461899 0.416154 0.372478 0.331038 0.292106 0.255068 0.22009 0.187514 0.163211 0.140761 0.11922 0.0987049 0.0796028 0.0607026 0.0426062 0.0257242 0.0104119 -0.00298642 -0.0141183 -0.0225974 -0.0278361 -0.0293917 -0.0270257 -0.0205092 -0.00965884 0.00562509 0.0252918 0.0489769 0.075478 0.107519 0.144272 0.184337 0.220826 0.259257 0.299655 0.341907 0.386615 0.433372 0.481887 0.531914 0.583221 0.635584 0.688783 0.742599 0.796813 0.8512 0.905522 0.959532 1.013 1.07079 1.13373 1.20257 1.27804 1.36084 1.45171 1.55146 1.66096 1.78116 1.9131 2.05793 2.21689 2.39131 2.58266 2.79255 3.02266 3.27483 3.551 3.85313 4.18313 4.5424 
4.5424 4.18494 3.85609 3.55469 3.27895 3.02697 2.79688 2.5869 2.39533 2.22062 2.06132 1.91609 1.7837 1.66302 1.553 1.4527 1.36124 1.2778 1.20164 1.13202 1.06821 1.00942 0.948791 0.88912 0.830513 0.773092 0.716975 0.662279 0.609113 0.557587 0.50781 0.459895 0.413957 0.370133 0.3286 0.28964 0.252555 0.217533 0.184925 0.160442 0.137821 0.116146 0.0955459 0.0763985 0.0574258 0.0392413 0.0222723 0.00688603 -0.00656473 -0.0177197 -0.0261833 -0.0313656 -0.0328342 -0.0303565 -0.0237091 -0.012717 0.00270487 0.0224782 0.0461878 0.0725607 0.104509 0.141209 0.181258 0.217895 0.256448 0.296934 0.339239 0.384067 0.431003 0.479744 0.530035 0.581638 0.634326 0.687874 0.742063 0.796671 0.851469 0.906223 0.96069 1.01466 1.0729 1.13623 1.20542 1.28121 1.3643 1.45545 1.55547 1.66523 1.78567 1.91784 2.06287 2.22197 2.39649 2.58788 2.7977 3.02764 3.27947 3.55507 3.85633 4.18505 4.5424 
4.5424 4.18701 3.85955 3.55908 3.28394 3.03232 2.80242 2.59247 2.40085 2.22601 2.06651 1.92104 1.78837 1.66739 1.55705 1.45641 1.3646 1.28079 1.20423 1.13419 1.0699 1.01059 0.949535 0.889464 0.830473 0.772682 0.71621 0.661173 0.607686 0.555861 0.505811 0.457652 0.411509 0.367527 0.325896 0.286905 0.249769 0.214696 0.182045 0.157366 0.13456 0.11274 0.0920426 0.0728327 0.0537776 0.0354968 0.0184339 0.00296831 -0.0105381 -0.0217165 -0.0301617 -0.0352823 -0.0366563 -0.0340568 -0.0272672 -0.0161217 -0.000551571 0.0193356 0.0430738 0.0693318 0.101185 0.137827 0.177855 0.214646 0.253332 0.293916 0.33628 0.381234 0.428361 0.477343 0.527918 0.579841 0.63288 0.686808 0.741402 0.796436 0.851682 0.906907 0.961876 1.01639 1.07514 1.13892 1.2085 1.28464 1.36807 1.45954 1.55986 1.66991 1.79062 1.92303 2.06827 2.22754 2.40217 2.5936 2.80335 3.03308 3.28453 3.55951 3.85982 4.18713 4.5424 
4.5424 4.18925 3.86331 3.56386 3.28939 3.03817 2.80847 2.59858 2.4069 2.2319 2.07219 1.92646 1.79349 1.67217 1.56148 1.46047 1.36826 1.28403 1.20704 1.13652 1.07171 1.01182 0.950288 0.889775 0.830362 0.772164 0.715303 0.659895 0.606058 0.553908 0.503561 0.455141 0.408778 0.364628 0.322894 0.283869 0.246675 0.211543 0.178836 0.153945 0.13094 0.10896 0.0881524 0.068861 0.0497118 0.031326 0.0141618 -0.00138876 -0.0149539 -0.0261559 -0.0345795 -0.0396327 -0.0409036 -0.0381718 -0.0312278 -0.0199166 -0.00418731 0.0158215 0.0395935 0.0657527 0.0975103 0.134091 0.174095 0.211043 0.249872 0.290564 0.332994 0.378083 0.42541 0.474651 0.525531 0.577799 0.631218 0.685557 0.740589 0.796087 0.851822 0.907561 0.963079 1.0182 1.07751 1.14179 1.21182 1.28836 1.37217 1.464 1.56466 1.67502 1.79603 1.92872 2.07418 2.23364 2.40839 2.59985 2.80952 3.03902 3.29005 3.56434 3.86362 4.18939 4.5424 
4.5424 4.19167 3.86739 3.56906 3.29532 3.04455 2.81507 2.60525 2.4135 2.23836 2.07841 1.93239 1.79909 1.6774 1.56632 1.46489 1.37224 1.28755 1.21006 1.13901 1.07361 1.01309 0.951039 0.890037 0.830158 0.771515 0.714228 0.658415 0.604197 0.551694 0.501027 0.452325 0.405728 0.361401 0.319558 0.280492 0.243235 0.208034 0.175256 0.150135 0.126914 0.104761 0.0838263 0.0644326 0.0451763 0.0266756 0.00940214 -0.00623929 -0.0198664 -0.0310918 -0.0394903 -0.0444696 -0.0456283 -0.0427529 -0.0356417 -0.0241518 -0.00825176 0.0118871 0.0356995 0.0617785 0.0934426 0.129958 0.169934 0.207044 0.246026 0.286837 0.329342 0.374572 0.422113 0.471629 0.522836 0.575476 0.629306 0.68409 0.739597 0.795599 0.851866 0.908167 0.964287 1.02006 1.07999 1.14485 1.21538 1.29238 1.37661 1.46884 1.56988 1.6806 1.80195 1.93493 2.08065 2.24031 2.41519 2.60668 2.81626 3.04551 3.29607 3.5696 3.86773 4.19183 4.5424 
4.5424 4.19428 3.87181 3.57471 3.30178 3.0515 2.82228 2.61253 2.42073 2.24541 2.08521 1.93887 1.8052 1.68311 1.57159 1.46969 1.37655 1.29135 1.21331 1.14166 1.07562 1.01441 0.951775 0.890231 0.82984 0.770709 0.712955 0.656701 0.602068 0.549182 0.49817 0.449165 0.402318 0.357804 0.315845 0.276731 0.239402 0.204122 0.171255 0.145886 0.122432 0.100088 0.0790082 0.0594896 0.0401111 0.0214846 0.00409338 -0.011645 -0.0253372 -0.0365855 -0.0449547 -0.0498534 -0.0508903 -0.0478589 -0.0405669 -0.0288845 -0.0128018 0.00747606 0.0313374 0.0573577 0.0889333 0.125382 0.165327 0.202602 0.241747 0.282688 0.325277 0.370658 0.418424 0.468233 0.519791 0.572831 0.627104 0.682369 0.738392 0.794942 0.851788 0.908704 0.965482 1.02197 1.08259 1.14808 1.21918 1.29671 1.38142 1.4741 1.57557 1.68669 1.8084 1.94171 2.08771 2.24759 2.42261 2.61414 2.82361 3.05258 3.30261 3.57531 3.87219 4.19446 4.5424 
4.5424 4.19709 3.87659 3.58084 3.3088 3.05907 2.83014 2.62048 2.42861 2.2531 2.09263 1.94594 1.81186 1.68933 1.57732 1.47491 1.38122 1.29544 1.21678 1.14447 1.07771 1.01576 0.952478 0.890335 0.82938 0.769711 0.711448 0.654712 0.599629 0.546328 0.494943 0.445614 0.398501 0.353788 0.311704 0.272536 0.235124 0.199752 0.166777 0.14114 0.117433 0.09488 0.0736333 0.0539655 0.0344478 0.0156833 -0.0018349 -0.0176766 -0.0314369 -0.0427072 -0.0510427 -0.0558533 -0.0567579 -0.0535576 -0.0460704 -0.0341811 -0.0179031 0.00252384 0.0264446 0.0524302 0.083926 0.120307 0.16022 0.197663 0.23698 0.278064 0.320748 0.366289 0.414294 0.464414 0.516346 0.569816 0.624567 0.680352 0.736935 0.79408 0.851557 0.909144 0.966643 1.02392 1.08529 1.15148 1.22323 1.30135 1.38661 1.4798 1.58174 1.6933 1.81542 1.9491 2.09542 2.25554 2.43071 2.62226 2.83162 3.06027 3.30972 3.58151 3.87701 4.19729 4.5424 
4.5424 4.20011 3.88174 3.58747 3.31641 3.0673 2.83869 2.62913 2.43719 2.26149 2.10071 1.95364 1.81912 1.69609 1.58354 1.48055 1.38626 1.29983 1.22048 1.14743 1.07989 1.01711 0.953123 0.89032 0.828743 0.768486 0.709664 0.652403 0.596831 0.543081 0.491294 0.441618 0.394221 0.349297 0.30708 0.267847 0.23034 0.194859 0.161756 0.135829 0.111849 0.0890644 0.0676268 0.0477834 0.0281076 0.00919146 -0.00846363 -0.0244153 -0.0382465 -0.0495376 -0.0578342 -0.0625486 -0.0633098 -0.059927 -0.0522293 -0.0401181 -0.0236314 -0.0030444 0.0209486 0.0469263 0.0783547 0.114671 0.154551 0.192164 0.231663 0.272902 0.315692 0.361406 0.409663 0.460113 0.512445 0.566376 0.621642 0.67799 0.735178 0.79297 0.851136 0.909457 0.967744 1.02587 1.08807 1.15505 1.22753 1.30631 1.39218 1.48595 1.58843 1.70049 1.82306 1.95715 2.10381 2.26419 2.43952 2.63111 2.84033 3.06862 3.31744 3.58821 3.88221 4.20033 4.5424 
4.5424 4.20335 3.8873 3.59464 3.32466 3.07622 2.84797 2.63854 2.44653 2.27061 2.1095 1.96201 1.827 1.70342 1.59028 1.48665 1.39167 1.30452 1.2244 1.15053 1.08212 1.01845 0.953683 0.89015 0.827889 0.766986 0.707554 0.649721 0.593617 0.539382 0.487162 0.437114 0.389416 0.344267 0.301905 0.262594 0.224979 0.189371 0.156113 0.129875 0.105597 0.0825574 0.0609016 0.0408546 0.0209995 0.00191667 -0.015886 -0.0319544 -0.0458593 -0.0571696 -0.0654217 -0.0700311 -0.0706371 -0.0670573 -0.0591332 -0.0467843 -0.0300748 -0.00931537 0.0147654 0.0407646 0.0721427 0.1084 0.148249 0.186035 0.225724 0.267131 0.310042 0.355941 0.404465 0.455265 0.508024 0.562448 0.618268 0.675224 0.733069 0.791564 0.850479 0.909602 0.968751 1.02781 1.09092 1.15877 1.23205 1.31158 1.39816 1.49257 1.59565 1.70827 1.83135 1.96589 2.11292 2.2736 2.4491 2.64072 2.84979 3.07768 3.32579 3.59545 3.88781 4.20359 4.5424 
4.5424 4.20681 3.89326 3.60236 3.33357 3.08588 2.85804 2.64874 2.45667 2.28052 2.11905 1.9711 1.83555 1.71135 1.59755 1.49321 1.39747 1.30951 1.22853 1.15376 1.0844 1.01975 0.954121 0.889785 0.82677 0.765158 0.70506 0.646602 0.589921 0.535162 0.482476 0.432031 0.38401 0.338622 0.296101 0.256697 0.218956 0.183198 0.14976 0.123185 0.098584 0.0752608 0.0533568 0.033076 0.0130183 -0.00624798 -0.0242099 -0.0404022 -0.0543833 -0.0657106 -0.073912 -0.0784069 -0.0788451 -0.0750531 -0.066886 -0.054283 -0.0373358 -0.0163899 0.00779723 0.0338498 0.0651993 0.101408 0.141229 0.179194 0.219082 0.260669 0.303715 0.349814 0.398622 0.449793 0.503006 0.557959 0.614374 0.671987 0.730543 0.789802 0.849536 0.909534 0.969623 1.02969 1.0938 1.16261 1.2368 1.31717 1.40453 1.49967 1.60343 1.71667 1.84032 1.97536 2.12281 2.2838 2.4595 2.65115 2.86004 3.08749 3.33481 3.60325 3.89383 4.20707 4.5424 
4.5424 4.2105 3.89965 3.61066 3.34318 3.09631 2.86893 2.65979 2.46765 2.29125 2.1294 1.98094 1.84478 1.71992 1.60537 1.50023 1.40365 1.31479 1.23286 1.15709 1.08668 1.02097 0.954393 0.889172 0.825328 0.762938 0.70211 0.642973 0.585667 0.53034 0.477154 0.426283 0.377918 0.332272 0.289574 0.25006 0.212172 0.176238 0.14259 0.11565 0.0906974 0.06706 0.0448745 0.0243277 0.00404156 -0.0154266 -0.0335604 -0.0498839 -0.0639436 -0.0752855 -0.0834294 -0.0877997 -0.0880568 -0.0840365 -0.0756091 -0.0627348 -0.045534 -0.0243856 -7.03196e-05 0.0260701 0.0574179 0.0935927 0.133395 0.171543 0.21164 0.253421 0.296617 0.342933 0.392043 0.443609 0.497305 0.552824 0.609879 0.6682 0.727527 0.787617 0.848242 0.909195 0.970311 1.03148 1.09669 1.16655 1.24174 1.32306 1.4113 1.50726 1.61178 1.72572 1.85 1.98559 2.13351 2.29485 2.47076 2.66243 2.87112 3.09807 3.34454 3.61164 3.90027 4.21079 4.5424 
4.5424 4.21441 3.90647 3.61957 3.35351 3.10755 2.88068 2.67173 2.47952 2.30286 2.14057 1.99155 1.85474 1.72913 1.61376 1.50774 1.41021 1.32035 1.23736 1.16048 1.08893 1.02206 0.954444 0.888249 0.823493 0.76025 0.698625 0.638748 0.580762 0.524823 0.471099 0.419771 0.371037 0.325111 0.282216 0.242569 0.204509 0.16837 0.134479 0.107144 0.0818063 0.0578199 0.0353165 0.0144692 -0.00607337 -0.0257638 -0.0440832 -0.0605458 -0.0746863 -0.0860398 -0.0941187 -0.0983537 -0.0984156 -0.0941504 -0.0854446 -0.0722812 -0.0548096 -0.0334404 -0.00897147 0.0172941 0.0486724 0.0848338 0.12463 0.162969 0.203285 0.245274 0.288638 0.33519 0.384623 0.436609 0.49082 0.546944 0.604687 0.663771 0.723933 0.784926 0.846522 0.908519 0.970754 1.03312 1.09952 1.17055 1.24686 1.32923 1.41845 1.51533 1.6207 1.73543 1.86042 1.99663 2.14506 2.30679 2.48291 2.67461 2.88307 3.10948 3.35499 3.62063 3.90715 4.21473 4.5424 
4.5424 4.21856 3.91374 3.62909 3.36459 3.11963 2.89332 2.68459 2.49232 2.31536 2.15261 2.00298 1.86544 1.73899 1.62272 1.51571 1.41713 1.32616 1.242 1.1639 1.0911 1.02297 0.954205 0.88694 0.821183 0.757003 0.694507 0.633823 0.5751 0.5185 0.464196 0.412377 0.363246 0.317014 0.273896 0.23409 0.195828 0.159451 0.12528 0.097514 0.0717555 0.0473815 0.0245205 0.00333561 -0.0174938 -0.037429 -0.0559488 -0.0725588 -0.0867823 -0.0981439 -0.10615 -0.110238 -0.11009 -0.105563 -0.0965599 -0.0830885 -0.0653273 -0.0437162 -0.0190644 0.00736652 0.0388131 0.0749882 0.114797 0.15334 0.193887 0.2361 0.27965 0.326459 0.376239 0.428672 0.483432 0.540204 0.598686 0.658594 0.719661 0.781635 0.844289 0.907423 0.970879 1.03455 1.10226 1.17456 1.2521 1.33565 1.42597 1.52388 1.63021 1.74581 1.87159 2.00849 2.15749 2.31963 2.496 2.68772 2.89592 3.12172 3.36619 3.63024 3.91447 4.2189 4.5424 
4.5424 4.22293 3.92144 3.63922 3.37642 3.13257 2.90689 2.6984 2.50607 2.3288 2.16554 2.01524 1.87689 1.74953 1.63224 1.52414 1.42439 1.33218 1.24673 1.16729 1.09312 1.02361 0.953595 0.885154 0.818297 0.753092 0.689641 0.628079 0.568556 0.511239 0.45631 0.403962 0.354399 0.30783 0.264459 0.224463 0.185964 0.149309 0.114818 0.0865821 0.0603612 0.0355566 0.0122949 -0.00926723 -0.0304165 -0.0506209 -0.0693575 -0.0861238 -0.100432 -0.111799 -0.119723 -0.123652 -0.123279 -0.118472 -0.109152 -0.0953531 -0.0772817 -0.0554044 -0.0305362 -0.0038964 0.0276618 0.0638849 0.103732 0.142494 0.183288 0.225743 0.269501 0.316591 0.366746 0.419657 0.475004 0.532469 0.591746 0.652543 0.714589 0.777629 0.841435 0.905809 0.970595 1.03569 1.10482 1.17853 1.25743 1.34227 1.43382 1.53289 1.64028 1.75687 1.88352 2.02118 2.17081 2.33342 2.51006 2.70179 2.9097 3.13483 3.37816 3.64047 3.92223 4.22329 4.5424 
4.5424 4.22752 3.92958 3.64998 3.38902 3.14638 2.92139 2.71318 2.52079 2.34319 2.17937 2.02833 1.88909 1.76071 1.6423 1.53299 1.43194 1.33837 1.2515 1.17059 1.09491 1.0239 0.952512 0.88278 0.814716 0.748386 0.683893 0.621372 0.56098 0.502887 0.447281 0.394359 0.344324 0.297382 0.25372 0.213495 0.174719 0.137742 0.102885 0.0741341 0.0474046 0.0221219 -0.00158728 -0.0235693 -0.0450742 -0.0655746 -0.0845459 -0.101478 -0.115874 -0.127241 -0.135076 -0.138833 -0.138218 -0.133112 -0.123456 -0.109308 -0.0909033 -0.0687318 -0.0436093 -0.0167132 0.0150059 0.0513191 0.0912364 0.130243 0.171304 0.214022 0.258012 0.305411 0.355971 0.409396 0.465372 0.523581 0.583712 0.64547 0.708577 0.772775 0.837836 0.903562 0.969797 1.03644 1.10711 1.18236 1.26275 1.34903 1.44196 1.5423 1.6509 1.76857 1.89621 2.03472 2.18504 2.34816 2.52509 2.71683 2.92442 3.14881 3.39089 3.65132 3.93042 4.22791 4.5424 
4.5424 4.23232 3.93814 3.66134 3.40238 3.16106 2.93683 2.72894 2.53648 2.35853 2.1941 2.04225 1.90203 1.77253 1.65287 1.54222 1.43974 1.34465 1.25621 1.17369 1.09637 1.02372 0.950833 0.879685 0.810296 0.742732 0.677099 0.613533 0.552193 0.493257 0.436916 0.383368 0.332815 0.285453 0.241455 0.200958 0.161856 0.124506 0.0892309 0.059915 0.0326249 0.00681154 -0.017396 -0.039844 -0.0617432 -0.082569 -0.101795 -0.118904 -0.13339 -0.144753 -0.152488 -0.156061 -0.155188 -0.149764 -0.139751 -0.12523 -0.106467 -0.0839684 -0.0585488 -0.0313446 0.000590756 0.0370447 0.0770746 0.116356 0.15771 0.200718 0.244967 0.292709 0.34371 0.397691 0.454343 0.513351 0.574404 0.6372 0.701456 0.766915 0.833342 0.90054 0.968352 1.03667 1.10904 1.18597 1.268 1.35587 1.45031 1.55209 1.66201 1.7809 1.90963 2.04908 2.20018 2.36386 2.54109 2.73285 2.94008 3.16367 3.40438 3.66278 3.93905 4.23274 4.5424 
4.5424 4.23732 3.9471 3.6733 3.41647 3.17659 2.9532 2.74565 2.55315 2.3748 2.20971 2.05697 1.91567 1.78493 1.6639 1.55176 1.44769 1.35095 1.26078 1.17648 1.09738 1.02295 0.948407 0.875707 0.804864 0.735948 0.669065 0.604355 0.541982 0.482127 0.424983 0.370748 0.31962 0.271784 0.227397 0.186573 0.147091 0.109309 0.0735575 0.043619 0.0157099 -0.0106922 -0.0354536 -0.0584176 -0.0807532 -0.101937 -0.121438 -0.138736 -0.153316 -0.164673 -0.172299 -0.175673 -0.174525 -0.168763 -0.158369 -0.143452 -0.1243 -0.101438 -0.0756724 -0.0481031 -0.0158892 0.0207648 0.0609593 0.100556 0.142238 0.185569 0.230112 0.278234 0.32972 0.384303 0.441687 0.501558 0.563605 0.627525 0.69303 0.759857 0.827772 0.896575 0.966106 1.03625 1.11046 1.18923 1.27307 1.36269 1.4588 1.56216 1.67356 1.79381 1.92374 2.06424 2.21619 2.38049 2.55807 2.74983 2.95667 3.17937 3.41862 3.67483 3.94807 4.23777 4.5424 
4.5424 4.2425 3.95644 3.6858 3.43128 3.19293 2.97046 2.7633 2.57074 2.39198 2.22617 2.07245 1.92996 1.79785 1.67531 1.56152 1.45571 1.35713 1.26507 1.17884 1.09777 1.0214 0.945052 0.870649 0.798211 0.72781 0.659557 0.593595 0.530091 0.469229 0.411203 0.356209 0.304438 0.256063 0.211221 0.170009 0.13008 0.0918012 0.0555052 0.0248782 -0.0037156 -0.0307709 -0.056147 -0.0796815 -0.1025 -0.124076 -0.143879 -0.161379 -0.176058 -0.187404 -0.194912 -0.198073 -0.196632 -0.190511 -0.179713 -0.164371 -0.144797 -0.121527 -0.0953624 -0.0673646 -0.0348026 0.00212077 0.042543 0.0825072 0.124562 0.168257 0.213135 0.261685 0.313706 0.368949 0.427127 0.487934 0.551059 0.616197 0.683059 0.751377 0.820914 0.891465 0.962867 1.035 1.11122 1.19199 1.27781 1.36935 1.46731 1.57242 1.68546 1.80721 1.93849 2.08014 2.23302 2.39801 2.57596 2.76774 2.97414 3.19589 3.43355 3.68743 3.95746 4.24298 4.5424 
4.5424 4.24783 3.96611 3.69881 3.44673 3.21004 2.98856 2.78182 2.5892 2.40999 2.24339 2.0886 1.94481 1.8112 1.68698 1.57139 1.46365 1.36306 1.26892 1.18057 1.09737 1.01887 0.940545 0.864273 0.790082 0.71805 0.648293 0.580956 0.516209 0.454238 0.395237 0.339398 0.286902 0.237907 0.192536 0.150861 0.110411 0.0715566 0.0346397 0.00324901 -0.0261039 -0.0538844 -0.0799426 -0.104108 -0.127459 -0.149468 -0.169599 -0.187319 -0.202102 -0.213436 -0.220818 -0.223752 -0.222 -0.215497 -0.204268 -0.188469 -0.168433 -0.144708 -0.118081 -0.0895836 -0.0565953 -0.0193227 0.0214029 0.0617991 0.104285 0.148396 0.193662 0.242695 0.295314 0.351284 0.410331 0.472158 0.536456 0.602921 0.67126 0.741203 0.812508 0.884966 0.958407 1.0327 1.11111 1.19407 1.28205 1.3757 1.4757 1.58275 1.69759 1.821 1.95376 2.09669 2.25062 2.41635 2.59472 2.78651 2.99245 3.21317 3.44913 3.70054 3.96719 4.24834 4.5424 
4.5424 4.2533 3.97606 3.71226 3.46276 3.22783 3.00741 2.80112 2.60845 2.42874 2.26128 2.10532 1.96009 1.82484 1.69878 1.5812 1.47135 1.36855 1.27213 1.18146 1.09592 1.0151 0.934613 0.856289 0.780172 0.706345 0.634929 0.566076 0.499957 0.436759 0.376673 0.319885 0.266565 0.216856 0.170862 0.12864 0.0875788 0.0480607 0.0104343 -0.0218063 -0.0520029 -0.0805896 -0.107405 -0.132268 -0.156209 -0.178696 -0.199188 -0.217146 -0.232043 -0.243363 -0.25061 -0.253304 -0.251221 -0.244312 -0.232622 -0.216331 -0.195788 -0.171547 -0.144388 -0.115312 -0.0818089 -0.0440952 -0.00297671 0.0379313 0.0809203 0.125517 0.171235 0.220821 0.274112 0.330891 0.390897 0.453842 0.519423 0.587337 0.657289 0.729007 0.802243 0.876783 0.952448 1.0291 1.10989 1.19525 1.28559 1.38156 1.48379 1.59296 1.7098 1.83504 1.96944 2.11379 2.26885 2.43542 2.61424 2.80605 3.0115 3.23113 3.46529 3.71407 3.9772 4.25383 4.5424 
4.5424 4.25886 3.98623 3.72607 3.47926 3.2462 3.0269 2.8211 2.62835 2.4481 2.2797 2.12246 1.97566 1.83859 1.71052 1.59075 1.47858 1.37336 1.27444 1.18124 1.09315 1.00979 0.926923 0.846344 0.768104 0.692296 0.619049 0.548518 0.480876 0.41631 0.355006 0.297144 0.242881 0.192344 0.145621 0.102748 0.0609729 0.0206867 -0.0177515 -0.0509419 -0.0820791 -0.111564 -0.139222 -0.164859 -0.189455 -0.21247 -0.23336 -0.251581 -0.266603 -0.277913 -0.285018 -0.287456 -0.285022 -0.27768 -0.265496 -0.248668 -0.227564 -0.202742 -0.174969 -0.145223 -0.111105 -0.0728442 -0.0312272 0.0102897 0.0538726 0.0990388 0.145291 0.195517 0.249573 0.30726 0.368332 0.432513 0.499505 0.56901 0.640731 0.714393 0.789743 0.866559 0.944653 1.02387 1.10727 1.19524 1.28816 1.38666 1.49135 1.60286 1.72189 1.84915 1.98536 2.13126 2.28758 2.45506 2.63439 2.82624 3.03118 3.24964 3.48191 3.72796 3.98743 4.25942 4.5424 
4.5424 4.26448 3.99655 3.74013 3.49612 3.26501 3.04688 2.84157 2.64873 2.46789 2.29845 2.13981 1.99129 1.85223 1.72195 1.59979 1.48508 1.3772 1.27556 1.17957 1.08869 1.00255 0.917069 0.834004 0.75342 0.675421 0.600142 0.527743 0.4584 0.392299 0.32962 0.270533 0.215183 0.163682 0.116098 0.0724546 0.0298443 -0.0113315 -0.0507012 -0.0849576 -0.117148 -0.147637 -0.176235 -0.202733 -0.228058 -0.251662 -0.272994 -0.291509 -0.306673 -0.317976 -0.324934 -0.327103 -0.324295 -0.31649 -0.303771 -0.286357 -0.264627 -0.239143 -0.210665 -0.180142 -0.145293 -0.106364 -0.0641239 -0.0218805 0.022408 0.0682507 0.115139 0.166113 0.221049 0.279766 0.342035 0.407592 0.476149 0.547409 0.621079 0.696879 0.774549 0.85386 0.934612 1.01664 1.10288 1.1937 1.28946 1.39073 1.4981 1.61218 1.73362 1.86309 2.00129 2.14889 2.3066 2.47509 2.655 2.84691 3.05132 3.26858 3.49887 3.7421 3.9978 4.26507 4.5424 
4.5424 4.27011 4.00694 3.75431 3.51319 3.28407 3.06715 2.86234 2.66938 2.48787 2.3173 2.15712 2.00672 1.86549 1.73278 1.60799 1.4905 1.37972 1.27508 1.17605 1.0821 0.992906 0.90455 0.818738 0.735557 0.655123 0.577579 0.503091 0.431836 0.363998 0.299752 0.239258 0.182648 0.130018 0.0814217 0.0368642 -0.00672605 -0.0489351 -0.0893772 -0.124837 -0.158212 -0.18983 -0.219482 -0.246943 -0.273084 -0.297348 -0.319178 -0.338023 -0.353353 -0.364658 -0.371465 -0.373352 -0.370144 -0.36184 -0.348539 -0.330477 -0.308043 -0.281805 -0.252509 -0.221089 -0.185374 -0.145632 -0.102624 -0.0595117 -0.01438 0.0322714 0.0799226 0.131779 0.187738 0.247636 0.311263 0.378368 0.448672 0.521885 0.597713 0.675873 0.7561 0.838154 0.921823 1.00692 1.09628 1.19022 1.28907 1.39338 1.50369 1.62058 1.74467 1.87658 2.01695 2.16644 2.32568 2.49528 2.67584 2.86785 3.07173 3.28776 3.51603 3.75635 4.00823 4.27072 4.5424 
4.5424 4.2757 4.01728 3.76849 3.53027 3.30319 3.08748 2.88316 2.69003 2.50777 2.33595 2.17408 2.02161 1.87799 1.74264 1.61497 1.49443 1.38045 1.27253 1.17016 1.07284 0.980289 0.888751 0.799895 0.713824 0.63067 0.550587 0.473745 0.400326 0.33051 0.264466 0.202344 0.144264 0.0903075 0.0405121 -0.00513027 -0.0498726 -0.0932861 -0.134968 -0.171794 -0.206511 -0.239406 -0.270248 -0.298794 -0.325855 -0.350865 -0.37326 -0.392486 -0.408011 -0.419333 -0.42599 -0.427578 -0.423944 -0.415097 -0.401156 -0.38237 -0.35914 -0.332034 -0.30179 -0.269325 -0.232587 -0.191864 -0.147912 -0.10376 -0.0576165 -0.00999253 0.0385803 0.0914876 0.148646 0.209914 0.275098 0.34396 0.416234 0.491634 0.569868 0.650651 0.733709 0.818792 0.905673 0.99415 1.08693 1.18429 1.28653 1.39416 1.5077 1.62767 1.75465 1.88923 2.032 2.18355 2.34448 2.51533 2.69662 2.88879 3.09218 3.30697 3.53319 3.77059 4.01861 4.27634 4.5424 
4.5424 4.2812 4.02747 3.78249 3.54718 3.32211 3.1076 2.90372 2.71034 2.52722 2.35401 2.19028 2.03555 1.88931 1.75105 1.62023 1.49634 1.37886 1.26733 1.16129 1.06025 0.963985 0.868916 0.776668 0.687367 0.601158 0.518209 0.438698 0.362809 0.29072 0.222596 0.158578 0.098773 0.0432495 -0.00796833 -0.0549018 -0.101004 -0.145829 -0.188953 -0.227344 -0.263591 -0.29794 -0.330137 -0.359915 -0.388024 -0.413887 -0.436932 -0.4566 -0.472363 -0.483724 -0.490233 -0.491508 -0.487413 -0.477972 -0.463318 -0.443715 -0.419574 -0.391462 -0.360113 -0.326429 -0.288478 -0.246572 -0.201468 -0.156067 -0.108704 -0.059905 -0.0102135 0.0439543 0.102535 0.165407 0.232393 0.303272 0.377787 0.45566 0.536599 0.620316 0.706529 0.794974 0.885408 0.97761 1.07415 1.17528 1.28124 1.39252 1.50959 1.63295 1.76311 1.90061 2.04601 2.19984 2.36263 2.53488 2.71702 2.90943 3.11237 3.32596 3.55015 3.78464 4.02884 4.28185 4.5424 
4.5424 4.28654 4.03739 3.79613 3.56366 3.34056 3.12718 2.92365 2.72992 2.54581 2.37104 2.20525 2.04802 1.89891 1.75745 1.62317 1.49559 1.37427 1.25876 1.14865 1.0435 0.943118 0.84411 0.748063 0.655126 0.565463 0.479256 0.396693 0.317962 0.243242 0.172693 0.106449 0.044607 -0.0127768 -0.06569 -0.114166 -0.161881 -0.208369 -0.253184 -0.293381 -0.331392 -0.367414 -0.401167 -0.43236 -0.461676 -0.488525 -0.512327 -0.53252 -0.548575 -0.560005 -0.566373 -0.567319 -0.562722 -0.552622 -0.537166 -0.51663 -0.491433 -0.462147 -0.4295 -0.394383 -0.354988 -0.311656 -0.265146 -0.218239 -0.169403 -0.119177 -0.0681209 -0.0124303 0.0478513 0.11262 0.181717 0.254935 0.332029 0.412723 0.496731 0.583756 0.673508 0.765709 0.860098 0.95643 1.05713 1.16242 1.27248 1.38778 1.50874 1.6358 1.76946 1.91018 2.05847 2.21482 2.37968 2.55349 2.73663 2.9294 3.13198 3.34444 3.56666 3.79831 4.03878 4.28721 4.5424 
4.5424 4.29166 4.0469 3.80921 3.57945 3.3582 3.14583 2.94253 2.7483 2.56303 2.3865 2.21841 2.05842 1.90614 1.76116 1.62306 1.49143 1.36585 1.24593 1.13132 1.02159 0.916606 0.813177 0.712846 0.615787 0.522187 0.432246 0.346162 0.264133 0.186339 0.11294 0.0440627 -0.0202024 -0.0798084 -0.134754 -0.185082 -0.234723 -0.283187 -0.33 -0.372304 -0.412368 -0.450337 -0.485898 -0.518734 -0.549458 -0.577463 -0.602159 -0.622983 -0.639405 -0.650947 -0.657185 -0.657782 -0.652633 -0.641792 -0.625418 -0.603802 -0.577371 -0.5467 -0.512516 -0.475702 -0.43458 -0.389521 -0.341291 -0.292563 -0.241934 -0.189967 -0.13724 -0.0796972 -0.0173649 0.0496708 0.121267 0.197228 0.277319 0.361271 0.448792 0.539583 0.633342 0.729773 0.828593 0.929534 1.03487 1.14477 1.25937 1.37911 1.50435 1.63551 1.77301 1.91728 2.06877 2.2279 2.39507 2.57066 2.75498 2.94826 3.15063 3.36208 3.58246 3.81139 4.04829 4.29233 4.5424 
4.5424 4.29647 4.05584 3.8215 3.59425 3.37467 3.16315 2.95988 2.76495 2.57829 2.39975 2.22909 2.06602 1.91023 1.76135 1.61903 1.48289 1.35259 1.22777 1.10812 0.993262 0.883111 0.774684 0.669481 0.56771 0.469582 0.375319 0.285136 0.199242 0.117823 0.0410413 -0.030977 -0.0981467 -0.160427 -0.217825 -0.270393 -0.322354 -0.373185 -0.422383 -0.467176 -0.50966 -0.549921 -0.587612 -0.622382 -0.654768 -0.684147 -0.709917 -0.731509 -0.748396 -0.760107 -0.766233 -0.766456 -0.760692 -0.749004 -0.731568 -0.708684 -0.680791 -0.64847 -0.612448 -0.573606 -0.5304 -0.483238 -0.432899 -0.381951 -0.329131 -0.275026 -0.22024 -0.160429 -0.0956022 -0.0258312 0.0487545 0.127972 0.21159 0.299343 0.390936 0.48606 0.584398 0.685636 0.789465 0.89559 1.00611 1.12116 1.24083 1.36549 1.49549 1.63118 1.77293 1.92113 2.07616 2.23839 2.40817 2.5858 2.77153 2.96553 3.16788 3.37851 3.59724 3.82367 4.05723 4.29714 4.5424 
4.5424 4.3009 4.06406 3.83277 3.60776 3.38959 3.17864 2.97517 2.77927 2.59094 2.41007 2.23649 2.06998 1.91025 1.75703 1.61 1.46884 1.33326 1.20295 1.07764 0.95699 0.840976 0.726844 0.616051 0.508837 0.405448 0.30613 0.211123 0.120649 0.0349102 -0.0459256 -0.121728 -0.192413 -0.257942 -0.318327 -0.373627 -0.428406 -0.482106 -0.534184 -0.581955 -0.62733 -0.670328 -0.710562 -0.747642 -0.782021 -0.813056 -0.840132 -0.862673 -0.880153 -0.892108 -0.898144 -0.897966 -0.891503 -0.878834 -0.860146 -0.835755 -0.80611 -0.771799 -0.733556 -0.692263 -0.64652 -0.596778 -0.543836 -0.49016 -0.43464 -0.377893 -0.320554 -0.257941 -0.190053 -0.116946 -0.0387413 0.0443853 0.132206 0.224452 0.320822 0.420991 0.524625 0.631385 0.740934 0.852944 0.969335 1.09018 1.21552 1.3457 1.481 1.62173 1.76822 1.9208 2.07979 2.24551 2.41824 2.59822 2.78566 2.98067 3.18326 3.39334 3.61068 3.83489 4.06544 4.30157 4.5424 
4.5424 4.30488 4.0714 3.84275 3.61962 3.40251 3.19182 2.98779 2.79058 2.6002 2.41661 2.2397 2.06927 1.90513 1.74702 1.5947 1.4479 1.30636 1.16984 1.03811 0.910863 0.788136 0.667426 0.550144 0.436573 0.326997 0.221695 0.120938 0.0249743 -0.0659761 -0.151729 -0.232144 -0.30713 -0.376647 -0.440709 -0.499378 -0.557624 -0.614843 -0.670446 -0.721832 -0.770712 -0.81703 -0.860345 -0.900225 -0.937028 -0.970087 -0.998771 -1.0225 -1.04074 -1.05303 -1.05901 -1.05839 -1.05113 -1.0373 -1.01712 -0.990908 -0.959135 -0.922397 -0.881439 -0.837149 -0.788286 -0.735349 -0.679164 -0.622106 -0.563226 -0.503184 -0.442651 -0.376547 -0.30486 -0.227639 -0.144999 -0.0571147 0.0357819 0.133413 0.235462 0.341587 0.451425 0.564607 0.680765 0.799531 0.922624 1.05006 1.18183 1.31823 1.4595 1.6059 1.7577 1.9152 2.07865 2.24831 2.42442 2.60717 2.7967 2.99306 3.19624 3.40612 3.62243 3.84481 4.07273 4.30553 4.5424 
4.5424 4.30831 4.07768 3.8512 3.62948 3.413 3.20212 2.99711 2.79813 2.60524 2.41844 2.23765 2.06275 1.89357 1.72993 1.57161 1.41839 1.27008 1.12647 0.987364 0.852513 0.722004 0.593614 0.468706 0.347609 0.230657 0.118173 0.0104682 -0.0921733 -0.189499 -0.2813 -0.367415 -0.447737 -0.522218 -0.590866 -0.653746 -0.716314 -0.777913 -0.837894 -0.893741 -0.946942 -0.997347 -1.04446 -1.08778 -1.12757 -1.16314 -1.19383 -1.21904 -1.23826 -1.25103 -1.25698 -1.25587 -1.24766 -1.23245 -1.21046 -1.18203 -1.14764 -1.10791 -1.06359 -1.01559 -0.962841 -0.905901 -0.845636 -0.784333 -0.721225 -0.657024 -0.592452 -0.521946 -0.445488 -0.363123 -0.27497 -0.181212 -0.0820925 0.0220919 0.131001 0.24426 0.361474 0.482236 0.606133 0.732756 0.863599 0.998625 1.13775 1.28124 1.42929 1.58212 1.73996 1.90303 2.07155 2.24574 2.42577 2.61178 2.80387 3.00206 3.20628 3.41639 3.63214 3.85315 4.07895 4.30893 4.5424 
4.5424 4.31113 4.08275 3.85786 3.63699 3.42058 3.20898 3.00243 2.80112 2.60513 2.41449 2.22916 2.04907 1.87409 1.70408 1.53887 1.37829 1.22218 1.07036 0.922695 0.778961 0.63931 0.501826 0.367817 0.237675 0.11179 -0.00945471 -0.125695 -0.236594 -0.341852 -0.441218 -0.534496 -0.621552 -0.702315 -0.776781 -0.84501 -0.913062 -0.980207 -1.04572 -1.10717 -1.16579 -1.22131 -1.27317 -1.32079 -1.36432 -1.40303 -1.43623 -1.46332 -1.48379 -1.49719 -1.50317 -1.5015 -1.49217 -1.47528 -1.45107 -1.4199 -1.38227 -1.3388 -1.29027 -1.23761 -1.17996 -1.11794 -1.05247 -0.985764 -0.917255 -0.847731 -0.777978 -0.701839 -0.619293 -0.530395 -0.435276 -0.334139 -0.227256 -0.114957 0.00238006 0.124337 0.25047 0.380321 0.513426 0.649324 0.789259 0.93313 1.08079 1.23248 1.38834 1.54855 1.7133 1.88277 2.05714 2.23657 2.4212 2.61112 2.80638 3.00696 3.21279 3.4237 3.63944 3.85965 4.08392 4.31171 4.5424 
4.5424 4.31326 4.08645 3.86249 3.64182 3.42483 3.21183 3.00306 2.7987 2.59885 2.40358 2.21287 2.02668 1.84493 1.6675 1.49427 1.32511 1.15987 0.998432 0.840676 0.686409 0.535846 0.387414 0.242364 0.101156 -0.0357453 -0.167881 -0.294812 -0.416127 -0.531457 -0.640486 -0.742961 -0.838697 -0.927586 -1.0096 -1.08477 -1.15993 -1.23425 -1.3069 -1.37553 -1.44107 -1.50311 -1.56099 -1.61405 -1.66229 -1.70494 -1.7413 -1.77077 -1.79283 -1.80705 -1.8131 -1.81079 -1.8001 -1.78117 -1.75423 -1.71966 -1.67797 -1.6298 -1.57595 -1.51738 -1.45345 -1.38489 -1.31268 -1.23896 -1.16342 -1.08694 -1.01042 -0.926923 -0.836453 -0.739084 -0.63498 -0.524384 -0.407617 -0.285064 -0.157164 -0.0243975 0.112725 0.25368 0.397938 0.544976 0.695752 0.850104 1.00782 1.16911 1.33409 1.50291 1.6757 1.85263 2.03383 2.21942 2.40951 2.60414 2.80333 3.00705 3.21519 3.42758 3.64397 3.86407 4.08749 4.31377 4.5424 
4.5424 4.31464 4.08867 3.86489 3.64367 3.42533 3.21014 2.99831 2.79001 2.58537 2.38444 2.18725 1.99379 1.80399 1.61778 1.43506 1.25571 1.07963 0.906713 0.736855 0.569877 0.406052 0.244194 0.0854836 -0.0695334 -0.220302 -0.36627 -0.506894 -0.641664 -0.770109 -0.891812 -1.00643 -1.11368 -1.2134 -1.30549 -1.38995 -1.4746 -1.55846 -1.64056 -1.71863 -1.79319 -1.86366 -1.92926 -1.98924 -2.04342 -2.09101 -2.13131 -2.16372 -2.18775 -2.20299 -2.20916 -2.20609 -2.19378 -2.17236 -2.14208 -2.10331 -2.05657 -2.00249 -1.94189 -1.87573 -1.80367 -1.72654 -1.64542 -1.56237 -1.47743 -1.39164 -1.306 -1.21263 -1.11155 -1.00289 -0.886882 -0.763847 -0.634184 -0.498368 -0.356925 -0.210428 -0.0594734 0.0953283 0.253367 0.414046 0.577997 0.744996 0.914776 1.08753 1.26335 1.44237 1.6247 1.81047 1.99978 2.19273 2.38938 2.58976 2.79386 3.00162 3.21292 3.4276 3.64546 3.86621 4.08953 4.31507 4.5424 
4.5424 4.31527 4.08936 3.86498 3.64238 3.42182 3.2035 2.9876 2.77427 2.56362 2.35572 2.15061 1.94829 1.74874 1.55189 1.35767 1.16599 0.976735 0.789815 0.605136 0.422499 0.242221 0.0635582 -0.112396 -0.285004 -0.453609 -0.617545 -0.776151 -0.928785 -1.07484 -1.21374 -1.34501 -1.46821 -1.58303 -1.68924 -1.78675 -1.88469 -1.98182 -2.07689 -2.1677 -2.25424 -2.33571 -2.41118 -2.47985 -2.54135 -2.59493 -2.63993 -2.6758 -2.70211 -2.71853 -2.72482 -2.72086 -2.70665 -2.68232 -2.6481 -2.60433 -2.55147 -2.49013 -2.42107 -2.34522 -2.26258 -2.17406 -2.08085 -1.98496 -1.88692 -1.78802 -1.68953 -1.58227 -1.46635 -1.34203 -1.20967 -1.06973 -0.922733 -0.769297 -0.610068 -0.44573 -0.276987 -0.104546 0.0708877 0.248633 0.428942 0.611537 0.796105 0.982849 1.17187 1.36327 1.55716 1.75365 1.95281 2.15472 2.35942 2.56689 2.77712 2.99004 3.20555 3.42349 3.64369 3.86594 4.09 4.31558 4.5424 
4.5424 4.31519 4.08861 3.86284 3.63801 3.41429 3.19178 2.97062 2.75089 2.53268 2.31606 2.10104 1.88766 1.67591 1.46574 1.25712 1.04996 0.844173 0.639664 0.436326 0.233919 0.0327863 -0.167291 -0.365349 -0.560674 -0.752536 -0.940192 -1.12289 -1.29989 -1.47043 -1.63378 -1.78923 -1.93612 -2.07382 -2.20182 -2.31974 -2.43829 -2.55537 -2.66913 -2.77746 -2.87975 -2.97504 -3.06244 -3.1412 -3.2109 -3.27095 -3.32086 -3.36024 -3.38879 -3.40629 -3.41259 -3.40762 -3.3914 -3.36402 -3.32564 -3.27651 -3.21698 -3.14748 -3.06861 -2.9811 -2.8852 -2.78178 -2.67196 -2.5576 -2.43984 -2.32056 -2.20193 -2.0732 -1.93478 -1.78719 -1.63107 -1.46711 -1.29603 -1.11858 -0.935526 -0.747645 -0.555708 -0.360481 -0.162732 0.0367878 0.237878 0.44021 0.643442 0.847814 1.05343 1.2604 1.46881 1.67875 1.89026 2.10339 2.31815 2.53453 2.75249 2.97198 3.19292 3.41521 3.63873 3.86336 4.08896 4.31536 4.5424 
4.5424 4.31459 4.08677 3.85895 3.63113 3.40332 3.1755 2.94768 2.71986 2.49204 2.26423 2.03641 1.80859 1.58077 1.35296 1.12514 0.897321 0.669503 0.441686 0.213868 -0.0141154 -0.241803 -0.468831 -0.69458 -0.918432 -1.13978 -1.35801 -1.57254 -1.78277 -1.98814 -2.18808 -2.38205 -2.56952 -2.74997 -2.92292 -3.08789 -3.24442 -3.39211 -3.53053 -3.65932 -3.77812 -3.8866 -3.98448 -4.07148 -4.14736 -4.21193 -4.26499 -4.30642 -4.33609 -4.35393 -4.35988 -4.35393 -4.33609 -4.30642 -4.26499 -4.21193 -4.14736 -4.07148 -3.98448 -3.8866 -3.77812 -3.65932 -3.53053 -3.39211 -3.24442 -3.08789 -2.92292 -2.74997 -2.56952 -2.38205 -2.18808 -1.98814 -1.78277 -1.57254 -1.35801 -1.13978 -0.918432 -0.69458 -0.468831 -0.241803 -0.0141154 0.213868 0.441686 0.669503 0.897321 1.12514 1.35296 1.58077 1.80859 2.03641 2.26423 2.49204 2.71986 2.94768 3.1755 3.40332 3.63113 3.85895 4.08677 4.31459 4.5424 

y_vals
0 0 0 0 0 0 0 0 0 0 0 0 0 0 0 0 0 0 0 0 0 1.93394e-16 -0.0357705 -0.0691726 -0.100351 -0.12939 -0.156316 -0.181095 -0.20364 -0.223822 -0.241478 -0.256428 -0.268483 -0.277464 -0.283212 -0.285598 -0.284536 -0.279987 -0.271963 -0.261136 -0.248382 -0.233569 -0.216605 -0.197435 -0.176028 -0.15237 -0.126455 -0.0982749 -0.0678191 -0.0350694 0 0.0362384 0.07244 0.108467 0.144065 0.178873 0.212425 0.244165 0.27346 0.299621 0.321916 0.339603 0.351961 0.359808 0.363851 0.364021 0.3603 0.35272 0.341354 0.326314 0.307734 0.285761 0.260542 0.232211 0.200876 0.166608 0.129435 0.0893351 0.0462319 -1.65638e-16 0 0 0 0 0 0 0 0 0 0 0 0 0 0 0 0 0 0 0 0 0 
-0.005 -0.00495886 -0.00491974 -0.00488103 -0.00484199 -0.0048025 -0.0047629 -0.00472386 -0.00468635 -0.00465161 -0.00462116 -0.00459688 -0.00458107 -0.0045767 -0.00458775 -0.00461991 -0.00468193 -0.00478856 -0.00496806 -0.00528565 -0.00594968 -0.00833971 -0.0417007 -0.0741468 -0.10477 -0.133412 -0.160017 -0.184514 -0.206801 -0.226736 -0.244153 -0.258868 -0.270692 -0.279445 -0.284971 -0.287145 -0.285888 -0.281155 -0.272909 -0.262006 -0.249181 -0.234293 -0.217266 -0.198111 -0.176658 -0.15293 -0.126931 -0.0986565 -0.0680997 -0.0352453 -7.29204e-05 0.0362695 0.0725803 0.108717 0.144423 0.179332 0.212975 0.244791 0.274132 0.300244 0.322653 0.340505 0.353071 0.361045 0.365265 0.365632 0.362126 0.354772 0.343642 0.328844 0.310515 0.288807 0.26387 0.235852 0.204878 0.171056 0.134482 0.0952952 0.0539016 0.0119959 0.00735423 0.00615402 0.00558674 0.00525887 0.00505248 0.00491828 0.00483128 0.00477714 0.0047468 0.00473414 0.00473474 0.00474527 0.00476313 0.00478623 0.0048129 0.00484181 0.00487198 0.00490279 0.00493404 0.00496608 0.005 
-0.0105 -0.0104138 -0.0103318 -0.0102506 -0.0101687 -0.0100859 -0.0100028 -0.00992091 -0.00984215 -0.00976916 -0.00970514 -0.00965397 -0.00962051 -0.00961094 -0.0096336 -0.00970034 -0.00982939 -0.0100514 -0.0104251 -0.0110843 -0.0124456 -0.0168724 -0.0480889 -0.0795702 -0.109605 -0.137819 -0.164074 -0.188264 -0.210268 -0.229933 -0.247088 -0.261545 -0.273115 -0.281619 -0.286902 -0.288846 -0.287374 -0.28244 -0.273956 -0.262969 -0.250065 -0.235094 -0.217998 -0.198856 -0.177351 -0.153546 -0.127453 -0.0990753 -0.0684074 -0.0354378 -0.000152109 0.0363049 0.0727356 0.108993 0.144817 0.179837 0.213581 0.24548 0.27487 0.300936 0.323467 0.341499 0.354289 0.362407 0.36682 0.367401 0.36413 0.357024 0.346152 0.33162 0.313567 0.292147 0.267521 0.239843 0.209262 0.17592 0.139981 0.101732 0.0619588 0.0234892 0.0153233 0.0128881 0.0117152 0.0110338 0.0106042 0.0103246 0.0101433 0.0100306 0.00996762 0.00994152 0.0099431 0.00996542 0.010003 0.0100516 0.0101076 0.0101683 0.0102316 0.0102962 0.0103617 0.0104289 0.0105 
-0.01655 -0.0164145 -0.0162854 -0.0161577 -0.0160289 -0.0158985 -0.0157677 -0.0156386 -0.0155145 -0.0153994 -0.0152984 -0.0152174 -0.0151642 -0.0151484 -0.0151832 -0.0152869 -0.0154882 -0.0158348 -0.0164174 -0.0174417 -0.019525 -0.0256738 -0.0549742 -0.0854805 -0.114894 -0.142645 -0.16852 -0.192377 -0.21407 -0.23344 -0.250308 -0.264482 -0.275773 -0.284004 -0.289021 -0.290714 -0.289009 -0.283854 -0.275117 -0.264034 -0.251043 -0.235981 -0.218811 -0.199675 -0.178112 -0.154222 -0.128027 -0.0995349 -0.0687446 -0.0356484 -0.00023801 0.0363449 0.0729077 0.109298 0.145251 0.180394 0.214248 0.246238 0.275683 0.301706 0.324367 0.342595 0.355629 0.363907 0.368529 0.369344 0.36633 0.359496 0.348905 0.334665 0.316915 0.295812 0.271523 0.244217 0.214061 0.181235 0.145969 0.108684 0.0704635 0.0348048 0.0239354 0.0202487 0.0184344 0.0173739 0.0167034 0.0162668 0.0159837 0.0158078 0.0157097 0.0156694 0.0156725 0.015708 0.0157675 0.0158442 0.0159325 0.0160281 0.0161277 0.0162294 0.0163326 0.0164383 0.01655 
-0.023205 -0.0230155 -0.0228349 -0.0226562 -0.0224758 -0.0222933 -0.0221101 -0.0219293 -0.0217554 -0.0215939 -0.0214519 -0.021338 -0.0212626 -0.0212394 -0.0212865 -0.0214298 -0.0217085 -0.0221889 -0.0229955 -0.0244066 -0.0272261 -0.0348144 -0.0623973 -0.0919186 -0.120675 -0.14793 -0.173393 -0.196884 -0.218239 -0.237286 -0.253838 -0.267703 -0.278689 -0.286621 -0.291348 -0.292766 -0.290807 -0.285409 -0.276402 -0.265215 -0.252126 -0.236965 -0.219714 -0.200576 -0.178949 -0.154964 -0.128657 -0.100039 -0.0691142 -0.0358786 -0.000331083 0.0363905 0.0730985 0.109635 0.145731 0.181008 0.214983 0.247072 0.276578 0.302562 0.325363 0.343803 0.3571 0.365559 0.370409 0.371479 0.368744 0.362208 0.351926 0.338006 0.320586 0.299829 0.275909 0.249008 0.219314 0.187041 0.152486 0.116191 0.0794682 0.0461575 0.0332155 0.0282846 0.0257972 0.024332 0.023403 0.0227972 0.0224044 0.0221606 0.0220249 0.0219697 0.0219749 0.0220254 0.0221092 0.0222168 0.0223406 0.0224745 0.0226141 0.0227565 0.0229008 0.0230487 0.023205 
-0.0305255 -0.0302769 -0.03004 -0.0298053 -0.0295685 -0.0293288 -0.0290881 -0.0288505 -0.0286217 -0.0284092 -0.0282221 -0.0280715 -0.0279713 -0.0279392 -0.0279988 -0.0281838 -0.0285453 -0.0291688 -0.0302138 -0.0320311 -0.0355883 -0.0443626 -0.0704011 -0.0989281 -0.126993 -0.153714 -0.178731 -0.201824 -0.22281 -0.241502 -0.257709 -0.271235 -0.281888 -0.289492 -0.293902 -0.295021 -0.292784 -0.287121 -0.277828 -0.266522 -0.253325 -0.238055 -0.220717 -0.201568 -0.179869 -0.15578 -0.129349 -0.100592 -0.0695193 -0.0361302 -0.000431795 0.0364424 0.0733102 0.110007 0.146259 0.181684 0.215791 0.24799 0.277563 0.303516 0.326465 0.345134 0.358718 0.367379 0.372476 0.373823 0.371394 0.365183 0.35524 0.341669 0.324611 0.304233 0.280716 0.254255 0.225059 0.193381 0.159576 0.124296 0.0890225 0.0577056 0.0431891 0.0370463 0.0338601 0.031966 0.0307606 0.0299733 0.0294627 0.029146 0.0289704 0.0288997 0.0289079 0.0289751 0.0290858 0.0292276 0.0293905 0.0295666 0.0297499 0.0299369 0.0301264 0.0303205 0.0305255 
-0.0385781 -0.0382649 -0.0379662 -0.0376703 -0.0373716 -0.0370692 -0.0367655 -0.0364655 -0.0361765 -0.0359077 -0.0356707 -0.0354794 -0.0353513 -0.0353085 -0.0353805 -0.0356094 -0.0360588 -0.0368343 -0.0381314 -0.0403705 -0.0446531 -0.0543864 -0.0790311 -0.106556 -0.133893 -0.160043 -0.184576 -0.207237 -0.227818 -0.246123 -0.261952 -0.275107 -0.285394 -0.292641 -0.296705 -0.297499 -0.294959 -0.289005 -0.27941 -0.267973 -0.254655 -0.239264 -0.221832 -0.20266 -0.18088 -0.156677 -0.130108 -0.101199 -0.0699631 -0.0364052 -0.000540617 0.0365017 0.0735452 0.110419 0.146843 0.182429 0.216682 0.249 0.278648 0.304577 0.327687 0.346603 0.360496 0.369382 0.37475 0.376399 0.374302 0.368446 0.358873 0.345684 0.329023 0.309059 0.285982 0.259998 0.231342 0.200299 0.167285 0.133042 0.0991755 0.0695763 0.0538849 0.0465867 0.0426835 0.040338 0.0388387 0.0378576 0.0372211 0.0368267 0.0366088 0.0365222 0.0365343 0.0366205 0.0367611 0.0369406 0.0371465 0.0373689 0.0376003 0.0378362 0.0380752 0.0383199 0.0385781 
-0.0474359 -0.0470522 -0.0466859 -0.0463229 -0.0459565 -0.0455854 -0.0452126 -0.0448441 -0.0444888 -0.0441581 -0.043866 -0.0436295 -0.0434699 -0.0434141 -0.043498 -0.0437726 -0.0443147 -0.0452506 -0.0468119 -0.0494838 -0.0544656 -0.0649548 -0.0883358 -0.114851 -0.141427 -0.166965 -0.190975 -0.213164 -0.233305 -0.251186 -0.266602 -0.279351 -0.289238 -0.296094 -0.299781 -0.300221 -0.297351 -0.291081 -0.281166 -0.269581 -0.256129 -0.240607 -0.22307 -0.203864 -0.181992 -0.157662 -0.130942 -0.101865 -0.0704492 -0.0367055 -0.000658019 0.0365693 0.0738062 0.110874 0.147486 0.18325 0.217663 0.250112 0.279844 0.30576 0.329041 0.348224 0.36245 0.371589 0.37725 0.379228 0.377492 0.372024 0.362855 0.350086 0.333858 0.314346 0.291748 0.266284 0.238209 0.207845 0.175661 0.142479 0.109978 0.0818793 0.0653367 0.0569607 0.0523318 0.0495156 0.0477057 0.0465188 0.0457483 0.0452715 0.0450089 0.0449063 0.0449237 0.0450313 0.0452052 0.0454264 0.0456796 0.0459527 0.0462368 0.0465263 0.0468195 0.0471195 0.0474359 
-0.0571794 -0.0567187 -0.0562786 -0.0558423 -0.0554017 -0.0549554 -0.0545068 -0.0540631 -0.053635 -0.0532361 -0.052883 -0.0525962 -0.0524009 -0.0523294 -0.0524243 -0.052746 -0.0533848 -0.0544887 -0.0563241 -0.0594335 -0.0650745 -0.0761392 -0.0983676 -0.12387 -0.149647 -0.174532 -0.197978 -0.219654 -0.239314 -0.256732 -0.271697 -0.284001 -0.293452 -0.299881 -0.303157 -0.303212 -0.299983 -0.29337 -0.283116 -0.271367 -0.257765 -0.242099 -0.224447 -0.205192 -0.183216 -0.158744 -0.131858 -0.102596 -0.0709817 -0.0370335 -0.000784461 0.0366468 0.0740964 0.111377 0.148197 0.184156 0.218744 0.251338 0.281162 0.307078 0.330542 0.350014 0.3646 0.374019 0.38 0.382336 0.380992 0.375947 0.36722 0.354908 0.339155 0.320136 0.298059 0.273159 0.245711 0.216071 0.184758 0.152657 0.121484 0.094714 0.0775845 0.0682259 0.0628735 0.0595713 0.0574359 0.0560316 0.0551195 0.0545556 0.0542466 0.0541279 0.0541524 0.0542842 0.0544951 0.0547623 0.0550676 0.0553965 0.0557384 0.0560866 0.056439 0.0567996 0.0571794 
-0.0678974 -0.0673526 -0.0668318 -0.0663152 -0.0657935 -0.0652648 -0.0647332 -0.0642071 -0.063699 -0.0632248 -0.0628043 -0.0624614 -0.0622258 -0.0621351 -0.0622395 -0.0626088 -0.0633478 -0.0646255 -0.0667417 -0.0702864 -0.0765339 -0.0880142 -0.109183 -0.133668 -0.158613 -0.182802 -0.205637 -0.226758 -0.245893 -0.262806 -0.277277 -0.289095 -0.29807 -0.304034 -0.306862 -0.306499 -0.30288 -0.295894 -0.285283 -0.273351 -0.259582 -0.243757 -0.225979 -0.206655 -0.184562 -0.159934 -0.132864 -0.103397 -0.0715649 -0.0373915 -0.000920384 0.0367355 0.0744193 0.111935 0.148983 0.185155 0.219935 0.252687 0.282616 0.308548 0.332209 0.351991 0.366965 0.376697 0.383026 0.38575 0.384833 0.380247 0.372003 0.360191 0.344955 0.326475 0.304966 0.280676 0.253904 0.225034 0.194632 0.163633 0.133751 0.108175 0.0906755 0.0804431 0.0743816 0.0705834 0.0681097 0.0664778 0.0654169 0.0647619 0.0644049 0.0642706 0.0643043 0.0644637 0.0647158 0.0650339 0.0653965 0.0657866 0.0661918 0.0666042 0.0670215 0.0674483 0.0678974 
-0.0796871 -0.0790508 -0.0784418 -0.0778376 -0.0772271 -0.0766083 -0.0759857 -0.0753692 -0.0747731 -0.0742161 -0.0737208 -0.0733153 -0.0730339 -0.07292 -0.0730313 -0.0734481 -0.0742892 -0.0757448 -0.0781445 -0.0821136 -0.0889038 -0.100658 -0.120843 -0.144309 -0.168387 -0.191834 -0.214013 -0.234531 -0.253094 -0.269456 -0.283387 -0.294675 -0.303129 -0.308586 -0.310928 -0.310112 -0.30607 -0.29868 -0.287692 -0.275556 -0.261601 -0.245602 -0.227682 -0.208271 -0.186044 -0.161243 -0.133968 -0.104276 -0.0722036 -0.0377822 -0.0010662 0.0368374 0.0747788 0.112552 0.14985 0.186258 0.221249 0.254175 0.284221 0.310188 0.334061 0.354176 0.369567 0.379646 0.386356 0.389501 0.389045 0.384961 0.377243 0.365977 0.351305 0.333412 0.312521 0.288892 0.262845 0.234795 0.205345 0.175465 0.146841 0.122356 0.104665 0.0936769 0.0869336 0.0826362 0.0798147 0.0779464 0.0767306 0.0759811 0.075575 0.0754263 0.0754717 0.0756626 0.0759606 0.076335 0.0767607 0.077218 0.0776926 0.0781753 0.0786635 0.0791625 0.0796871 
-0.0926558 -0.0919197 -0.0912146 -0.0905146 -0.0898072 -0.0890898 -0.0883677 -0.087652 -0.0869593 -0.0863108 -0.0857328 -0.0852574 -0.0849237 -0.0847815 -0.0848964 -0.085359 -0.0863026 -0.0879371 -0.0906182 -0.0949918 -0.102251 -0.114154 -0.133415 -0.155861 -0.179036 -0.201696 -0.223169 -0.243032 -0.260974 -0.276734 -0.290076 -0.300786 -0.308672 -0.313577 -0.315391 -0.314085 -0.309583 -0.301758 -0.290373 -0.278009 -0.263847 -0.247655 -0.229577 -0.210056 -0.187677 -0.162681 -0.135182 -0.105241 -0.072903 -0.0382083 -0.00122226 0.0369545 0.0751795 0.113236 0.150809 0.187475 0.222697 0.255815 0.285995 0.312019 0.336119 0.356593 0.372432 0.382896 0.390019 0.393622 0.393667 0.390126 0.382982 0.372311 0.358255 0.341002 0.320781 0.297867 0.272599 0.245419 0.216961 0.188218 0.160823 0.137349 0.119616 0.107996 0.100612 0.0958203 0.0926456 0.0905345 0.089159 0.0883126 0.0878573 0.0876959 0.0877563 0.0879832 0.0883326 0.0887691 0.0892642 0.0897954 0.0903459 0.0909055 0.0914711 0.0920489 0.0926558 
-0.106921 -0.106077 -0.105267 -0.104462 -0.103649 -0.102824 -0.101993 -0.101168 -0.10037 -0.0996203 -0.0989506 -0.0983968 -0.0980034 -0.0978268 -0.0979405 -0.0984458 -0.09949 -0.101301 -0.104255 -0.109003 -0.116651 -0.128591 -0.146973 -0.168397 -0.190634 -0.212459 -0.233172 -0.252327 -0.269594 -0.284698 -0.297398 -0.307477 -0.314744 -0.319049 -0.32029 -0.318454 -0.313455 -0.305161 -0.293357 -0.280739 -0.266348 -0.249942 -0.231687 -0.212029 -0.189475 -0.164264 -0.136515 -0.106299 -0.0736688 -0.0386729 -0.00138889 0.0370893 0.0756265 0.113995 0.15187 0.188819 0.224295 0.257625 0.287955 0.314063 0.33841 0.359268 0.375588 0.386477 0.394053 0.39815 0.398737 0.395787 0.389266 0.379245 0.36586 0.349303 0.32981 0.307668 0.283235 0.256977 0.229553 0.201963 0.17577 0.153251 0.135602 0.123477 0.115505 0.110233 0.106705 0.104348 0.10281 0.101865 0.101362 0.10119 0.10127 0.101538 0.101945 0.10245 0.103022 0.103634 0.104267 0.104911 0.105561 0.106225 0.106921 
-0.122614 -0.121651 -0.120727 -0.119808 -0.11888 -0.117937 -0.116987 -0.116043 -0.115128 -0.114267 -0.113496 -0.112854 -0.112392 -0.112174 -0.11228 -0.112822 -0.113962 -0.115943 -0.119154 -0.124238 -0.132186 -0.144064 -0.161597 -0.181995 -0.203261 -0.2242 -0.244099 -0.262488 -0.27902 -0.29341 -0.30541 -0.314801 -0.321396 -0.325048 -0.32567 -0.323261 -0.317726 -0.308927 -0.296681 -0.283781 -0.269133 -0.252491 -0.234037 -0.214212 -0.191459 -0.166006 -0.13798 -0.107461 -0.0745073 -0.0391793 -0.00156629 0.0372446 0.0761255 0.114837 0.153044 0.190304 0.22606 0.259623 0.290125 0.316347 0.340961 0.362232 0.379068 0.390425 0.398493 0.403128 0.4043 0.401991 0.396148 0.386832 0.374178 0.358378 0.339674 0.318366 0.294827 0.269544 0.243196 0.216777 0.191765 0.170161 0.152703 0.140201 0.131708 0.125979 0.122104 0.119502 0.117801 0.116759 0.116209 0.116032 0.116135 0.116451 0.116922 0.117504 0.118159 0.11886 0.119585 0.12032 0.121063 0.12182 0.122614 
-0.139875 -0.138784 -0.137736 -0.136694 -0.135639 -0.134568 -0.133487 -0.132413 -0.131369 -0.130386 -0.129502 -0.128762 -0.128221 -0.127951 -0.128041 -0.128614 -0.129841 -0.131979 -0.135424 -0.140792 -0.14895 -0.160676 -0.177377 -0.196743 -0.217001 -0.237003 -0.256028 -0.27359 -0.289325 -0.302938 -0.314176 -0.322819 -0.328682 -0.331627 -0.331578 -0.328553 -0.322439 -0.3131 -0.300387 -0.287172 -0.272239 -0.255335 -0.236654 -0.216629 -0.193647 -0.167924 -0.139591 -0.108735 -0.0754255 -0.0397311 -0.00175459 0.0374236 0.0766832 0.115772 0.154344 0.191946 0.228008 0.26183 0.292529 0.318899 0.343806 0.365518 0.382906 0.394779 0.403384 0.4086 0.410405 0.408788 0.403681 0.395134 0.383274 0.368296 0.350447 0.330038 0.307455 0.283204 0.257974 0.232743 0.208897 0.188185 0.171014 0.158258 0.149322 0.143172 0.138964 0.136121 0.13426 0.133125 0.132533 0.132354 0.132488 0.132858 0.133401 0.134067 0.134816 0.135614 0.136438 0.137273 0.138116 0.138976 0.139875 
-0.158862 -0.157633 -0.15645 -0.155272 -0.15408 -0.152869 -0.151646 -0.15043 -0.149245 -0.148127 -0.147117 -0.146265 -0.145635 -0.145302 -0.145365 -0.145956 -0.147257 -0.149534 -0.153181 -0.158774 -0.167048 -0.178537 -0.19441 -0.212735 -0.231949 -0.250961 -0.26905 -0.285718 -0.300589 -0.313358 -0.323767 -0.331596 -0.336665 -0.338844 -0.338071 -0.334382 -0.327644 -0.317728 -0.30452 -0.290956 -0.275706 -0.25851 -0.239571 -0.219308 -0.196064 -0.170037 -0.141363 -0.110135 -0.076431 -0.0403321 -0.00195378 0.0376303 0.0773071 0.116811 0.155784 0.193762 0.230162 0.264271 0.295194 0.321753 0.34698 0.369165 0.387144 0.399582 0.408773 0.414619 0.417105 0.416238 0.411929 0.404215 0.393219 0.379133 0.36221 0.342768 0.321207 0.298045 0.273976 0.249954 0.227265 0.207436 0.190635 0.177749 0.168457 0.161932 0.157414 0.154342 0.152329 0.151105 0.150477 0.150304 0.150476 0.150909 0.151534 0.152294 0.153144 0.154049 0.154981 0.155926 0.156879 0.157849 0.158862 
-0.179749 -0.178369 -0.177039 -0.175715 -0.174374 -0.17301 -0.171632 -0.170259 -0.16892 -0.167653 -0.166503 -0.165526 -0.164792 -0.164382 -0.164404 -0.164998 -0.166355 -0.168745 -0.172553 -0.178302 -0.186594 -0.197767 -0.212806 -0.230076 -0.248206 -0.266171 -0.283259 -0.298964 -0.312898 -0.32475 -0.334258 -0.341203 -0.345411 -0.346762 -0.34521 -0.340807 -0.333401 -0.322867 -0.309134 -0.295182 -0.279578 -0.262056 -0.242824 -0.222281 -0.198735 -0.172367 -0.143312 -0.111671 -0.0775322 -0.0409864 -0.00216371 0.0378691 0.0780058 0.117967 0.157381 0.195771 0.232544 0.266972 0.298155 0.324946 0.350525 0.373218 0.391828 0.404884 0.414713 0.421241 0.424461 0.424403 0.420958 0.414148 0.404089 0.39097 0.375047 0.356646 0.336177 0.314164 0.291302 0.268512 0.246978 0.228034 0.211683 0.198786 0.189233 0.182392 0.177595 0.174314 0.17216 0.170858 0.170203 0.170045 0.170265 0.17077 0.171486 0.17235 0.173313 0.174334 0.175386 0.176449 0.177521 0.178611 0.179749 
-0.202724 -0.201181 -0.199693 -0.19821 -0.196706 -0.195177 -0.19363 -0.192086 -0.190577 -0.189145 -0.187839 -0.186722 -0.185866 -0.185363 -0.185327 -0.185904 -0.187293 -0.189762 -0.193678 -0.199505 -0.207718 -0.218498 -0.232684 -0.248879 -0.265883 -0.282742 -0.298761 -0.313427 -0.326348 -0.337205 -0.345736 -0.351722 -0.354998 -0.355455 -0.353064 -0.347896 -0.339773 -0.328582 -0.314288 -0.299906 -0.283908 -0.26602 -0.246453 -0.225582 -0.201691 -0.174939 -0.145459 -0.11336 -0.0787387 -0.0416988 -0.00238404 0.0381452 0.0787889 0.119253 0.159153 0.197998 0.235182 0.269965 0.301446 0.32852 0.354488 0.377727 0.397011 0.41074 0.421265 0.428531 0.432541 0.433355 0.430843 0.425013 0.415969 0.403897 0.389055 0.371773 0.352467 0.331668 0.31006 0.288527 0.268156 0.25011 0.234284 0.221494 0.211783 0.204695 0.199663 0.196198 0.193922 0.192555 0.191885 0.191753 0.192033 0.192623 0.193441 0.194421 0.195507 0.196657 0.197837 0.19903 0.200231 0.201452 0.202724 
-0.227996 -0.226278 -0.224618 -0.222962 -0.221284 -0.219574 -0.217842 -0.216112 -0.214417 -0.212802 -0.211323 -0.210046 -0.209051 -0.208434 -0.208317 -0.208853 -0.210241 -0.212747 -0.216709 -0.222529 -0.230564 -0.240874 -0.254179 -0.269271 -0.285104 -0.300795 -0.31567 -0.329218 -0.341043 -0.350823 -0.358294 -0.363242 -0.365511 -0.365005 -0.361713 -0.355726 -0.346835 -0.334942 -0.320049 -0.30519 -0.288753 -0.270455 -0.250504 -0.229253 -0.204965 -0.177779 -0.147825 -0.115217 -0.0800609 -0.0424741 -0.00261424 0.0384644 0.0796677 0.120686 0.16112 0.200467 0.238105 0.273287 0.305111 0.332524 0.358924 0.382749 0.402754 0.417215 0.428496 0.43656 0.441421 0.443173 0.441669 0.436897 0.428952 0.418013 0.404337 0.388256 0.37019 0.350671 0.33037 0.310125 0.290932 0.273808 0.258582 0.246011 0.236252 0.228997 0.223783 0.22017 0.217797 0.216385 0.215717 0.215626 0.215979 0.216667 0.217602 0.21871 0.219932 0.221221 0.222543 0.223877 0.225218 0.226579 0.227996 
-0.255796 -0.253889 -0.252043 -0.250201 -0.248332 -0.246427 -0.244495 -0.242561 -0.240661 -0.238846 -0.237173 -0.235716 -0.234558 -0.233804 -0.233579 -0.234041 -0.23539 -0.237878 -0.241815 -0.247535 -0.255291 -0.265054 -0.277437 -0.291392 -0.306004 -0.32046 -0.334113 -0.346459 -0.3571 -0.365714 -0.372037 -0.375864 -0.377046 -0.375504 -0.371245 -0.364384 -0.354673 -0.342032 -0.326496 -0.311108 -0.294179 -0.27542 -0.25503 -0.233339 -0.208596 -0.180919 -0.150434 -0.117259 -0.0815106 -0.0433178 -0.00285351 0.0388338 0.080655 0.122284 0.163308 0.203207 0.241349 0.276977 0.309198 0.337012 0.363894 0.388351 0.409126 0.42438 0.436483 0.44541 0.451185 0.453947 0.453528 0.4499 0.443142 0.433427 0.421007 0.406215 0.389471 0.371302 0.352362 0.333443 0.315452 0.299284 0.284732 0.272494 0.2628 0.255469 0.250139 0.246423 0.243986 0.242554 0.24191 0.241879 0.242321 0.243123 0.244189 0.24544 0.246812 0.248255 0.24973 0.251216 0.252709 0.254223 0.255796 
-0.286375 -0.284266 -0.28222 -0.280177 -0.278102 -0.275984 -0.273835 -0.271678 -0.269555 -0.267517 -0.265629 -0.263967 -0.262621 -0.2617 -0.261335 -0.261684 -0.262945 -0.265353 -0.269184 -0.274703 -0.282077 -0.291211 -0.302625 -0.315399 -0.328734 -0.341883 -0.354231 -0.365285 -0.374649 -0.382002 -0.387085 -0.3897 -0.389711 -0.387057 -0.381765 -0.37397 -0.363384 -0.349945 -0.333716 -0.317741 -0.300263 -0.280983 -0.260091 -0.237892 -0.212628 -0.184396 -0.153315 -0.119508 -0.0831011 -0.0442362 -0.00310083 0.0392612 0.0817653 0.124069 0.165742 0.206252 0.244953 0.281083 0.313763 0.342047 0.369468 0.394609 0.416207 0.43232 0.445314 0.455174 0.461931 0.465776 0.466525 0.46413 0.458653 0.450258 0.439191 0.42578 0.410445 0.393703 0.376184 0.358635 0.341881 0.326712 0.312912 0.301118 0.291607 0.284301 0.278931 0.275169 0.27271 0.271291 0.270695 0.270747 0.2713 0.272235 0.273449 0.274859 0.276396 0.278006 0.279648 0.2813 0.282956 0.284635 0.286375 
-0.320013 -0.317686 -0.315425 -0.313165 -0.310867 -0.308521 -0.306135 -0.303737 -0.301368 -0.299085 -0.296956 -0.295062 -0.293498 -0.292376 -0.291831 -0.292021 -0.293134 -0.29539 -0.299022 -0.304236 -0.311122 -0.319543 -0.329927 -0.341468 -0.35346 -0.365226 -0.376181 -0.385847 -0.393834 -0.399825 -0.40357 -0.404879 -0.403632 -0.399786 -0.39339 -0.384599 -0.37308 -0.358789 -0.341809 -0.325183 -0.30709 -0.287221 -0.265756 -0.242973 -0.217112 -0.18825 -0.1565 -0.121987 -0.0848473 -0.0452358 -0.00335488 0.039756 0.0830153 0.126064 0.168455 0.20964 0.248965 0.285661 0.318869 0.3477 0.375727 0.401609 0.424089 0.44113 0.455089 0.465955 0.473767 0.478775 0.480779 0.47971 0.475615 0.468642 0.459029 0.4471 0.433264 0.418029 0.401998 0.385871 0.370398 0.356284 0.343317 0.332079 0.322873 0.315701 0.310379 0.306639 0.30421 0.302844 0.302331 0.302493 0.303181 0.304269 0.305651 0.307238 0.308957 0.310749 0.312572 0.314403 0.316237 0.318093 0.320013 
-0.357014 -0.354454 -0.351963 -0.34947 -0.346933 -0.344339 -0.341697 -0.339036 -0.336399 -0.333845 -0.331447 -0.329289 -0.327472 -0.32611 -0.325338 -0.325313 -0.326211 -0.32823 -0.331563 -0.336358 -0.342648 -0.350264 -0.359549 -0.369793 -0.380373 -0.390671 -0.400138 -0.408313 -0.414817 -0.419341 -0.421643 -0.421547 -0.41895 -0.413829 -0.406255 -0.396405 -0.38389 -0.368685 -0.350889 -0.33354 -0.314758 -0.294223 -0.272101 -0.24865 -0.222106 -0.192529 -0.160025 -0.124723 -0.0867666 -0.0463245 -0.00361405 0.0403286 0.0844245 0.128297 0.171482 0.213417 0.253437 0.290775 0.324591 0.354055 0.382763 0.409452 0.432879 0.45092 0.465924 0.477875 0.486819 0.493074 0.496425 0.496781 0.494171 0.488728 0.480679 0.470335 0.458098 0.444457 0.429988 0.415345 0.401209 0.388212 0.376166 0.365597 0.356822 0.349903 0.344728 0.341089 0.33875 0.337487 0.337097 0.337403 0.338254 0.339521 0.341094 0.342878 0.344796 0.346787 0.348807 0.350831 0.352856 0.354901 0.357014 
-0.397715 -0.394907 -0.39217 -0.389427 -0.386633 -0.383773 -0.380854 -0.377907 -0.374976 -0.372124 -0.369426 -0.36697 -0.364858 -0.36321 -0.362157 -0.36185 -0.362455 -0.364142 -0.367067 -0.371326 -0.376904 -0.383618 -0.391724 -0.400597 -0.409684 -0.418422 -0.426299 -0.432876 -0.437785 -0.440729 -0.441478 -0.439874 -0.43583 -0.429346 -0.420518 -0.40954 -0.395962 -0.379774 -0.361089 -0.342935 -0.32338 -0.302089 -0.279217 -0.255002 -0.227676 -0.197287 -0.163934 -0.127747 -0.0888784 -0.047511 -0.00387643 0.0409915 0.086015 0.130799 0.174865 0.217633 0.258432 0.296497 0.331014 0.361207 0.390682 0.418254 0.442699 0.46182 0.477951 0.491073 0.501231 0.508822 0.513615 0.515501 0.514487 0.510689 0.504317 0.495671 0.485137 0.473184 0.460361 0.447272 0.434541 0.422736 0.411705 0.401922 0.393706 0.387165 0.382247 0.378799 0.376626 0.375524 0.375304 0.375794 0.376842 0.378317 0.380105 0.382108 0.384245 0.386453 0.388686 0.390919 0.393148 0.395397 0.397715 
-0.442487 -0.439415 -0.436415 -0.433405 -0.430336 -0.427189 -0.423973 -0.420715 -0.417464 -0.414283 -0.411249 -0.408455 -0.406005 -0.404015 -0.402618 -0.401956 -0.402178 -0.403429 -0.405826 -0.409424 -0.414172 -0.419879 -0.426715 -0.434131 -0.441634 -0.448712 -0.454891 -0.459752 -0.462947 -0.464192 -0.463275 -0.460052 -0.45446 -0.446523 -0.436358 -0.424181 -0.409465 -0.392217 -0.372558 -0.353508 -0.333083 -0.310936 -0.287208 -0.262118 -0.233899 -0.202587 -0.168275 -0.131094 -0.0912057 -0.0488055 -0.00413984 0.0417586 0.0878125 0.133609 0.178652 0.22235 0.264023 0.302914 0.338238 0.369266 0.399607 0.428148 0.453691 0.473977 0.491326 0.505707 0.517167 0.526188 0.532526 0.536052 0.536751 0.534717 0.530144 0.523314 0.514596 0.504436 0.493349 0.481897 0.47065 0.460123 0.450208 0.441334 0.433811 0.427779 0.423238 0.420084 0.41816 0.417289 0.417295 0.418015 0.4193 0.421015 0.423047 0.425293 0.427671 0.430115 0.432578 0.435035 0.437484 0.43995 0.442487 
-0.491735 -0.488384 -0.485105 -0.48181 -0.478447 -0.474995 -0.471458 -0.467865 -0.464264 -0.460721 -0.457314 -0.454137 -0.451296 -0.448905 -0.447092 -0.445989 -0.445728 -0.446428 -0.448172 -0.450978 -0.45477 -0.459355 -0.464818 -0.470679 -0.476497 -0.481807 -0.486169 -0.489192 -0.490546 -0.489968 -0.487262 -0.482306 -0.475061 -0.465575 -0.453986 -0.44053 -0.424596 -0.406201 -0.385471 -0.365421 -0.344016 -0.320896 -0.296192 -0.270104 -0.240865 -0.208502 -0.173105 -0.134807 -0.0937751 -0.0502197 -0.00440183 0.0426463 0.0898469 0.13677 0.182901 0.227638 0.270295 0.310128 0.346377 0.37836 0.409679 0.43929 0.466022 0.487566 0.506228 0.521966 0.53482 0.545372 0.553364 0.558645 0.561178 0.561037 0.558391 0.553504 0.546722 0.538466 0.529218 0.519498 0.509828 0.500676 0.491987 0.484148 0.477456 0.472074 0.468038 0.465291 0.463711 0.46315 0.463449 0.464453 0.466018 0.468013 0.470319 0.472836 0.475478 0.478178 0.480889 0.483586 0.486269 0.488966 0.491735 
-0.545909 -0.542262 -0.538688 -0.535092 -0.531417 -0.527637 -0.523756 -0.519801 -0.51582 -0.511879 -0.508058 -0.50445 -0.501159 -0.498299 -0.495989 -0.49435 -0.493497 -0.493521 -0.494477 -0.496354 -0.499057 -0.502398 -0.506372 -0.510569 -0.51459 -0.518011 -0.52043 -0.521482 -0.520863 -0.518329 -0.513707 -0.506899 -0.497889 -0.486751 -0.473646 -0.458825 -0.44158 -0.421938 -0.400027 -0.378859 -0.356349 -0.332125 -0.306306 -0.279079 -0.248675 -0.215118 -0.178492 -0.138933 -0.0966175 -0.0517678 -0.00465975 0.0436736 0.0921531 0.140331 0.187677 0.23358 0.277351 0.318257 0.355568 0.388639 0.421064 0.451857 0.479884 0.502789 0.522867 0.540065 0.554414 0.566604 0.576363 0.583522 0.58802 0.589904 0.589322 0.586512 0.581796 0.575567 0.568272 0.560392 0.552404 0.544738 0.537394 0.530723 0.525007 0.520419 0.517027 0.51481 0.513681 0.513519 0.514185 0.515535 0.517431 0.519746 0.522363 0.52518 0.528111 0.531089 0.534066 0.53702 0.539952 0.542895 0.545909 
-0.6055 -0.601544 -0.597658 -0.593744 -0.589738 -0.58561 -0.581362 -0.577018 -0.572625 -0.568248 -0.563967 -0.559873 -0.55607 -0.552664 -0.549768 -0.547489 -0.545923 -0.54514 -0.545166 -0.545969 -0.547443 -0.549406 -0.551766 -0.554175 -0.556273 -0.557676 -0.558015 -0.556957 -0.554223 -0.549594 -0.542921 -0.534134 -0.523242 -0.510343 -0.49562 -0.479338 -0.460678 -0.439677 -0.416459 -0.394037 -0.370279 -0.344801 -0.317711 -0.289184 -0.257451 -0.222533 -0.184513 -0.14353 -0.0997699 -0.0534663 -0.00491075 0.0448623 0.0947717 0.144353 0.193061 0.240274 0.285307 0.327438 0.365967 0.400279 0.433953 0.466061 0.4955 0.519883 0.541491 0.56026 0.576211 0.590153 0.601802 0.610968 0.617567 0.621619 0.623244 0.622655 0.620145 0.616076 0.610861 0.604941 0.598754 0.592697 0.586829 0.581467 0.576876 0.573234 0.570631 0.569077 0.568516 0.568852 0.569968 0.571733 0.574018 0.576701 0.579667 0.582816 0.586062 0.58934 0.592603 0.595829 0.599026 0.602227 0.6055 
-0.67105 -0.66677 -0.662559 -0.65831 -0.653956 -0.64946 -0.644821 -0.64006 -0.635222 -0.630369 -0.625579 -0.620943 -0.616556 -0.612523 -0.608943 -0.605912 -0.603506 -0.601774 -0.600722 -0.600299 -0.600394 -0.600835 -0.601443 -0.601929 -0.601967 -0.601209 -0.599323 -0.596005 -0.591006 -0.584135 -0.575271 -0.564369 -0.551469 -0.53669 -0.520237 -0.502387 -0.482195 -0.459703 -0.435035 -0.411205 -0.386037 -0.359133 -0.330593 -0.300583 -0.267333 -0.230864 -0.191261 -0.148667 -0.103276 -0.0553354 -0.00515195 0.0462379 0.0977507 0.148906 0.199145 0.247838 0.294304 0.337836 0.377758 0.413483 0.448571 0.482145 0.513134 0.539124 0.562389 0.582849 0.600517 0.616335 0.630004 0.641315 0.650159 0.656529 0.660516 0.6623 0.662146 0.660382 0.657386 0.653562 0.649311 0.644999 0.640747 0.636843 0.633533 0.630995 0.629334 0.628583 0.628716 0.62966 0.631317 0.633573 0.636311 0.639412 0.642769 0.646284 0.649873 0.653474 0.657041 0.660558 0.664033 0.667507 0.67105 
-0.743155 -0.73854 -0.73399 -0.729392 -0.724672 -0.71979 -0.714737 -0.709531 -0.704214 -0.698844 -0.693495 -0.688253 -0.68321 -0.678459 -0.674092 -0.670188 -0.666807 -0.663979 -0.661693 -0.659888 -0.658447 -0.657212 -0.655916 -0.65433 -0.652158 -0.649087 -0.644817 -0.639081 -0.631659 -0.622389 -0.611183 -0.598024 -0.582978 -0.56619 -0.547882 -0.528342 -0.506484 -0.482352 -0.456068 -0.430655 -0.403889 -0.375363 -0.345169 -0.313467 -0.278485 -0.240248 -0.198845 -0.154423 -0.107187 -0.0573995 -0.00538039 0.0478304 0.101147 0.154073 0.206039 0.25641 0.304508 0.349643 0.391161 0.428494 0.465184 0.500397 0.533094 0.560839 0.5859 0.608186 0.627697 0.645523 0.661352 0.674956 0.6862 0.695047 0.701556 0.705879 0.708242 0.708941 0.708317 0.706738 0.70457 0.702153 0.699671 0.697382 0.695515 0.694244 0.693683 0.693884 0.694843 0.696511 0.698809 0.70164 0.704898 0.708474 0.712266 0.716183 0.720145 0.724091 0.727982 0.731805 0.735572 0.73933 0.743155 
-0.82247 -0.81751 -0.81261 -0.807651 -0.802551 -0.797265 -0.791777 -0.7861 -0.78027 -0.77434 -0.76838 -0.762469 -0.75669 -0.751129 -0.745865 -0.740962 -0.736466 -0.732391 -0.728711 -0.725358 -0.722217 -0.71914 -0.715779 -0.71196 -0.707414 -0.701864 -0.695044 -0.68672 -0.676705 -0.664872 -0.651162 -0.63559 -0.618249 -0.599308 -0.579005 -0.557637 -0.533957 -0.508014 -0.479928 -0.452729 -0.424151 -0.393778 -0.361696 -0.328063 -0.291102 -0.250847 -0.207392 -0.160894 -0.111567 -0.0596883 -0.0055932 0.0496748 0.105028 0.159955 0.213877 0.266155 0.316117 0.363088 0.406432 0.445596 0.484104 0.521154 0.55574 0.585411 0.612426 0.636686 0.658178 0.678157 0.696298 0.712353 0.726161 0.737655 0.746862 0.753896 0.758951 0.762283 0.764199 0.765029 0.765108 0.764749 0.764199 0.763691 0.763435 0.763598 0.764301 0.765608 0.767532 0.770046 0.773091 0.776585 0.780435 0.784544 0.78882 0.793175 0.797538 0.801853 0.806086 0.810229 0.814302 0.818355 0.82247 
-0.909718 -0.904405 -0.899147 -0.893817 -0.888326 -0.88262 -0.876678 -0.870506 -0.864131 -0.857601 -0.850977 -0.844331 -0.837738 -0.831271 -0.824997 -0.818967 -0.813213 -0.807734 -0.802496 -0.797427 -0.792414 -0.787321 -0.781721 -0.775495 -0.768402 -0.760196 -0.750645 -0.739552 -0.726764 -0.712189 -0.695801 -0.677647 -0.657847 -0.63659 -0.614132 -0.590778 -0.5651 -0.53715 -0.507045 -0.477828 -0.447194 -0.414716 -0.380479 -0.344637 -0.305415 -0.262854 -0.217058 -0.168194 -0.116491 -0.0622378 -0.00578754 0.0518129 0.109473 0.166671 0.222816 0.27727 0.329366 0.378441 0.423878 0.46513 0.505699 0.544817 0.581502 0.613292 0.642442 0.668842 0.692468 0.71476 0.73538 0.754057 0.770607 0.78493 0.797019 0.806952 0.814884 0.821034 0.82567 0.829088 0.83159 0.833465 0.835022 0.836469 0.837996 0.839766 0.841898 0.844466 0.847499 0.850986 0.854886 0.859134 0.863652 0.868355 0.873161 0.877992 0.882784 0.88749 0.892082 0.896559 0.900947 0.905304 0.909718 
-1.00569 -1.00002 -0.994403 -0.988696 -0.982806 -0.97667 -0.970259 -0.96357 -0.956621 -0.949453 -0.942116 -0.934672 -0.927184 -0.919716 -0.91232 -0.905035 -0.897879 -0.890841 -0.88388 -0.876922 -0.869858 -0.862568 -0.854546 -0.845729 -0.835902 -0.82485 -0.812378 -0.798322 -0.782569 -0.76506 -0.745805 -0.724882 -0.702437 -0.678683 -0.653888 -0.628366 -0.600486 -0.570303 -0.537933 -0.506432 -0.473458 -0.438578 -0.401877 -0.363508 -0.321697 -0.276498 -0.228027 -0.176463 -0.12205 -0.0650922 -0.00596068 0.0542942 0.114581 0.174364 0.233048 0.289992 0.344535 0.396028 0.443862 0.487498 0.530411 0.571859 0.610885 0.64502 0.676512 0.705241 0.731174 0.755956 0.779235 0.800723 0.820205 0.837554 0.852724 0.865755 0.876764 0.88593 0.893482 0.89968 0.904795 0.909094 0.91294 0.916521 0.92001 0.923559 0.927286 0.931272 0.935556 0.940143 0.945008 0.950102 0.955363 0.96072 0.966104 0.971447 0.976695 0.981811 0.986776 0.991597 0.996308 1.00097 1.00569 
-1.11126 -1.10524 -1.09926 -1.09318 -1.08689 -1.08032 -1.07343 -1.0662 -1.05866 -1.05082 -1.04272 -1.03442 -1.02597 -1.0174 -1.00878 -1.00011 -0.991416 -0.982667 -0.973819 -0.9648 -0.955506 -0.945829 -0.935196 -0.923595 -0.910836 -0.896738 -0.881139 -0.863915 -0.844987 -0.824337 -0.802007 -0.778106 -0.75281 -0.72635 -0.699009 -0.67111 -0.640794 -0.60812 -0.573202 -0.539109 -0.50347 -0.465846 -0.426323 -0.385058 -0.34028 -0.292056 -0.24052 -0.185866 -0.128353 -0.0683054 -0.00610991 0.0571782 0.120466 0.183208 0.244801 0.304605 0.361964 0.416236 0.466822 0.513183 0.558765 0.602848 0.644496 0.681236 0.715306 0.746581 0.775015 0.802486 0.828628 0.853132 0.875757 0.896343 0.914808 0.931153 0.945452 0.957845 0.968521 0.977704 0.985635 0.992554 0.998882 1.00478 1.01041 1.01591 1.02139 1.02695 1.03263 1.03844 1.04437 1.0504 1.05648 1.06255 1.06855 1.07444 1.08017 1.08571 1.09106 1.09623 1.10126 1.10624 1.11126 
-1.22738 -1.22103 -1.2147 -1.20825 -1.20156 -1.19455 -1.18718 -1.17942 -1.17126 -1.16273 -1.15384 -1.14463 -1.13514 -1.1254 -1.11545 -1.10529 -1.09492 -1.08431 -1.07342 -1.06217 -1.05047 -1.03821 -1.02477 -1.01019 -0.994293 -0.976937 -0.957995 -0.937381 -0.915054 -0.891034 -0.865399 -0.838289 -0.809905 -0.780502 -0.750377 -0.71986 -0.68684 -0.651376 -0.613583 -0.576545 -0.537863 -0.497098 -0.454339 -0.409748 -0.361561 -0.309864 -0.254807 -0.196605 -0.135536 -0.0719434 -0.00623239 0.0605368 0.12727 0.193412 0.258353 0.321452 0.382057 0.439533 0.493283 0.542766 0.591394 0.638465 0.683059 0.722706 0.75963 0.793699 0.824857 0.855242 0.884473 0.912222 0.938221 0.962276 0.984267 1.00416 1.02197 1.03782 1.05184 1.06422 1.07518 1.08493 1.09393 1.10233 1.11027 1.11789 1.12529 1.13256 1.13976 1.14691 1.15401 1.16106 1.16802 1.17485 1.18151 1.18797 1.19419 1.20017 1.20591 1.21143 1.21679 1.22207 1.22738 
-1.35512 -1.34845 -1.34179 -1.33498 -1.32791 -1.32049 -1.31265 -1.30435 -1.29558 -1.28633 -1.27662 -1.26647 -1.2559 -1.24492 -1.23356 -1.2218 -1.20965 -1.19705 -1.18397 -1.17034 -1.15604 -1.14102 -1.12458 -1.10681 -1.08756 -1.06673 -1.04422 -1.01998 -0.994007 -0.966367 -0.93717 -0.906589 -0.874851 -0.842232 -0.809047 -0.775637 -0.739601 -0.701005 -0.659963 -0.619567 -0.577404 -0.533035 -0.486556 -0.438137 -0.386024 -0.330326 -0.271215 -0.208927 -0.143763 -0.0760867 -0.00632502 0.064457 0.135164 0.20523 0.27404 0.340949 0.405308 0.466484 0.523881 0.57695 0.629064 0.679532 0.72745 0.770355 0.810452 0.847601 0.881739 0.915295 0.947874 0.979125 1.00875 1.03653 1.0623 1.08598 1.10755 1.12709 1.14468 1.16049 1.1747 1.18748 1.19935 1.21044 1.22086 1.23075 1.24021 1.24932 1.25815 1.26674 1.2751 1.28324 1.29113 1.29876 1.30611 1.31315 1.31988 1.32629 1.33241 1.33828 1.34395 1.34953 1.35512 
-1.49563 -1.48868 -1.48171 -1.47459 -1.46717 -1.45935 -1.45106 -1.44224 -1.43287 -1.42292 -1.41239 -1.40129 -1.3896 -1.37734 -1.36451 -1.35109 -1.33705 -1.32236 -1.30697 -1.2908 -1.27376 -1.2558 -1.23617 -1.215 -1.19219 -1.16765 -1.14133 -1.11321 -1.08333 -1.0518 -1.01875 -0.984404 -0.949007 -0.912862 -0.8763 -0.839677 -0.800269 -0.758144 -0.713419 -0.669186 -0.62303 -0.574516 -0.523748 -0.47091 -0.414263 -0.353942 -0.290145 -0.223134 -0.153234 -0.0808344 -0.00638415 0.0690453 0.144357 0.218974 0.292272 0.363603 0.432317 0.497778 0.559389 0.61659 0.672704 0.727048 0.778732 0.825305 0.868945 0.909509 0.946923 0.983946 1.02017 1.05521 1.08875 1.12052 1.15034 1.17808 1.20367 1.22714 1.24855 1.26802 1.28568 1.30171 1.31664 1.33058 1.34363 1.35593 1.36756 1.37863 1.38919 1.39929 1.40897 1.41823 1.4271 1.43555 1.44359 1.45122 1.45845 1.46529 1.47178 1.47797 1.48394 1.48979 1.49563 
-1.6502 -1.64301 -1.63579 -1.62839 -1.62066 -1.61249 -1.6038 -1.59451 -1.58457 -1.57396 -1.56263 -1.55058 -1.53779 -1.52424 -1.50991 -1.49478 -1.47881 -1.46196 -1.44416 -1.42534 -1.40542 -1.38435 -1.36135 -1.33661 -1.31002 -1.28155 -1.25116 -1.2189 -1.18483 -1.1491 -1.11189 -1.07344 -1.03403 -0.994001 -0.953698 -0.913495 -0.870301 -0.824187 -0.775274 -0.726645 -0.675894 -0.622596 -0.56687 -0.508909 -0.447006 -0.381324 -0.31209 -0.239596 -0.164196 -0.0863079 -0.00640527 0.0744326 0.155106 0.235023 0.313551 0.390035 0.463817 0.53426 0.600756 0.662736 0.723455 0.782238 0.838204 0.888927 0.936546 0.980913 1.02195 1.06278 1.10297 1.14214 1.17991 1.21599 1.25016 1.28223 1.31212 1.33978 1.36524 1.38859 1.40992 1.42939 1.44754 1.46448 1.4803 1.4951 1.50901 1.5221 1.53444 1.5461 1.55712 1.56754 1.57738 1.58665 1.59537 1.60357 1.61127 1.61851 1.62534 1.63182 1.63805 1.64413 1.6502 
-1.82022 -1.81286 -1.80546 -1.79785 -1.78988 -1.78144 -1.77241 -1.76271 -1.75228 -1.74106 -1.729 -1.71606 -1.70221 -1.68741 -1.67162 -1.6548 -1.63689 -1.61784 -1.59759 -1.57606 -1.55316 -1.52885 -1.50234 -1.47384 -1.44328 -1.41065 -1.37595 -1.33926 -1.3007 -1.26044 -1.2187 -1.17577 -1.13197 -1.08764 -1.04317 -0.998963 -0.951503 -0.900865 -0.847173 -0.793486 -0.737429 -0.678591 -0.617105 -0.553185 -0.485163 -0.413235 -0.337664 -0.258775 -0.176956 -0.0926577 -0.00638266 0.0807805 0.167728 0.253849 0.338499 0.421011 0.500718 0.576972 0.649156 0.716685 0.782729 0.846616 0.907476 0.962917 1.01503 1.06365 1.10871 1.15375 1.19831 1.24196 1.28433 1.32506 1.3639 1.40061 1.43506 1.46718 1.49693 1.52437 1.54957 1.57264 1.59416 1.61421 1.63287 1.65025 1.66646 1.68159 1.69573 1.70894 1.72129 1.73284 1.74361 1.75366 1.76303 1.77175 1.77987 1.78746 1.79457 1.80129 1.80772 1.81399 1.82022 
-2.00724 -1.99982 -1.99233 -1.9846 -1.97649 -1.96787 -1.95861 -1.94861 -1.9378 -1.92608 -1.9134 -1.89969 -1.88489 -1.86893 -1.85177 -1.83334 -1.81356 -1.79237 -1.7697 -1.74545 -1.71953 -1.6919 -1.66179 -1.6294 -1.5947 -1.5577 -1.51845 -1.47705 -1.43366 -1.38851 -1.34185 -1.29402 -1.24535 -1.19626 -1.14714 -1.09843 -1.04614 -0.990345 -0.931177 -0.871648 -0.809434 -0.744147 -0.675941 -0.605052 -0.529868 -0.450627 -0.36763 -0.281243 -0.191894 -0.10007 -0.00630881 0.0882899 0.182615 0.276035 0.367885 0.457482 0.544146 0.627213 0.706051 0.780055 0.852287 0.922073 0.988556 1.04939 1.1066 1.16002 1.20958 1.25928 1.30865 1.35724 1.4046 1.45037 1.49422 1.53589 1.5752 1.61201 1.64628 1.678 1.70721 1.73402 1.759 1.7822 1.80372 1.82366 1.84215 1.85928 1.87515 1.88985 1.90345 1.91604 1.92767 1.93841 1.94833 1.95748 1.96594 1.97379 1.98111 1.98799 1.99456 2.00092 2.00724 
-2.21296 -2.2056 -2.19815 -2.19044 -2.18232 -2.17365 -2.16431 -2.15417 -2.14313 -2.1311 -2.11797 -2.10367 -2.08811 -2.0712 -2.05285 -2.03299 -2.01151 -1.98833 -1.96335 -1.93648 -1.9076 -1.87667 -1.84293 -1.80659 -1.76763 -1.7261 -1.68206 -1.63568 -1.58713 -1.5367 -1.48469 -1.43146 -1.37742 -1.323 -1.26866 -1.21486 -1.15708 -1.09538 -1.02991 -0.96359 -0.894191 -0.821355 -0.745259 -0.666169 -0.582554 -0.494697 -0.402947 -0.307718 -0.209485 -0.108777 -0.00617369 0.0972118 0.200259 0.302309 0.402671 0.500641 0.595516 0.686613 0.773279 0.854886 0.934352 1.011 1.08398 1.15103 1.21406 1.27293 1.32754 1.38247 1.43718 1.49118 1.54401 1.59523 1.64447 1.69143 1.73587 1.77761 1.81657 1.8527 1.88604 1.91663 1.94506 1.97138 1.99568 2.01808 2.03871 2.0577 2.07514 2.09116 2.10586 2.11932 2.13165 2.14294 2.15326 2.16271 2.17138 2.17937 2.18678 2.19371 2.2003 2.20667 2.21296 
-2.43926 -2.43212 -2.42487 -2.41735 -2.4094 -2.40088 -2.39165 -2.38158 -2.37055 -2.35844 -2.34514 -2.33053 -2.31451 -2.29694 -2.27773 -2.25676 -2.2339 -2.20903 -2.18203 -2.15278 -2.12114 -2.08706 -2.04979 -2.00955 -1.96632 -1.92015 -1.87116 -1.81953 -1.7655 -1.70938 -1.65153 -1.59237 -1.53235 -1.47196 -1.41172 -1.35213 -1.28805 -1.21954 -1.14674 -1.07248 -0.994632 -0.912889 -0.82746 -0.738647 -0.645033 -0.546956 -0.444821 -0.339099 -0.230321 -0.119066 -0.00596327 0.107861 0.221274 0.333582 0.444062 0.551981 0.656609 0.757234 0.853174 0.943776 1.03177 1.11646 1.19702 1.27128 1.34103 1.40613 1.46648 1.52728 1.58796 1.64797 1.70678 1.76391 1.81895 1.87152 1.92135 1.96821 2.01196 2.05256 2.08998 2.1243 2.15605 2.1853 2.21215 2.23675 2.25926 2.27981 2.29855 2.3156 2.33111 2.34519 2.35797 2.36956 2.38007 2.38962 2.39831 2.40627 2.4136 2.42044 2.4269 2.43313 2.43926 
-2.68819 -2.68148 -2.67464 -2.66752 -2.65998 -2.65185 -2.643 -2.6333 -2.6226 -2.61077 -2.59767 -2.58316 -2.56711 -2.54936 -2.52978 -2.5082 -2.48448 -2.45844 -2.42993 -2.39879 -2.36483 -2.32797 -2.2875 -2.24359 -2.19623 -2.14547 -2.09146 -2.0344 -1.97457 -1.91233 -1.84811 -1.78238 -1.71567 -1.64854 -1.58157 -1.51533 -1.44395 -1.3675 -1.28611 -1.20244 -1.11456 -1.0222 -0.925619 -0.825171 -0.719596 -0.609297 -0.494752 -0.376499 -0.255131 -0.13129 -0.00565666 0.120626 0.246417 0.37098 0.493556 0.613372 0.729663 0.841681 0.948708 1.05005 1.14819 1.24242 1.33193 1.41466 1.49225 1.56456 1.6315 1.69899 1.76639 1.8331 1.89851 1.96208 2.02332 2.08182 2.13722 2.18928 2.23781 2.28275 2.32407 2.36183 2.39654 2.42832 2.45727 2.48359 2.50748 2.52911 2.54866 2.5663 2.58218 2.59648 2.60933 2.62088 2.63126 2.64062 2.64908 2.65677 2.66381 2.67034 2.67649 2.68239 2.68819 
-2.96201 -2.95598 -2.94982 -2.94339 -2.93653 -2.92912 -2.921 -2.91204 -2.9021 -2.89101 -2.87864 -2.86481 -2.84937 -2.83213 -2.81292 -2.79153 -2.76777 -2.74143 -2.71227 -2.6801 -2.64464 -2.60575 -2.56276 -2.51576 -2.4647 -2.40965 -2.35072 -2.28816 -2.22229 -2.15352 -2.08234 -2.00931 -1.93504 -1.86018 -1.78541 -1.7114 -1.63143 -1.54554 -1.45389 -1.35891 -1.2589 -1.15371 -1.04363 -0.9291 -0.809069 -0.684031 -0.554549 -0.421241 -0.284773 -0.145853 -0.00522018 0.135977 0.276597 0.415858 0.552958 0.687086 0.817432 0.943202 1.06363 1.17798 1.28837 1.3941 1.49435 1.58721 1.67413 1.75494 1.82958 1.90481 1.97992 2.05418 2.12692 2.19751 2.26538 2.33004 2.39109 2.44825 2.50131 2.55018 2.59486 2.63544 2.6724 2.70591 2.73614 2.76336 2.78782 2.80974 2.82935 2.84687 2.86249 2.8764 2.88879 2.89982 2.90965 2.91843 2.9263 2.93341 2.93988 2.94584 2.95143 2.95678 2.96201 
-3.26321 -3.25817 -3.253 -3.24758 -3.24178 -3.23547 -3.22852 -3.2208 -3.21216 -3.20245 -3.19151 -3.17916 -3.16521 -3.14948 -3.13173 -3.11174 -3.08925 -3.06398 -3.03564 -3.00391 -2.96845 -2.92897 -2.88481 -2.8359 -2.78214 -2.72352 -2.66016 -2.59228 -2.52025 -2.44455 -2.36573 -2.28445 -2.20146 -2.11752 -2.03346 -1.95008 -1.85964 -1.7622 -1.65792 -1.54896 -1.43396 -1.31291 -1.1862 -1.05437 -0.91667 -0.773713 -0.62616 -0.474717 -0.320126 -0.163155 -0.00459471 0.154426 0.312785 0.469669 0.62424 0.775649 0.923044 1.06558 1.20243 1.33278 1.4583 1.57823 1.69175 1.79712 1.89549 1.98667 2.0706 2.15507 2.23922 2.3222 2.40321 2.48149 2.5564 2.62735 2.69391 2.75574 2.81263 2.86451 2.91142 2.95353 2.99135 3.02515 3.05523 3.08195 3.10564 3.12661 3.14514 3.16149 3.1759 3.18859 3.19977 3.20962 3.21831 3.226 3.23283 3.23896 3.2445 3.24957 3.25431 3.25881 3.26321 
-3.59453 -3.59082 -3.587 -3.58298 -3.57865 -3.57392 -3.56867 -3.5628 -3.55616 -3.54863 -3.54004 -3.53024 -3.51904 -3.50623 -3.49157 -3.4748 -3.45563 -3.43372 -3.40868 -3.38007 -3.34738 -3.31009 -3.2674 -3.21898 -3.16451 -3.1039 -3.0372 -2.96463 -2.88656 -2.80353 -2.71619 -2.62532 -2.53182 -2.43665 -2.34083 -2.24543 -2.14143 -2.02893 -1.90821 -1.78113 -1.64684 -1.50558 -1.35792 -1.20452 -1.04506 -0.880275 -0.710929 -0.537799 -0.361678 -0.183366 -0.00367017 0.176355 0.355662 0.533437 0.70884 0.881017 1.0491 1.2122 1.36943 1.51992 1.66467 1.80285 1.93359 2.05528 2.16861 2.27328 2.36916 2.46532 2.56067 2.65415 2.74478 2.83167 2.91403 2.99122 3.06271 3.12817 3.18739 3.24036 3.28723 3.32832 3.36428 3.39567 3.42301 3.44683 3.46756 3.4856 3.50129 3.51492 3.52677 3.53706 3.546 3.55379 3.56059 3.56653 3.57178 3.57643 3.58061 3.58441 3.58794 3.59128 3.59453 
-3.95898 -3.95696 -3.95487 -3.95267 -3.95028 -3.94765 -3.94471 -3.94139 -3.9376 -3.93324 -3.92821 -3.92239 -3.91563 -3.90776 -3.8986 -3.8879 -3.87539 -3.86074 -3.84351 -3.82318 -3.79901 -3.76981 -3.73403 -3.69076 -3.63944 -3.57985 -3.51201 -3.43609 -3.35248 -3.26172 -3.16449 -3.06167 -2.95428 -2.84354 -2.73076 -2.6174 -2.49297 -2.35816 -2.21374 -2.06136 -1.901 -1.73325 -1.55888 -1.37866 -1.19278 -1.00204 -0.807199 -0.609043 -0.408328 -0.205812 -0.00224228 0.201495 0.404524 0.606096 0.805446 1.00179 1.19433 1.38223 1.56463 1.74065 1.91048 2.07325 2.22799 2.37322 2.50873 2.63373 2.74751 2.86055 2.97142 3.07877 3.18141 3.27832 3.36863 3.45166 3.52687 3.59393 3.65263 3.70301 3.74532 3.78011 3.80846 3.83181 3.8514 3.86792 3.8819 3.89377 3.90387 3.91247 3.91981 3.92607 3.93143 3.93602 3.93997 3.94339 3.94637 3.94899 3.95132 3.95343 3.95537 3.95721 3.95898 
-4.35988 -4.35988 -4.35988 -4.35988 -4.35988 -4.35988 -4.35988 -4.35988 -4.35988 -4.35988 -4.35988 -4.35988 -4.35988 -4.35988 -4.35988 -4.35988 -4.35988 -4.35988 -4.35988 -4.35988 -4.35985 -4.35317 -4.3346 -4.30419 -4.26204 -4.20826 -4.14299 -4.06641 -3.97872 -3.88018 -3.77105 -3.65162 -3.52223 -3.38322 -3.23498 -3.0779 -2.91243 -2.739 -2.5581 -2.37022 -2.17586 -1.97557 -1.76988 -1.55937 -1.34459 -1.12615 -0.904629 -0.680641 -0.454795 -0.227708 0 0.227708 0.454795 0.680641 0.904629 1.12615 1.34459 1.55937 1.76988 1.97557 2.17586 2.37022 2.5581 2.739 2.91243 3.0779 3.23498 3.38322 3.52223 3.65162 3.77105 3.88018 3.97872 4.06641 4.14299 4.20826 4.26204 4.30419 4.3346 4.35317 4.35985 4.35988 4.35988 4.35988 4.35988 4.35988 4.35988 4.35988 4.35988 4.35988 4.35988 4.35988 4.35988 4.35988 4.35988 4.35988 4.35988 4.35988 4.35988 4.35988 4.35988 
