    0 369.353005
    1 487.702849
    2 600.334538
    3 707.119347
    4 823.241146
    5 953.428644
    6 1093.766846
    7 1239.663705
    8 1388.272619
    9 1538.556387
   10 1689.263689
   11 1838.877092
   12 1985.238924
   13 2125.596534
   14 2257.180533
   15 2377.734585
   16 2485.684374
   17 2580.038392
   18 2660.262107
   19 2726.380645
   20 2778.606396
   21 2817.292608
   22 2843.180179
   23 2856.965961
   24 2859.299889
   25 2850.843317
   26 2832.213444
   27 2803.922818
   28 2766.439835
   29 2720.249633
   30 2665.886212
   31 2603.916838
   32 2535.039401
   33 2460.063893
   34 2379.726902
   35 2294.853485
   36 2206.340696
   37 2115.106662
   38 2022.109212
   39 1928.102167
   40 1833.979487
   41 1740.490024
   42 1648.432485
   43 1558.459964
   44 1471.111120
   45 1386.833580
   46 1306.026644
   47 1228.869213
   48 1155.583506
   49 1086.277482
   50 1020.980141
   51 959.672671
   52 902.253669
   53 848.681443
   54 798.827166
   55 752.542384
   56 709.658883
   57 670.004494
   58 633.404666
   59 599.677182
   60 568.636636
   61 540.097508
   62 513.873097
   63 489.777134
   64 467.622999
   65 447.226637
   66 428.405266
   67 410.980930
   68 394.785841
   69 379.658917
   70 365.448269
   71 352.017514
   72 339.242737
   73 327.012662
   74 315.266255
   75 303.888369
   76 292.789833
   77 281.924376
   78 271.252574
   79 260.743732
   80 250.377130
   81 240.139448
   82 230.024345
   83 220.031321
   84 210.165284
   85 200.434728
   86 190.851276
   87 181.428961
   88 172.183595
   89 163.132200
   90 154.292521
   91 145.682577
   92 137.320287
   93 129.223124
   94 121.407863
   95 113.890322
   96 106.685165
   97 99.806393
   98 93.265362
   99 87.071434
  100 81.232833
  101 75.756402
  102 70.646382
  103 65.904496
  104 61.529673
  105 57.517765
  106 53.861292
  107 50.549241
  108 47.566948
  109 44.896114
  110 42.515047
  111 40.399061
  112 38.521168
  113 36.852944
  114 35.365436
  115 34.030130
  116 32.819839
  117 31.709417
  118 30.676301
  119 29.700826
  120 28.766354
  121 27.859245
  122 26.968698
  123 26.086516
  124 25.206826
  125 24.325769
  126 23.441198
  127 22.552390
  128 21.659772
  129 20.764682
  130 19.869152
  131 18.975718
  132 18.087268
  133 17.206892
  134 16.337776
  135 15.483103
  136 14.645977
  137 13.829363
  138 13.036033
  139 12.268529
  140 11.529135
  141 10.819854
  142 10.142392
  143 9.498150
  144 8.888210
  145 8.313339
  146 7.773979
  147 7.270253
  148 6.801960
  149 6.368582
  150 5.969287
  151 5.602944
  152 5.268135
  153 4.963182
  154 4.686181
  155 4.435037
  156 4.207523
  157 4.001330
  158 3.814126
  159 3.643615
  160 3.487592
  161 3.343985
  162 3.210891
  163 3.086604
  164 2.969622
  165 2.858654
  166 2.752612
  167 2.650604
  168 2.551910
  169 2.455972
  170 2.362367
  171 2.270792
  172 2.181042
  173 2.092991
  174 2.006582
  175 1.921803
  176 1.838685
  177 1.757281
  178 1.677666
  179 1.599924
  180 1.524141
  181 1.450406
  182 1.378802
  183 1.309403
  184 1.242277
  185 1.177478
  186 1.115049
  187 1.055023
  188 0.997417
  189 0.942239
  190 0.889485
  191 0.839139
  192 0.791175
  193 0.745559
  194 0.702249
  195 0.661194
  196 0.622338
  197 0.585619
  198 0.550971
  199 0.518325
  200 0.487606
  201 0.458741
  202 0.431653
  203 0.406265
  204 0.382500
  205 0.360278
  206 0.339524
  207 0.320159
  208 0.302110
  209 0.285301
  210 0.269659
  211 0.255113
  212 0.241593
  213 0.229031
  214 0.217361
  215 0.206519
  216 0.196443
  217 0.187075
  218 0.178356
  219 0.170234
  220 0.162655
  221 0.155573
  222 0.148941
  223 0.142715
  224 0.136858
  225 0.131332
  226 0.126103
  227 0.121141
  228 0.116418
  229 0.111909
  230 0.107592
  231 0.103449
  232 0.099460
  233 0.095612
  234 0.091891
  235 0.088287
  236 0.084790
  237 0.081392
  238 0.078087
  239 0.074869
  240 0.071735
  241 0.068682
  242 0.065706
  243 0.062806
  244 0.059981
  245 0.057230
  246 0.054553
  247 0.051949
  248 0.049419
  249 0.046963
  250 0.044582
  251 0.042275
  252 0.040044
  253 0.037888
  254 0.035808
  255 0.033805
  256 0.031878
  257 0.030027
  258 0.028254
  259 0.026556
  260 0.024935
  261 0.023389
  262 0.021918
  263 0.020521
  264 0.019197
  265 0.017946
  266 0.016766
  267 0.015656
  268 0.014614
  269 0.013638
  270 0.012728
  271 0.011880
  272 0.011094
  273 0.010367
  274 0.009696
  275 0.009079
  276 0.008514
  277 0.007997
  278 0.007526
  279 0.007097
  280 0.006708
  281 0.006355
  282 0.006035
  283 0.005745
  284 0.005481
  285 0.005241
  286 0.005020
  287 0.004818
  288 0.004630
  289 0.004456
  290 0.004292
  291 0.004137
  292 0.003990
  293 0.003848
  294 0.003712
  295 0.003580
  296 0.003451
  297 0.003326
  298 0.003203
  299 0.003082
  300 0.002963
  301 0.002846
  302 0.002730
  303 0.002617
  304 0.002505
  305 0.002396
  306 0.002288
  307 0.002183
  308 0.002080
  309 0.001979
  310 0.001880
  311 0.001785
  312 0.001692
  313 0.001601
  314 0.001514
  315 0.001430
  316 0.001348
  317 0.001270
  318 0.001195
  319 0.001122
  320 0.001054
  321 0.000988
  322 0.000925
  323 0.000866
  324 0.000809
  325 0.000756
  326 0.000705
  327 0.000658
  328 0.000614
  329 0.000572
  330 0.000533
  331 0.000497
  332 0.000463
  333 0.000432
  334 0.000403
  335 0.000377
  336 0.000353
