1.225 1.19878 1.19819 1.19889 1.19966 1.19957 1.19879 1.19789 1.19714 1.19647 1.19124 1.14346 0.945649 0.94945 0.989234 1.03367 1.07184 1.12247 1.18954 1.27427 1.38079 1.51835 1.70073 1.95819 2.40521 2.72745 2.40521 1.95819 1.70073 1.51835 1.38079 1.27427 1.18954 1.12247 1.07184 1.03367 0.989234 0.94945 0.945649 1.14346 1.19124 1.19647 1.19714 1.19789 1.19879 1.19957 1.19966 1.19889 1.19819 1.19878 1.225 
1.19878 1.19878 1.19819 1.19889 1.19966 1.19957 1.19879 1.19789 1.19714 1.19647 1.19124 1.14346 0.945649 0.94945 0.989234 1.03367 1.07184 1.12247 1.18954 1.27427 1.38079 1.51835 1.70073 1.95819 2.40521 2.72745 2.40521 1.95819 1.70073 1.51835 1.38079 1.27427 1.18954 1.12247 1.07184 1.03367 0.989234 0.94945 0.945649 1.14346 1.19124 1.19647 1.19714 1.19789 1.19879 1.19957 1.19966 1.19889 1.19819 1.19878 1.19878 
1.19902 1.19902 1.19843 1.19914 1.19993 1.19985 1.1991 1.19822 1.19769 1.19716 1.18405 1.10575 0.934718 0.955402 1.00039 1.04499 1.08526 1.13926 1.2104 1.30001 1.41338 1.56188 1.76478 2.06024 2.50138 2.78549 2.50138 2.06024 1.76478 1.56188 1.41338 1.30001 1.2104 1.13926 1.08526 1.04499 1.00039 0.955402 0.934718 1.10575 1.18405 1.19716 1.19769 1.19822 1.1991 1.19985 1.19993 1.19914 1.19843 1.19902 1.19902 
1.19977 1.19977 1.1992 1.19992 1.20073 1.20069 1.19997 1.19914 1.19892 1.19802 1.17575 1.07652 0.927682 0.961906 1.01023 1.05438 1.09636 1.15291 1.2269 1.31982 1.43775 1.59334 1.80894 2.12076 2.5437 2.80602 2.5437 2.12076 1.80894 1.59334 1.43775 1.31982 1.2269 1.15291 1.09636 1.05438 1.01023 0.961906 0.927682 1.07652 1.17575 1.19802 1.19892 1.19914 1.19997 1.20069 1.20073 1.19992 1.1992 1.19977 1.19977 
1.20108 1.20108 1.20052 1.20124 1.20207 1.20205 1.20135 1.20065 1.20083 1.19753 1.16019 1.04395 0.924064 0.972061 1.02269 1.06632 1.1107 1.17066 1.24842 1.34582 1.47002 1.63587 1.86984 2.19958 2.58319 2.7836 2.58319 2.19958 1.86984 1.63587 1.47002 1.34582 1.24842 1.17066 1.1107 1.06632 1.02269 0.972061 0.924064 1.04395 1.16019 1.19753 1.20083 1.20065 1.20135 1.20205 1.20207 1.20124 1.20052 1.20108 1.20108 
1.20285 1.20285 1.20228 1.20297 1.20378 1.20377 1.20306 1.20259 1.20299 1.19441 1.1377 1.01056 0.925625 0.985973 1.03743 1.08065 1.12791 1.19163 1.27333 1.37523 1.50569 1.68156 1.92964 2.25825 2.59108 2.75319 2.59108 2.25825 1.92964 1.68156 1.50569 1.37523 1.27333 1.19163 1.12791 1.08065 1.03743 0.985973 0.925625 1.01056 1.1377 1.19441 1.20299 1.20259 1.20306 1.20377 1.20378 1.20297 1.20228 1.20285 1.20285 
1.2049 1.2049 1.2043 1.20492 1.20569 1.20564 1.20497 1.2049 1.20465 1.18627 1.10721 0.979499 0.934867 1.00389 1.05452 1.09784 1.14871 1.21683 1.30307 1.4103 1.54842 1.73609 1.99694 2.31524 2.59171 2.71003 2.59171 2.31524 1.99694 1.73609 1.54842 1.4103 1.30307 1.21683 1.14871 1.09784 1.05452 1.00389 0.934867 0.979499 1.10721 1.18627 1.20465 1.2049 1.20497 1.20564 1.20569 1.20492 1.2043 1.2049 1.2049 
1.20705 1.20705 1.2064 1.20693 1.20764 1.20756 1.20706 1.20753 1.2046 1.17045 1.06873 0.95516 0.953185 1.02579 1.07434 1.11885 1.17442 1.24777 1.33914 1.45233 1.59904 1.79833 2.06476 2.35651 2.57413 2.66172 2.57413 2.35651 2.06476 1.79833 1.59904 1.45233 1.33914 1.24777 1.17442 1.11885 1.07434 1.02579 0.953185 0.95516 1.06873 1.17045 1.2046 1.20753 1.20706 1.20756 1.20764 1.20693 1.2064 1.20705 1.20705 
1.20917 1.20917 1.20848 1.20891 1.20956 1.20951 1.20948 1.21021 1.20054 1.14351 1.02508 0.944571 0.980888 1.05158 1.09778 1.14501 1.20616 1.28494 1.38142 1.5012 1.65804 1.86846 2.13193 2.38532 2.54661 2.6083 2.54661 2.38532 2.13193 1.86846 1.65804 1.5012 1.38142 1.28494 1.20616 1.14501 1.09778 1.05158 0.980888 0.944571 1.02508 1.14351 1.20054 1.21021 1.20948 1.20951 1.20956 1.20891 1.20848 1.20917 1.20917 
1.21119 1.21119 1.21046 1.21077 1.21136 1.21154 1.21228 1.21182 1.18832 1.10271 0.985051 0.954392 1.01667 1.08069 1.1251 1.17634 1.24366 1.32859 1.43208 1.56162 1.73021 1.94518 2.18702 2.3865 2.49649 2.53926 2.49649 2.3865 2.18702 1.94518 1.73021 1.56162 1.43208 1.32859 1.24366 1.17634 1.1251 1.08069 1.01667 0.954392 0.985051 1.10271 1.18832 1.21182 1.21228 1.21154 1.21136 1.21077 1.21046 1.21119 1.21119 
1.2131 1.2131 1.21232 1.21248 1.21302 1.21363 1.21531 1.20966 1.16161 1.05074 0.962909 0.984873 1.05626 1.11134 1.15663 1.21493 1.29137 1.38549 1.4978 1.63472 1.80464 2.00572 2.21215 2.36746 2.45008 2.48282 2.45008 2.36746 2.21215 2.00572 1.80464 1.63472 1.4978 1.38549 1.29137 1.21493 1.15663 1.11134 1.05626 0.984873 0.962909 1.05074 1.16161 1.20966 1.21531 1.21363 1.21302 1.21248 1.21232 1.2131 1.2131 
1.21492 1.21492 1.2141 1.21401 1.21445 1.21617 1.2179 1.19704 1.11421 1.00135 0.969958 1.0293 1.09713 1.14728 1.19959 1.26868 1.35421 1.45304 1.56552 1.69975 1.86611 2.06283 2.25854 2.39247 2.45183 2.47241 2.45183 2.39247 2.25854 2.06283 1.86611 1.69975 1.56552 1.45304 1.35421 1.26868 1.19959 1.14728 1.09713 1.0293 0.969958 1.00135 1.11421 1.19704 1.2179 1.21617 1.21445 1.21401 1.2141 1.21492 1.21492 
1.21676 1.21676 1.21586 1.21529 1.21623 1.22015 1.21499 1.16196 1.05265 0.978914 1.0088 1.08354 1.14474 1.19607 1.25597 1.32972 1.41479 1.51183 1.62896 1.7813 1.97524 2.17463 2.29535 2.28695 2.22959 2.2068 2.22959 2.28695 2.29535 2.17463 1.97524 1.7813 1.62896 1.51183 1.41479 1.32972 1.25597 1.19607 1.14474 1.08354 1.0088 0.978914 1.05265 1.16196 1.21499 1.22015 1.21623 1.21529 1.21586 1.21676 1.21676 
1.21865 1.21865 1.21749 1.2168 1.22013 1.22258 1.19288 1.10232 1.00785 1.00279 1.07189 1.14328 1.19626 1.24653 1.30707 1.3821 1.47668 1.59992 1.75751 1.9381 2.08724 2.10544 1.95723 1.74979 1.61165 1.56935 1.61165 1.74979 1.95723 2.10544 2.08724 1.9381 1.75751 1.59992 1.47668 1.3821 1.30707 1.24653 1.19626 1.14328 1.07189 1.00279 1.00785 1.10232 1.19288 1.22258 1.22013 1.2168 1.21749 1.21865 1.21865 
1.22031 1.22031 1.2191 1.22034 1.22502 1.21088 1.14289 1.04623 1.01147 1.06277 1.13642 1.1919 1.23694 1.29093 1.36702 1.47348 1.61349 1.77354 1.9111 1.96119 1.86479 1.63565 1.38672 1.22825 1.16642 1.15281 1.16642 1.22825 1.38672 1.63565 1.86479 1.96119 1.9111 1.77354 1.61349 1.47348 1.36702 1.29093 1.23694 1.1919 1.13642 1.06277 1.01147 1.04623 1.14289 1.21088 1.22502 1.22034 1.2191 1.22031 1.22031 
1.22132 1.22132 1.22228 1.2265 1.22079 1.172 1.08325 1.02843 1.05595 1.12387 1.1828 1.23209 1.29303 1.38261 1.50565 1.64951 1.77818 1.83666 1.78248 1.61858 1.39898 1.21822 1.13408 1.12366 1.13643 1.14271 1.13643 1.12366 1.13408 1.21822 1.39898 1.61858 1.78248 1.83666 1.77818 1.64951 1.50565 1.38261 1.29303 1.23209 1.1828 1.12387 1.05595 1.02843 1.08325 1.172 1.22079 1.2265 1.22228 1.22132 1.22132 
1.22374 1.22374 1.22951 1.22777 1.19108 1.11202 1.04625 1.05182 1.11094 1.17671 1.24042 1.32014 1.42729 1.55392 1.67046 1.73034 1.697 1.57352 1.40677 1.2559 1.16621 1.15097 1.17904 1.20888 1.22325 1.22692 1.22325 1.20888 1.17904 1.15097 1.16621 1.2559 1.40677 1.57352 1.697 1.73034 1.67046 1.55392 1.42729 1.32014 1.24042 1.17671 1.11094 1.05182 1.04625 1.11202 1.19108 1.22777 1.22951 1.22374 1.22374 
1.23092 1.23092 1.23381 1.20393 1.13116 1.06054 1.05114 1.10396 1.18031 1.26447 1.36462 1.48016 1.58645 1.64548 1.62678 1.52995 1.39178 1.26559 1.19021 1.16993 1.18761 1.21701 1.23636 1.24299 1.24349 1.24318 1.24349 1.24299 1.23636 1.21701 1.18761 1.16993 1.19021 1.26559 1.39178 1.52995 1.62678 1.64548 1.58645 1.48016 1.36462 1.26447 1.18031 1.10396 1.05114 1.06054 1.13116 1.20393 1.23381 1.23092 1.23092 
1.23141 1.23141 1.20941 1.14339 1.0717 1.0552 1.10665 1.19537 1.29871 1.41051 1.51502 1.57887 1.57247 1.49657 1.38189 1.27275 1.20328 1.18171 1.19275 1.21393 1.2305 1.2369 1.23551 1.23207 1.22978 1.22905 1.22978 1.23207 1.23551 1.2369 1.2305 1.21393 1.19275 1.18171 1.20328 1.27275 1.38189 1.49657 1.57247 1.57887 1.51502 1.41051 1.29871 1.19537 1.10665 1.0552 1.0717 1.14339 1.20941 1.23141 1.23141 
1.19756 1.19756 1.14625 1.0836 1.06713 1.1206 1.21951 1.33426 1.44342 1.51914 1.53138 1.47406 1.37577 1.27938 1.21552 1.19229 1.19797 1.21406 1.22686 1.23225 1.23156 1.22812 1.22495 1.22315 1.22242 1.22224 1.22242 1.22315 1.22495 1.22812 1.23156 1.23225 1.22686 1.21406 1.19797 1.19229 1.21552 1.27938 1.37577 1.47406 1.53138 1.51914 1.44342 1.33426 1.21951 1.1206 1.06713 1.0836 1.14625 1.19756 1.19756 
1.13653 1.13653 1.09461 1.08959 1.14724 1.2501 1.36399 1.45603 1.49422 1.46245 1.37934 1.28806 1.22529 1.20039 1.20215 1.21438 1.22518 1.23 1.22975 1.22735 1.22489 1.22341 1.22293 1.22299 1.22314 1.2232 1.22314 1.22299 1.22293 1.22341 1.22489 1.22735 1.22975 1.23 1.22518 1.21438 1.20215 1.20039 1.22529 1.28806 1.37934 1.46245 1.49422 1.45603 1.36399 1.2501 1.14724 1.08959 1.09461 1.13653 1.13653 
1.10977 1.10977 1.11849 1.18274 1.28482 1.3859 1.44963 1.45029 1.39052 1.30565 1.23794 1.20688 1.20495 1.21464 1.22386 1.2283 1.22853 1.22685 1.22512 1.22411 1.22386 1.22409 1.22446 1.22476 1.22493 1.22498 1.22493 1.22476 1.22446 1.22409 1.22386 1.22411 1.22512 1.22685 1.22853 1.2283 1.22386 1.21464 1.20495 1.20688 1.23794 1.30565 1.39052 1.45029 1.44963 1.3859 1.28482 1.18274 1.11849 1.10977 1.10977 
1.15796 1.15796 1.21748 1.31313 1.39834 1.43183 1.40159 1.32908 1.25656 1.21517 1.20655 1.21419 1.22304 1.22737 1.2278 1.22652 1.22517 1.22443 1.22429 1.22451 1.22483 1.2251 1.22528 1.22537 1.22541 1.22542 1.22541 1.22537 1.22528 1.2251 1.22483 1.22451 1.22429 1.22443 1.22517 1.22652 1.2278 1.22737 1.22304 1.21419 1.20655 1.21517 1.25656 1.32908 1.40159 1.43183 1.39834 1.31313 1.21748 1.15796 1.15796 
1.25323 1.25323 1.32482 1.39028 1.40477 1.35951 1.28697 1.22997 1.208 1.21119 1.22089 1.2267 1.22773 1.22659 1.22532 1.22465 1.22451 1.22466 1.22488 1.22506 1.22518 1.22523 1.22524 1.22523 1.22522 1.22522 1.22522 1.22523 1.22524 1.22523 1.22518 1.22506 1.22488 1.22466 1.22451 1.22465 1.22532 1.22659 1.22773 1.2267 1.22089 1.21119 1.208 1.22997 1.28697 1.35951 1.40477 1.39028 1.32482 1.25323 1.25323 
1.35847 1.35847 1.37647 1.36742 1.32303 1.26524 1.22406 1.21096 1.21556 1.2231 1.2267 1.22682 1.22581 1.22503 1.22475 1.22477 1.22488 1.22499 1.22505 1.22508 1.22509 1.22508 1.22507 1.22506 1.22506 1.22506 1.22506 1.22506 1.22507 1.22508 1.22509 1.22508 1.22505 1.22499 1.22488 1.22477 1.22475 1.22503 1.22581 1.22682 1.2267 1.2231 1.21556 1.21096 1.22406 1.26524 1.32303 1.36742 1.37647 1.35847 1.35847 
1.225 1.225 1.225 1.225 1.225 1.225 1.225 1.225 1.225 1.225 1.225 1.225 1.225 1.225 1.225 1.225 1.225 1.225 1.225 1.225 1.225 1.225 1.225 1.225 1.225 1.225 1.225 1.225 1.225 1.225 1.225 1.225 1.225 1.225 1.225 1.225 1.225 1.225 1.225 1.225 1.225 1.225 1.225 1.225 1.225 1.225 1.225 1.225 1.225 1.225 1.225 
