625.29 595.681 595.157 595.142 595.021 594.638 594.099 593.512 592.974 592.729 591.99 574.732 501.451 516.29 523.585 540.508 553.984 571.106 589.775 607.419 623.954 634.793 627.334 574.239 353.911 0 353.911 574.239 627.334 634.793 623.954 607.419 589.775 571.106 553.984 540.508 523.585 516.29 501.451 574.732 591.99 592.729 592.974 593.512 594.099 594.638 595.021 595.142 595.157 595.681 625.29 
595.681 595.681 595.157 595.142 595.021 594.638 594.099 593.512 592.974 592.729 591.99 577.641 506.319 520.103 526.64 543.134 555.936 571.588 589.231 607.158 623.823 634.342 625.106 559.871 358.83 64.5746 358.83 559.871 625.106 634.342 623.823 607.158 589.231 571.588 555.936 543.134 526.64 520.103 506.319 577.641 591.99 592.729 592.974 593.512 594.099 594.638 595.021 595.142 595.157 595.681 595.681 
596.011 596.011 595.514 595.53 595.452 595.124 594.645 594.128 593.722 593.552 590.016 565.522 507.183 525.653 534.113 550.365 563.644 580.002 599.006 619.044 638.058 651.206 644.475 579.867 381.535 126.5 381.535 579.867 644.475 651.206 638.058 619.044 599.006 580.002 563.644 550.365 534.113 525.653 507.183 565.522 590.016 593.552 593.722 594.128 594.645 595.124 595.452 595.53 595.514 596.011 596.011 
597.003 597.003 596.571 596.661 596.669 596.44 596.073 595.696 595.586 595.757 590.006 558.915 508.019 528.981 539.196 555.034 568.66 585.499 604.959 625.185 643.745 655.025 643.656 571.112 381.949 195.647 381.949 571.112 643.656 655.025 643.745 625.185 604.959 585.499 568.66 555.034 539.196 528.981 508.019 558.915 590.006 595.757 595.586 595.696 596.073 596.44 596.669 596.661 596.571 597.003 597.003 
598.674 598.674 598.31 598.469 598.551 598.403 598.12 597.882 598.101 597.843 587.285 549.845 508.343 532.373 544.275 559.635 573.84 591.317 611.081 631.166 649.066 658.848 645.024 569.608 394.455 256.131 394.455 569.608 645.024 658.848 649.066 631.166 611.081 591.317 573.84 559.635 544.275 532.373 508.343 549.845 587.285 597.843 598.101 597.882 598.12 598.403 598.551 598.469 598.31 598.674 598.674 
600.822 600.822 600.488 600.663 600.759 600.614 600.325 600.167 600.547 598.675 581.456 539.339 510.036 536.691 549.666 564.501 579.253 597.133 616.799 636.253 652.849 660.125 641.615 560.987 407.739 316.476 407.739 560.987 641.615 660.125 652.849 636.253 616.799 597.133 579.253 564.501 549.666 536.691 510.036 539.339 581.456 598.675 600.547 600.167 600.325 600.614 600.759 600.663 600.488 600.822 600.822 
603.177 603.177 602.822 602.955 603.005 602.797 602.447 602.373 602.589 597.54 572.592 529.335 514.813 542.429 555.78 570.226 585.562 603.804 623.31 642.053 657.182 661.567 638.036 556.326 430.875 370.597 430.875 556.326 638.036 661.567 657.182 642.053 623.31 603.804 585.562 570.226 555.78 542.429 514.813 529.335 572.592 597.54 602.589 602.373 602.447 602.797 603.005 602.955 602.822 603.177 603.177 
605.523 605.523 605.123 605.193 605.186 604.912 604.557 604.669 604.148 593.982 560.961 521.731 523.127 549.689 562.941 577.333 593.409 612.011 631.159 648.792 661.777 662.079 632.387 552.7 457.464 421.145 457.464 552.7 632.387 662.079 661.777 648.792 631.159 612.011 593.409 577.333 562.941 549.689 523.127 521.731 560.961 593.982 604.148 604.669 604.557 604.912 605.186 605.193 605.123 605.523 605.523 
607.752 607.752 607.32 607.345 607.309 607.029 606.834 607.153 604.641 586.87 547.292 519.364 534.646 558.435 571.449 586.154 602.925 621.513 639.769 655.798 666.13 661.618 626.484 554.12 487.526 465.918 487.526 554.12 626.484 661.618 666.13 655.798 639.769 621.513 602.925 586.154 571.449 558.435 534.646 519.364 547.292 586.87 604.641 607.153 606.834 607.029 607.309 607.345 607.32 607.752 607.752 
609.835 609.835 609.392 609.389 609.36 609.171 609.305 609.46 602.6 574.912 534.568 524.926 548.425 568.378 581.109 596.208 613.439 631.813 649.248 663.76 670.763 660.173 621.469 562.113 520.445 508.697 520.445 562.113 621.469 660.173 670.763 663.76 649.248 631.813 613.439 596.208 581.109 568.378 548.425 524.926 534.568 574.912 602.6 609.46 609.305 609.171 609.36 609.389 609.392 609.835 609.835 
611.777 611.777 611.326 611.289 611.272 611.25 611.844 610.602 595.621 558.578 528.29 537.958 562.54 578.639 591.669 607.844 626.108 644.61 660.837 672.191 673.509 656.903 619.908 576.331 550.661 543.336 550.661 576.331 619.908 656.903 673.509 672.191 660.837 644.61 626.108 607.844 591.669 578.639 562.54 537.958 528.29 558.578 595.621 610.602 611.844 611.25 611.272 611.289 611.326 611.777 611.777 
613.611 613.611 613.146 613.025 612.963 613.374 614.276 608.18 581.092 542.589 532.829 554.945 576.313 590.672 605.605 623.439 641.805 658.077 670.088 676.255 672.842 654.157 620.669 587.092 569.936 565.152 569.936 587.092 620.669 654.157 672.842 676.255 670.088 658.077 641.805 623.439 605.605 590.672 576.313 554.945 532.829 542.589 581.092 608.18 614.276 613.374 612.963 613.025 613.146 613.611 613.611 
615.407 615.407 614.911 614.589 614.711 616.075 614.91 597.822 561.094 536.383 548.768 574.226 592.284 606.8 622.627 639.103 654.031 666.269 675.494 680.38 675.218 653.111 623.754 611.29 614.533 616.393 614.533 611.29 623.754 653.111 675.218 680.38 675.494 666.269 654.031 639.103 622.627 606.8 592.284 574.226 548.768 536.383 561.094 597.822 614.91 616.075 614.711 614.589 614.911 615.407 615.407 
617.219 617.219 616.609 616.227 617.334 618.463 608.993 578.893 547.312 547.456 572.236 594.213 608.692 621.611 635.271 649.335 663.789 678.089 688.834 689.762 676.308 657.204 649.901 653.352 655.209 654.295 655.209 653.352 649.901 657.204 676.308 689.762 688.834 678.089 663.789 649.335 635.271 621.611 608.692 594.213 572.236 547.456 547.312 578.893 608.993 618.463 617.334 616.227 616.609 617.219 617.219 
618.887 618.887 618.24 618.626 620.499 616.139 593.688 561.65 551.339 570.356 593.671 608.6 619.692 632.224 648.127 667.161 686.523 699.611 700.039 689.109 673.897 660.938 648.594 635.258 625.296 622.146 625.296 635.258 648.594 660.938 673.897 689.109 700.039 699.611 686.523 667.161 648.127 632.224 619.692 608.6 593.671 570.356 551.339 561.65 593.688 616.139 620.499 618.626 618.24 618.887 618.887 
620.064 620.064 620.336 621.955 620.551 604.605 575.316 557.942 568.654 590.583 606.753 619.176 634.199 654.288 677.441 697.373 706.667 702.286 688.467 670.585 650.815 631.794 615.91 608.134 608.253 609.422 608.253 608.134 615.91 631.794 650.815 670.585 688.467 702.286 706.667 697.373 677.441 654.288 634.199 619.176 606.753 590.583 568.654 557.942 575.316 604.605 620.551 621.955 620.336 620.064 620.064 
621.358 621.358 623.821 623.464 611.696 585.76 564.466 567.471 586.96 605.939 622.913 643.135 667.008 689.721 704.03 704.673 692.97 674.492 654.524 635.067 619.15 612.353 615.396 621.201 624.396 625.236 624.396 621.201 615.396 612.353 619.15 635.067 654.524 674.492 692.97 704.673 704.03 689.721 667.008 643.135 622.913 605.939 586.96 567.471 564.466 585.76 611.696 623.464 623.821 621.358 621.358 
624.307 624.307 626.062 616.045 592.281 569.466 567.294 585.118 608.166 631.213 656.111 680.478 697.346 701.587 692.817 675.063 654.355 635.716 622.384 616.283 617.973 623.205 627.08 628.71 628.957 628.891 628.957 628.71 627.08 623.205 617.973 616.283 622.384 635.716 654.355 675.063 692.817 701.587 697.346 680.478 656.111 631.213 608.166 585.118 567.294 569.466 592.281 616.045 626.062 624.307 624.307 
625.513 625.513 617.729 596.082 573.078 568.777 586.427 613.72 641.921 668.446 688.601 696.385 690.381 674.639 654.766 636.44 623.59 618.137 619.181 622.881 626.072 627.432 627.237 626.569 626.1 625.94 626.1 626.569 627.237 627.432 626.072 622.881 619.181 618.137 623.59 636.44 654.766 674.639 690.381 696.385 688.601 668.446 641.921 613.72 586.427 568.777 573.078 596.082 617.729 625.513 625.513 
615.548 615.548 596.043 576.984 572.957 591.385 621.705 652.302 676.721 689.495 687.7 674.121 655.359 637.716 625.279 619.86 620.203 623.008 625.415 626.522 626.445 625.827 625.249 624.891 624.73 624.69 624.73 624.891 625.249 625.827 626.445 626.522 625.415 623.008 620.203 619.86 625.279 637.716 655.359 674.121 687.7 689.495 676.721 652.302 621.705 591.385 572.957 576.984 596.043 615.548 615.548 
595.987 595.987 579.597 580.724 600.33 631.114 660.496 679.7 684.248 674.827 657.358 639.516 626.922 621.217 620.97 623.146 625.176 626.121 626.113 625.692 625.254 624.986 624.892 624.896 624.924 624.939 624.924 624.896 624.892 624.986 625.254 625.692 626.113 626.121 625.176 623.146 620.97 621.217 626.922 639.516 657.358 674.827 684.248 679.7 660.496 631.114 600.33 580.724 579.597 595.987 595.987 
587 587 590.003 611.784 641.312 666.008 678.048 675.103 660.938 643.246 629.284 622.398 621.497 623.211 624.967 625.827 625.894 625.607 625.304 625.121 625.074 625.115 625.183 625.241 625.277 625.289 625.277 625.241 625.183 625.115 625.074 625.121 625.304 625.607 625.894 625.827 624.967 623.211 621.497 622.398 629.284 643.246 660.938 675.103 678.048 666.008 641.312 611.784 590.003 587 587 
601.583 601.583 623.212 649.327 669.026 673.793 664.832 648.501 633.033 623.999 621.772 623.135 624.854 625.692 625.781 625.552 625.314 625.18 625.151 625.189 625.249 625.302 625.338 625.358 625.367 625.37 625.367 625.358 625.338 625.302 625.249 625.189 625.151 625.18 625.314 625.552 625.781 625.692 624.854 623.135 621.772 623.999 633.033 648.501 664.832 673.793 669.026 649.327 623.212 601.583 601.583 
628.139 628.139 652.865 666.424 667.329 655.884 639.716 627.153 622.016 622.439 624.399 625.578 625.797 625.595 625.364 625.233 625.2 625.22 625.257 625.292 625.316 625.328 625.332 625.332 625.331 625.331 625.331 625.332 625.332 625.328 625.316 625.292 625.257 625.22 625.2 625.233 625.364 625.595 625.797 625.578 624.399 622.439 622.016 627.153 639.716 655.884 667.329 666.424 652.865 628.139 628.139 
664.314 664.314 666.525 659.176 646.857 634.023 625.382 622.568 623.409 624.868 625.562 625.608 625.446 625.314 625.26 625.256 625.27 625.285 625.295 625.301 625.303 625.303 625.302 625.301 625.301 625.3 625.301 625.301 625.302 625.303 625.303 625.301 625.295 625.285 625.27 625.256 625.26 625.314 625.446 625.608 625.562 624.868 623.409 622.568 625.382 634.023 646.857 659.176 666.525 664.314 664.314 
625.29 625.29 625.29 625.29 625.29 625.29 625.29 625.29 625.29 625.29 625.29 625.29 625.29 625.29 625.29 625.29 625.29 625.29 625.29 625.29 625.29 625.29 625.29 625.29 625.29 625.29 625.29 625.29 625.29 625.29 625.29 625.29 625.29 625.29 625.29 625.29 625.29 625.29 625.29 625.29 625.29 625.29 625.29 625.29 625.29 625.29 625.29 625.29 625.29 625.29 625.29 
