0 6.14526e-15 5.3295e-14 4.90278e-14 -3.94129e-15 -4.96617e-14 -7.89507e-14 -1.06568e-13 -1.25433e-13 -1.03098e-13 -5.28466e-14 4.06238e-15 62.964 56.717 49.5203 41.9257 31.5121 17.6227 -1.21054 -26.5383 -60.6368 -107.488 -174.1 -273.823 -371.075 4.62448e-13 371.075 273.823 174.1 107.488 60.6368 26.5383 1.21054 -17.6227 -31.5121 -41.9257 -49.5203 -56.717 -62.964 4.06238e-15 -5.28466e-14 -1.03098e-13 -1.25433e-13 -1.06568e-13 -7.89507e-14 -4.96617e-14 -3.94129e-15 4.90278e-14 5.3295e-14 6.14526e-15 0 
0.0122518 0.0122518 0.00200362 0.00291846 0.0151527 0.0252138 0.0320527 0.0337097 -0.0168575 -0.21829 1.28914 17.222 67.791 55.3552 46.0571 37.8464 26.5904 11.5404 -8.52552 -35.2727 -71.3643 -121.105 -192.209 -293.663 -379.099 5.77034e-13 379.099 293.663 192.209 121.105 71.3643 35.2727 8.52552 -11.5404 -26.5904 -37.8464 -46.0571 -55.3552 -67.791 -17.222 -1.28914 0.21829 0.0168575 -0.0337097 -0.0320527 -0.0252138 -0.0151527 -0.00291846 -0.00200362 -0.0122518 -0.0122518 
0.0264503 0.0264503 0.00191965 -0.000216883 0.0262413 0.0509282 0.067151 0.0735765 -0.00883309 -0.316813 2.0471 22.2807 67.6584 55.3185 45.9157 37.1766 25.6498 10.2891 -10.1672 -37.4584 -74.3753 -125.115 -196.785 -294.904 -359.2 2.92819e-13 359.2 294.904 196.785 125.115 74.3753 37.4584 10.1672 -10.2891 -25.6498 -37.1766 -45.9157 -55.3185 -67.6584 -22.2807 -2.0471 0.316813 0.00883309 -0.0735765 -0.067151 -0.0509282 -0.0262413 0.000216883 -0.00191965 -0.0264503 -0.0264503 
0.0407959 0.0407959 -0.00131758 -0.00756896 0.0326534 0.0705104 0.0950158 0.0923863 -0.106253 -0.290451 5.24223 31.4867 67.7893 53.9727 44.0605 34.737 22.6474 6.46914 -14.986 -43.3942 -81.6625 -133.809 -206.347 -299.6 -328.046 1.95533e-13 328.046 299.6 206.347 133.809 81.6625 43.3942 14.986 -6.46914 -22.6474 -34.737 -44.0605 -53.9727 -67.7893 -31.4867 -5.24223 0.290451 0.106253 -0.0923863 -0.0950158 -0.0705104 -0.0326534 0.00756896 0.00131758 -0.0407959 -0.0407959 
0.0534808 0.0534808 -0.0122345 -0.0256726 0.0278713 0.0786463 0.109404 0.0692528 -0.308466 -0.0143942 9.6216 40.3075 67.2045 52.1559 41.8593 32.0117 19.3489 2.37442 -19.9416 -49.1598 -88.2127 -140.78 -212.022 -293.587 -284.298 1.02886e-13 284.298 293.587 212.022 140.78 88.2127 49.1598 19.9416 -2.37442 -19.3489 -32.0117 -41.8593 -52.1559 -67.2045 -40.3075 -9.6216 0.0143942 0.308466 -0.0692528 -0.109404 -0.0786463 -0.0278713 0.0256726 0.0122345 -0.0534808 -0.0534808 
0.0646271 0.0646271 -0.0305685 -0.0535355 0.0143732 0.080599 0.113344 -0.0177454 -0.54081 1.16101 16.1173 48.6701 65.5882 49.5901 39.0794 28.7012 15.3191 -2.59662 -25.8628 -55.9466 -95.844 -148.879 -217.875 -283.738 -241.632 1.002e-14 241.632 283.738 217.875 148.879 95.844 55.9466 25.8628 2.59662 -15.3191 -28.7012 -39.0794 -49.5901 -65.5882 -48.6701 -16.1173 -1.16101 0.54081 0.0177454 -0.113344 -0.080599 -0.0143732 0.0535355 0.0305685 -0.0646271 -0.0646271 
0.0761868 0.0761867 -0.0525431 -0.0861129 -0.000445954 0.087396 0.110456 -0.177036 -0.626438 3.76433 24.7158 55.9905 62.7752 46.2003 35.6375 24.6978 10.4304 -8.57467 -32.8842 -63.8911 -104.628 -157.651 -221.476 -265.868 -198.949 1.21424e-13 198.949 265.868 221.476 157.651 104.628 63.8911 32.8842 8.57467 -10.4304 -24.6978 -35.6375 -46.2003 -62.7752 -55.9905 -24.7158 -3.76433 0.626438 0.177036 -0.110456 -0.087396 0.000445954 0.0861129 0.0525431 -0.0761867 -0.0761868 
0.0910176 0.0910176 -0.073356 -0.119085 -0.0110333 0.104974 0.0796067 -0.418524 -0.227799 8.5112 35.1064 61.056 58.4981 42.0202 31.4866 19.8199 4.38898 -15.9293 -41.3759 -73.2602 -114.565 -166.362 -221.155 -240.895 -160.14 1.62414e-13 160.14 240.895 221.155 166.362 114.565 73.2602 41.3759 15.9293 -4.38898 -19.8199 -31.4866 -42.0202 -58.4981 -61.056 -35.1064 -8.5112 0.227799 0.418524 -0.0796067 -0.104974 0.0110333 0.119085 0.073356 -0.0910176 -0.0910176 
0.110976 0.110976 -0.0915593 -0.152319 -0.015524 0.119523 -0.0407437 -0.694169 1.28676 16.2823 46.2777 62.6304 52.5885 36.937 26.3271 13.668 -3.12671 -24.7358 -51.1116 -83.6722 -125.275 -174.357 -216.178 -210.921 -126.241 1.75178e-13 126.241 210.921 216.178 174.357 125.275 83.6722 51.1116 24.7358 3.12671 -13.668 -26.3271 -36.937 -52.5885 -62.6304 -46.2777 -16.2823 -1.28676 0.694169 0.0407437 -0.119523 0.015524 0.152319 0.0915593 -0.110976 -0.110976 
0.135896 0.135896 -0.107499 -0.185542 -0.0231443 0.0874905 -0.306334 -0.728071 5.0666 27.6106 55.6889 59.7878 45.1368 30.9364 20.1137 6.31221 -11.9158 -34.9301 -62.6581 -96.5558 -138.159 -180.96 -204.034 -176.335 -96.8838 1.45982e-13 96.8838 176.335 204.034 180.96 138.159 96.5558 62.6581 34.9301 11.9158 -6.31221 -20.1137 -30.9364 -45.1368 -59.7878 -55.6889 -27.6106 -5.0666 0.728071 0.306334 -0.0874905 0.0231443 0.185542 0.107499 -0.135896 -0.135896 
0.166686 0.166686 -0.118389 -0.224665 -0.0476108 -0.0260867 -0.730802 0.197158 12.813 41.2733 60.06 52.9103 36.9469 24.417 12.8271 -2.84263 -23.3921 -48.7043 -78.0533 -111.671 -148.363 -178.014 -181.52 -142.901 -75.322 -3.06732e-15 75.322 142.901 181.52 178.014 148.363 111.671 78.0533 48.7043 23.3921 2.84263 -12.8271 -24.417 -36.9469 -52.9103 -60.06 -41.2733 -12.813 -0.197158 0.730802 0.0260867 0.0476108 0.224665 0.118389 -0.166686 -0.166686 
0.205667 0.205667 -0.126325 -0.261235 -0.0665434 -0.37005 -1.2137 3.96581 25.9713 53.1381 57.6688 43.4371 28.2982 16.2015 2.29643 -16.253 -38.955 -64.6133 -91.8028 -120.736 -150.57 -172.005 -167.463 -125.612 -63.9836 3.3599e-15 63.9836 125.612 167.463 172.005 150.57 120.736 91.8028 64.6133 38.955 16.253 -2.29643 -16.2015 -28.2982 -43.4371 -57.6688 -53.1381 -25.9713 -3.96581 1.2137 0.37005 0.0665434 0.261235 0.126325 -0.205667 -0.205667 
0.246763 0.246763 -0.115107 -0.2302 -0.245444 -1.29481 -0.263395 14.0029 41.9981 57.4216 48.627 31.5714 17.2951 4.14996 -11.8088 -30.9584 -52.2372 -75.5088 -101.738 -133.105 -166.671 -182.227 -152.997 -89.5841 -37.1086 8.86723e-15 37.1086 89.5841 152.997 182.227 166.671 133.105 101.738 75.5088 52.2372 30.9584 11.8088 -4.14996 -17.2951 -31.5714 -48.627 -57.4216 -41.9981 -14.0029 0.263395 1.29481 0.245444 0.2302 0.115107 -0.246763 -0.246763 
0.288291 0.288291 -0.00691993 -0.245642 -1.13945 -1.9018 6.21025 30.2926 52.2472 50.8492 34.3391 17.819 4.96211 -7.85789 -23.2359 -41.7252 -64.8324 -94.9898 -131.727 -167.398 -179.737 -142.915 -74.1434 -23.2974 -6.15686 4.15294e-14 6.15686 23.2974 74.1434 142.915 179.737 167.398 131.727 94.9898 64.8324 41.7252 23.2359 7.85789 -4.96211 -17.819 -34.3391 -50.8492 -52.2472 -30.2926 -6.21025 1.9018 1.13945 0.245642 0.00691993 -0.288291 -0.288291 
0.412242 0.412242 0.1867 -0.869583 -2.43484 1.57941 20.2571 44.1861 50.0486 36.8506 19.8957 6.94775 -3.96907 -17.5113 -37.0143 -64.7061 -101.053 -139.781 -164.198 -156.001 -108.335 -45.3587 -5.8708 1.93339 -0.38449 5.78355e-14 0.38449 -1.93339 5.8708 45.3587 108.335 156.001 164.198 139.781 101.053 64.7061 37.0143 17.5113 3.96907 -6.94775 -19.8957 -36.8506 -50.0486 -44.1861 -20.2571 -1.57941 2.43484 0.869583 -0.1867 -0.412242 -0.412242 
0.688689 0.688689 -0.0709081 -2.35196 -1.16387 12.5963 35.6902 47.3267 39.2734 23.5739 10.07 -1.9253 -17.7376 -41.7372 -75.0888 -112.655 -140.974 -143.161 -114.023 -65.9061 -19.7201 1.45329 0.977152 -2.10259 -1.34549 3.44439e-14 1.34549 2.10259 -0.977152 -1.45329 19.7201 65.9061 114.023 143.161 140.974 112.655 75.0888 41.7372 17.7376 1.9253 -10.07 -23.5739 -39.2734 -47.3267 -35.6902 -12.5963 1.16387 2.35196 0.0709081 -0.688689 -0.688689 
0.302967 0.302967 -1.6627 -2.48608 7.2692 28.47 43.921 41.1436 27.2466 12.0148 -3.96326 -25.4776 -54.8639 -88.8347 -117.134 -124.936 -105.087 -66.4225 -28.5092 -4.56826 3.14314 0.985387 -1.14286 -0.89489 -0.0592348 2.04835e-14 0.0592348 0.89489 1.14286 -0.985387 -3.14314 4.56826 28.5092 66.4225 105.087 124.936 117.134 88.8347 54.8639 25.4776 3.96326 -12.0148 -27.2466 -41.1436 -43.921 -28.47 -7.2692 2.48608 1.6627 -0.302967 -0.302967 
-2.13627 -2.13627 -2.58344 4.72224 23.4855 40.6754 41.7708 29.0734 10.961 -10.5832 -37.8133 -69.3525 -96.2917 -106.895 -94.3763 -63.5716 -29.481 -6.40612 1.99208 2.66172 0.798465 -0.42846 0.0336755 0.585736 0.4514 1.64122e-14 -0.4514 -0.585736 -0.0336755 0.42846 -0.798465 -2.66172 -1.99208 6.40612 29.481 63.5716 94.3763 106.895 96.2917 69.3525 37.8133 10.5832 -10.961 -29.0734 -41.7708 -40.6754 -23.4855 -4.72224 2.58344 2.13627 2.13627 
-3.34804 -3.34804 4.74599 21.8978 38.2142 40.7307 28.0059 6.517 -20.1056 -50.1558 -77.5817 -91.3698 -84.1371 -59.9821 -30.6334 -8.43543 1.58992 3.00912 1.64999 0.468637 0.0532086 0.383313 0.640345 0.512639 0.226564 -5.20213e-15 -0.226564 -0.512639 -0.640345 -0.383313 -0.0532086 -0.468637 -1.64999 -3.00912 -1.58992 8.43543 30.6334 59.9821 84.1371 91.3698 77.5817 50.1558 20.1056 -6.517 -28.0059 -40.7307 -38.2142 -21.8978 -4.74599 3.34804 3.34804 
5.39768 5.39768 22.2228 37.3069 38.287 24.0092 -0.58129 -30.1635 -58.7134 -76.8717 -75.966 -56.9973 -31.2519 -10.5317 0.332205 3.01151 2.02456 0.665436 0.187115 0.204872 0.331836 0.353304 0.196889 0.0398212 -0.0167994 -8.06336e-14 0.0167994 -0.0398212 -0.196889 -0.353304 -0.331836 -0.204872 -0.187115 -0.665436 -2.02456 -3.01151 -0.332205 10.5317 31.2519 56.9973 75.966 76.8717 58.7134 30.1635 0.58129 -24.0092 -38.287 -37.3069 -22.2228 -5.39768 -5.39768 
22.4263 22.4263 34.8458 34.6706 18.0819 -8.85017 -38.5906 -61.806 -68.734 -56.4737 -33.4314 -12.5219 -0.957262 2.61722 2.25873 0.921639 0.141673 0.0410073 0.133948 0.12165 0.0470216 -0.0600734 -0.125586 -0.117565 -0.0646465 -9.4991e-14 0.0646465 0.117565 0.125586 0.0600734 -0.0470216 -0.12165 -0.133948 -0.0410073 -0.141673 -0.921639 -2.25873 -2.61722 0.957262 12.5219 33.4314 56.4737 68.734 61.806 38.5906 8.85017 -18.0819 -34.6706 -34.8458 -22.4263 -22.4263 
30.6767 30.6767 27.1945 10.365 -16.3852 -43.5113 -59.3522 -56.4376 -38.1927 -16.8732 -2.83573 2.28272 2.39336 1.17666 0.250628 -0.057538 -0.0302504 0.0109374 -0.0372803 -0.103712 -0.136603 -0.134296 -0.101292 -0.0603711 -0.0263276 -7.44799e-14 0.0263276 0.0603711 0.101292 0.134296 0.136603 0.103712 0.0372803 -0.0109374 0.0302504 0.057538 -0.250628 -1.17666 -2.39336 -2.28272 2.83573 16.8732 38.1927 56.4376 59.3522 43.5113 16.3852 -10.365 -27.1945 -30.6767 -30.6767 
18.9376 18.9376 0.564734 -23.3533 -43.979 -51.9836 -42.8454 -23.7824 -7.07453 1.05821 2.53513 1.50642 0.450234 -0.0113836 -0.0916341 -0.0600476 -0.0588559 -0.0930449 -0.115108 -0.102628 -0.0744012 -0.0432299 -0.0185043 -0.00507591 -0.00046784 -3.53609e-14 0.00046784 0.00507591 0.0185043 0.0432299 0.0744012 0.102628 0.115108 0.0930449 0.0588559 0.0600476 0.0916341 0.0113836 -0.450234 -1.50642 -2.53513 -1.05821 7.07453 23.7824 42.8454 51.9836 43.979 23.3533 -0.564734 -18.9376 -18.9376 
-7.78757 -7.78757 -28.8321 -42.4688 -41.7772 -29.1973 -12.9568 -1.89733 1.86619 1.63135 0.625787 0.0827352 -0.0384885 -0.0330309 -0.0357828 -0.057213 -0.0746211 -0.0723376 -0.0523401 -0.0283762 -0.0101654 0.00119547 0.00572113 0.00550422 0.00307813 2.16976e-14 -0.00307813 -0.00550422 -0.00572113 -0.00119547 0.0101654 0.0283762 0.0523401 0.0723376 0.0746211 0.057213 0.0357828 0.0330309 0.0384885 -0.0827352 -0.625787 -1.63135 -1.86619 1.89733 12.9568 29.1973 41.7772 42.4688 28.8321 7.78757 7.78757 
-44.5414 -44.5414 -46.7405 -37.3711 -20.6157 -5.84061 1.38337 2.21109 0.863651 -0.056138 -0.196552 -0.0656796 0.0143034 0.0148108 -0.00937574 -0.0256869 -0.0279201 -0.0214525 -0.0126741 -0.00556664 -0.000848276 0.00156762 0.0021033 0.00164887 0.00086041 2.11812e-14 -0.00086041 -0.00164887 -0.0021033 -0.00156762 0.000848276 0.00556664 0.0126741 0.0214525 0.0279201 0.0256869 0.00937574 -0.0148108 -0.0143034 0.0656796 0.196552 0.056138 -0.863651 -2.21109 -1.38337 5.84061 20.6157 37.3711 46.7405 44.5414 44.5414 
0 0 0 0 0 0 0 0 0 0 0 0 0 0 0 0 0 0 0 0 0 0 0 0 0 0 0 0 0 0 0 0 0 0 0 0 0 0 0 0 0 0 0 0 0 0 0 0 0 0 0 
