412899 401377 401088 401265 401394 401245 400902 400511 400175 400007 398851 382339 314406 324381 332995 347340 359645 375900 396225 420504 450887 489844 541154 617258 753879 865493 753879 617258 541154 489844 450887 420504 396225 375900 359645 347340 332995 324381 314406 382339 398851 400007 400175 400511 400902 401245 401394 401265 401088 401377 412899 
401377 401377 401088 401265 401394 401245 400902 400511 400175 400007 398851 383934 317334 326381 334449 348559 360522 376066 395986 420592 451340 490681 542284 615972 755860 866257 755860 615972 542284 490681 451340 420592 395986 376066 360522 348559 334449 326381 317334 383934 398851 400007 400175 400511 400902 401245 401394 401265 401088 401377 401377 
401513 401513 401234 401423 401571 401450 401135 400779 400538 400420 396523 371541 316708 330136 339814 353897 366451 382943 404348 431047 464507 507781 565954 650161 780183 858534 780183 650161 565954 507781 464507 431047 404348 382943 366451 353897 339814 330136 316708 371541 396523 400420 400538 400779 401135 401450 401571 401423 401234 401513 401513 
401916 401916 401666 401884 402072 401998 401737 401452 401401 401382 394852 363405 316752 332626 343605 357568 370592 387819 410108 437774 472341 516997 577337 663324 782071 854434 782071 663324 577337 516997 472341 437774 410108 387819 370592 357568 343605 332626 316752 363405 394852 401382 401401 401452 401737 401998 402072 401884 401666 401916 401916 
402590 402590 402368 402614 402836 402803 402583 402386 402567 401934 390541 353647 316894 335492 347724 361573 375326 393582 416963 445835 482049 529432 595006 686080 790707 843649 790707 686080 595006 529432 482049 445835 416963 393582 375326 361573 347724 335492 316894 353647 390541 401934 402567 402386 402583 402803 402836 402614 402368 402590 402590 
403448 403448 403238 403487 403714 403686 403471 403362 403673 401370 383566 343284 318199 339229 352315 366047 380635 399952 424389 454439 492326 542492 612138 702308 790695 834047 790695 702308 612138 542492 492326 454439 424389 399952 380635 366047 352315 339229 318199 343284 383566 401370 403673 403362 403471 403686 403714 403487 403238 403448 403448 
404380 404380 404158 404380 404585 404532 404307 404325 404465 398979 373906 333850 321794 344165 357613 371352 386961 407517 433208 464727 504760 558321 631734 718647 790204 821297 790204 718647 631734 558321 504760 464727 433208 407517 386961 371352 357613 344165 321794 333850 373906 398979 404465 404325 404307 404532 404585 404380 404158 404380 404380 
405301 405301 405055 405238 405414 405334 405149 405368 404715 394132 361840 326855 328070 350401 363848 377901 394857 416900 443992 477090 519404 576073 650743 729438 784691 808508 784691 729438 650743 576073 519404 477090 443992 416900 394857 377901 363848 350401 328070 326855 361840 394132 404715 405368 405149 405334 405414 405238 405055 405301 405301 
406176 406176 405909 406055 406208 406137 406118 406494 403753 385773 348353 324403 336974 357971 371312 386108 404639 428159 456553 491344 536370 596022 669497 737006 777479 794687 777479 737006 669497 596022 536370 491344 456553 428159 404639 386108 371312 357971 336974 324403 348353 385773 403753 406494 406118 406137 406208 406055 405909 406176 406176 
407000 407000 406721 406828 406972 406977 407251 407353 400196 372995 336330 328367 348036 366726 379967 395808 416036 441245 471595 509172 557479 617996 684439 736295 763683 776099 763683 736295 684439 617996 557479 509172 471595 441245 416036 395808 379967 366726 348036 328367 336330 372995 400196 407353 407251 406977 406972 406828 406721 407000 407000 
407781 407781 407487 407549 407685 407839 408493 407045 391921 356759 330291 338418 359937 376018 389793 407643 430585 458520 491381 530804 578792 634280 689997 730320 751992 761896 751992 730320 689997 634280 578792 530804 491381 458520 430585 407643 389793 376018 359937 338418 330291 356759 391921 407045 408493 407839 407685 407549 407487 407781 407781 
408532 408532 408226 408206 408301 408855 409678 403337 376889 341703 333427 352182 372177 387175 403297 424330 449834 478745 510947 548807 595377 650178 704488 740878 757342 763825 757342 740878 704488 650178 595377 548807 510947 478745 449834 424330 403297 387175 372177 352182 333427 341703 376889 403337 409678 408855 408301 408206 408226 408532 408532 
409286 409286 408956 408761 409036 410443 409124 392190 357539 335668 346110 368742 386913 402596 420847 442747 467413 495130 528511 572388 628777 685941 717585 710817 693022 686491 693022 710817 717585 685941 628777 572388 528511 495130 467413 442747 420847 402596 386913 368742 346110 335668 357539 392190 409124 410443 409036 408761 408956 409286 409286 
410065 410065 409634 409391 410561 411629 402205 373240 344322 344269 365809 387034 402831 417913 435744 457528 485076 521374 568090 621279 663071 662960 614532 553479 514909 503068 514909 553479 614532 662960 663071 621279 568090 521374 485076 457528 435744 417913 402831 387034 365809 344269 344322 373240 402205 411629 410561 409391 409634 410065 410065 
410749 410749 410281 410734 412515 408141 386288 356207 346803 363314 385246 401446 414704 430702 453369 485355 527633 575425 614707 625821 592620 523272 453450 411878 396047 392451 396047 411878 453450 523272 592620 625821 614707 575425 527633 485355 453369 430702 414704 401446 385246 363314 346803 356207 386288 408141 412515 410734 410281 410749 410749 
411134 411134 411468 413020 411463 395784 367835 351809 361171 381513 398627 413221 431721 459099 496664 540030 577398 591859 572177 521654 458260 410082 389653 387619 390991 392755 390991 387619 389653 410082 458260 521654 572177 591859 577398 540030 496664 459099 431721 413221 398627 381513 361171 351809 367835 395784 411463 413020 411468 411134 411134 
411911 411911 414124 413710 401985 376926 357067 359666 377613 396991 416209 440812 473775 512185 546419 562035 549066 510521 462057 420637 397597 394567 401865 409272 412887 413844 412887 409272 401865 394567 397597 420637 462057 510521 549066 562035 546419 512185 473775 440812 416209 396991 377613 359666 357067 376926 401985 413710 414124 411911 411911 
414426 414426 415818 406026 382864 361287 359219 375577 398527 424193 455104 490392 521848 537850 529892 499345 458644 423600 403906 399040 403808 411108 415718 417335 417506 417427 417506 417335 415718 411108 403808 399040 403906 423600 458644 499345 529892 537850 521848 490392 455104 424193 398527 375577 359219 361287 382864 406026 415818 414426 414426 
415099 415099 407683 386566 364538 360345 376567 403601 435192 469420 500774 518694 514830 490753 456658 425856 407267 401908 404904 410236 414262 415763 415445 414628 414051 413854 414051 414628 415445 415763 414262 410236 404904 401908 407267 425856 456658 490753 514830 518694 500774 469420 435192 403601 376567 360345 364538 386566 407683 415099 415099 
404727 404727 386957 368166 364001 381040 411389 446381 479398 501429 503519 484966 455510 427991 410533 404529 406120 410203 413338 414647 414481 413658 412889 412428 412227 412177 412227 412428 412889 413658 414481 414647 413338 410203 406120 404529 410533 427991 455510 484966 503519 501429 479398 446381 411389 381040 364001 368166 386957 404727 404727 
385490 385490 371009 371035 389434 420998 455585 482972 493292 482380 457037 430604 413216 406578 407090 410241 412927 414105 414048 413468 412871 412503 412373 412378 412415 412433 412415 412378 412373 412503 412871 413468 414048 414105 412927 410241 407090 406578 413216 430604 457037 482380 493292 482972 455585 420998 389434 371035 371009 385490 385490 
376921 376921 379785 400513 431780 462133 480645 479635 460868 435788 416669 408250 407766 410269 412595 413695 413754 413349 412927 412676 412610 412664 412756 412833 412879 412894 412879 412833 412756 412664 412610 412676 412927 413349 413754 413695 412595 410269 407766 408250 416669 435788 460868 479635 480645 462133 431780 400513 379785 376921 376921 
391342 391342 411572 440509 465743 474845 464774 442815 421862 410402 408121 410134 412398 413482 413587 413271 412939 412754 412717 412769 412850 412921 412969 412993 413004 413006 413004 412993 412969 412921 412850 412769 412717 412754 412939 413271 413587 413482 412398 410134 408121 410402 421862 442815 464774 474845 465743 440509 411572 391342 391342 
419562 419562 444194 462849 466236 452097 430640 414433 408414 409282 411823 413320 413587 413305 412989 412815 412776 412809 412863 412911 412941 412955 412959 412958 412956 412955 412956 412958 412959 412955 412941 412911 412863 412809 412776 412815 412989 413305 413587 413320 411823 409282 408414 414433 430640 452097 466236 462849 444194 419562 419562 
455881 455881 460281 455092 440791 423947 412628 409239 410473 412394 413305 413348 413107 412917 412844 412845 412870 412894 412910 412918 412920 412919 412917 412915 412914 412913 412914 412915 412917 412919 412920 412918 412910 412894 412870 412845 412844 412917 413107 413348 413305 412394 410473 409239 412628 423947 440791 455092 460281 455881 455881 
412899 412899 412899 412899 412899 412899 412899 412899 412899 412899 412899 412899 412899 412899 412899 412899 412899 412899 412899 412899 412899 412899 412899 412899 412899 412899 412899 412899 412899 412899 412899 412899 412899 412899 412899 412899 412899 412899 412899 412899 412899 412899 412899 412899 412899 412899 412899 412899 412899 412899 412899 
