-0 -2.61936e-13 -2.32194e-12 -2.1839e-12 1.79854e-13 2.32827e-12 3.81188e-12 5.30536e-12 6.43712e-12 5.43917e-12 -0.000545584 1946.98 0 0 9.09495e-13 4.54747e-13 0 0 0 4.54747e-13 -1.81899e-12 0 0 0 7.27596e-12 0 0 0 0 0 -9.09495e-13 0 2.84217e-14 0 4.54747e-13 4.54747e-13 9.09495e-13 0 0 1946.98 -0.000545584 -5.43917e-12 -6.43712e-12 -5.30536e-12 -3.81188e-12 -2.32827e-12 -1.79854e-13 2.1839e-12 2.32194e-12 2.61936e-13 0 
-19.6093 -21.015 -24.1932 -29.919 -37.8518 -47.1129 -57.1241 -66.6611 -70.5556 -53.6325 -35.6382 791.154 -790.027 -281.26 -130.492 -133.675 -140.057 -139.58 -155.341 -198.092 -273.181 -421.117 -675.135 -701.825 -6057.45 -16756.9 -6057.45 -701.825 -675.135 -421.117 -273.181 -198.092 -155.341 -139.58 -140.057 -133.675 -130.492 -281.26 -790.027 791.154 -35.6382 -53.6325 -70.5556 -66.6611 -57.1241 -47.1129 -37.8518 -29.919 -24.1932 -21.015 -19.6093 
-36.6589 -39.2714 -45.0892 -55.5931 -70.3759 -87.777 -106.574 -124.61 -133.221 -107.949 -65.1839 279.685 -1145.25 -617.503 -488.281 -524.273 -610.998 -726.026 -906.491 -1194.89 -1664.67 -2523.15 -4181.11 -6843.33 -15704.2 -25673.6 -15704.2 -6843.33 -4181.11 -2523.15 -1664.67 -1194.89 -906.491 -726.026 -610.998 -524.273 -488.281 -617.503 -1145.25 279.685 -65.1839 -107.949 -133.221 -124.61 -106.574 -87.777 -70.3759 -55.5931 -45.0892 -39.2714 -36.6589 
-51.4508 -55.0943 -63.1266 -77.7162 -98.3442 -122.699 -149.087 -174.157 -184.435 -162.996 -208.205 -335.02 -1439.4 -846.991 -717.235 -777.974 -908.523 -1077.52 -1336.59 -1750.13 -2423.08 -3623.57 -5789.9 -9130.92 -19677.9 -31315.4 -19677.9 -9130.92 -5789.9 -3623.57 -2423.08 -1750.13 -1336.59 -1077.52 -908.523 -777.974 -717.235 -846.991 -1439.4 -335.02 -208.205 -162.996 -184.435 -174.157 -149.087 -122.699 -98.3442 -77.7162 -63.1266 -55.0943 -51.4508 
-64.2571 -68.7725 -78.5956 -96.6199 -122.211 -152.526 -185.469 -216.013 -226.913 -222.522 -385.646 -852.109 -1631.21 -1025.26 -914.195 -1005.45 -1178.07 -1402.53 -1746.34 -2293.8 -3184.27 -4741.91 -7478.77 -11929.8 -22965.4 -32658.6 -22965.4 -11929.8 -7478.77 -4741.91 -3184.27 -2293.8 -1746.34 -1402.53 -1178.07 -1005.45 -914.195 -1025.26 -1631.21 -852.109 -385.646 -222.522 -226.913 -216.013 -185.469 -152.526 -122.211 -96.6199 -78.5956 -68.7725 -64.2571 
-75.3455 -80.6058 -91.8656 -112.757 -142.594 -178.048 -216.566 -250.845 -264.679 -302.965 -613.857 -1279.95 -1720.89 -1147.19 -1072.68 -1194.43 -1400.05 -1668.53 -2079.91 -2729.55 -3773.77 -5541.15 -8530.68 -13420.4 -23828.1 -32075.1 -23828.1 -13420.4 -8530.68 -5541.15 -3773.77 -2729.55 -2079.91 -1668.53 -1400.05 -1194.43 -1072.68 -1147.19 -1720.89 -1279.95 -613.857 -302.965 -264.679 -250.845 -216.566 -178.048 -142.594 -112.757 -91.8656 -80.6058 -75.3455 
-84.9763 -90.8138 -103.273 -126.605 -159.996 -199.959 -243.101 -279.589 -302.68 -409.559 -875.956 -1605.68 -1724.16 -1223.72 -1197.49 -1347.75 -1578.66 -1882.05 -2346.93 -3073.85 -4222.85 -6109.39 -9245.15 -14424.5 -23634.5 -29850.6 -23634.5 -14424.5 -9245.15 -6109.39 -4222.85 -3073.85 -2346.93 -1882.05 -1578.66 -1347.75 -1197.49 -1223.72 -1724.16 -1605.68 -875.956 -409.559 -302.68 -279.589 -243.101 -199.959 -159.996 -126.605 -103.273 -90.8138 -84.9763 
-93.3055 -99.6408 -113.091 -138.399 -174.836 -218.681 -265.134 -303.31 -347.221 -548.513 -1153.35 -1800.29 -1660.36 -1269.08 -1294.39 -1466.82 -1713.25 -2040.59 -2544.62 -3323.6 -4529.72 -6452.49 -9598.5 -14698.3 -22348 -26891.5 -22348 -14698.3 -9598.5 -6452.49 -4529.72 -3323.6 -2544.62 -2040.59 -1713.25 -1466.82 -1294.39 -1269.08 -1660.36 -1800.29 -1153.35 -548.513 -347.221 -303.31 -265.134 -218.681 -174.836 -138.399 -113.091 -99.6408 -93.3055 
-100.483 -107.201 -121.463 -148.336 -187.335 -234.26 -282.28 -323.833 -406.436 -726.208 -1415.57 -1843.28 -1553.39 -1290.06 -1361.22 -1547.41 -1803.82 -2152.83 -2688.6 -3494.33 -4701.1 -6573.46 -9614.22 -14369.9 -20413.1 -23535.1 -20413.1 -14369.9 -9614.22 -6573.46 -4701.1 -3494.33 -2688.6 -2152.83 -1803.82 -1547.41 -1361.22 -1290.06 -1553.39 -1843.28 -1415.57 -726.208 -406.436 -323.833 -282.28 -234.26 -187.335 -148.336 -121.463 -107.201 -100.483 
-106.596 -113.59 -128.471 -156.537 -197.499 -246.311 -294.592 -345.696 -492.333 -941.505 -1600.45 -1741.73 -1430.33 -1294.53 -1404.07 -1600.55 -1865.02 -2225.52 -2762.01 -3539.45 -4684.59 -6478.71 -9402.27 -13685 -18283 -20377.6 -18283 -13685 -9402.27 -6478.71 -4684.59 -3539.45 -2762.01 -2225.52 -1865.02 -1600.55 -1404.07 -1294.53 -1430.33 -1741.73 -1600.45 -941.505 -492.333 -345.696 -294.592 -246.311 -197.499 -156.537 -128.471 -113.59 -106.596 
-111.666 -118.85 -134.204 -163.028 -205.29 -254.798 -302.763 -376.86 -619.356 -1165.17 -1639.62 -1555.63 -1322.83 -1295.4 -1426.69 -1617.45 -1868.53 -2211.86 -2724.26 -3476.3 -4612.25 -6389.73 -9110.13 -12625.8 -15815.4 -17117.9 -15815.4 -12625.8 -9110.13 -6389.73 -4612.25 -3476.3 -2724.26 -2211.86 -1868.53 -1617.45 -1426.69 -1295.4 -1322.83 -1555.63 -1639.62 -1165.17 -619.356 -376.86 -302.763 -254.798 -205.29 -163.028 -134.204 -118.85 -111.666 
-115.782 -123.051 -138.651 -167.924 -211.062 -258.588 -308.658 -434.638 -795.083 -1324.2 -1524.01 -1357.95 -1234.81 -1270.52 -1393.48 -1563.2 -1804.54 -2158.33 -2694.59 -3461.45 -4547.84 -6084.17 -8207.21 -10733.5 -12870.6 -13696.3 -12870.6 -10733.5 -8207.21 -6084.17 -4547.84 -3461.45 -2694.59 -2158.33 -1804.54 -1563.2 -1393.48 -1270.52 -1234.81 -1357.95 -1524.01 -1324.2 -795.083 -434.638 -308.658 -258.588 -211.062 -167.924 -138.651 -123.051 -115.782 
-118.859 -126.109 -141.947 -171.822 -213.34 -255.45 -326.531 -545.173 -978.382 -1328.66 -1309.16 -1171.4 -1134.19 -1197.17 -1319.22 -1504.56 -1781.46 -2163.62 -2664.83 -3274.92 -4057.38 -5236.44 -7173.81 -9770 -11954.2 -12768.1 -11954.2 -9770 -7173.81 -5236.44 -4057.38 -3274.92 -2664.83 -2163.62 -1781.46 -1504.56 -1319.22 -1197.17 -1134.19 -1171.4 -1309.16 -1328.66 -978.382 -545.173 -326.531 -255.45 -213.34 -171.822 -141.947 -126.109 -118.859 
-120.845 -127.994 -144.589 -173.55 -208.355 -254.546 -385.79 -695.631 -1058.06 -1164.22 -1072.06 -1009.52 -1040.47 -1138.3 -1287.96 -1492.32 -1742.51 -2009.91 -2308.01 -2725.67 -3554.05 -5252.71 -8060.81 -11311.3 -13665.3 -14477.8 -13665.3 -11311.3 -8060.81 -5252.71 -3554.05 -2725.67 -2308.01 -2009.91 -1742.51 -1492.32 -1287.96 -1138.3 -1040.47 -1009.52 -1072.06 -1164.22 -1058.06 -695.631 -385.79 -254.546 -208.355 -173.55 -144.589 -127.994 -120.845 
-122.189 -129.142 -146.105 -169.487 -200.376 -280.67 -489.827 -795.919 -969.536 -942.98 -893.4 -912.929 -993.438 -1102.69 -1222.09 -1337.68 -1448.55 -1602 -1948.01 -2707.09 -4206.04 -6664.05 -9750.27 -12343.5 -13741.6 -14171.1 -13741.6 -12343.5 -9750.27 -6664.05 -4206.04 -2707.09 -1948.01 -1602 -1448.55 -1337.68 -1222.09 -1102.69 -993.438 -912.929 -893.4 -942.98 -969.536 -795.919 -489.827 -280.67 -200.376 -169.487 -146.105 -129.142 -122.189 
-122.896 -129.572 -143.168 -159.704 -207.236 -345.942 -582.686 -772.981 -804.257 -778.649 -792.409 -845.181 -903.645 -943.075 -968.164 -1019.06 -1180.34 -1569.1 -2317.74 -3550.83 -5354.38 -7385.23 -8972.43 -9892.26 -10373.3 -10536.6 -10373.3 -9892.26 -8972.43 -7385.23 -5354.38 -3550.83 -2317.74 -1569.1 -1180.34 -1019.06 -968.164 -943.075 -903.645 -845.181 -792.409 -778.649 -804.257 -772.981 -582.686 -345.942 -207.236 -159.704 -143.168 -129.572 -122.896 
-118.605 -124.857 -132.393 -156.625 -246.866 -424.283 -601.354 -667.041 -659.947 -660.737 -678.6 -687.088 -680.075 -683.025 -753.847 -969.437 -1402.71 -2096.36 -3039.46 -4139.95 -5207.64 -6047.32 -6679.26 -7141.27 -7433.17 -7533.33 -7433.17 -7141.27 -6679.26 -6047.32 -5207.64 -4139.95 -3039.46 -2096.36 -1402.71 -969.437 -753.847 -683.025 -680.075 -687.088 -678.6 -660.737 -659.947 -667.041 -601.354 -424.283 -246.866 -156.625 -132.393 -124.857 -118.605 
-104.668 -110.4 -124.56 -183.203 -312.817 -462.612 -537.333 -536.693 -520.136 -505.814 -486.164 -470.441 -497.565 -614.52 -867.717 -1284.91 -1853.27 -2491.66 -3091.1 -3616.39 -4097.61 -4551.96 -4968.16 -5292.29 -5493.33 -5560.37 -5493.33 -5292.29 -4968.16 -4551.96 -4097.61 -3616.39 -3091.1 -2491.66 -1853.27 -1284.91 -867.717 -614.52 -497.565 -470.441 -486.164 -505.814 -520.136 -536.693 -537.333 -462.612 -312.817 -183.203 -124.56 -110.4 -104.668 
-96.0656 -101.219 -145.749 -241.111 -355.821 -419.718 -414.732 -382.936 -349.801 -324.348 -326.313 -387.884 -539.043 -791.094 -1137 -1533.51 -1914.9 -2242.08 -2537.02 -2833.42 -3150.13 -3469.04 -3752.8 -3963.08 -4089.68 -4131.21 -4089.68 -3963.08 -3752.8 -3469.04 -3150.13 -2833.42 -2537.02 -2242.08 -1914.9 -1533.51 -1137 -791.094 -539.043 -387.884 -326.313 -324.348 -349.801 -382.936 -414.732 -419.718 -355.821 -241.111 -145.749 -101.219 -96.0656 
-117.945 -122.663 -194.031 -277.87 -318.402 -302.659 -261.583 -223.332 -206.207 -231.038 -318.402 -476.566 -694.589 -942.304 -1186.14 -1405.42 -1604.9 -1796.69 -1996.21 -2205.68 -2423.84 -2631.08 -2805.72 -2931.35 -3006.61 -3031.16 -3006.61 -2931.35 -2805.72 -2631.08 -2423.84 -2205.68 -1996.21 -1796.69 -1604.9 -1405.42 -1186.14 -942.304 -694.589 -476.566 -318.402 -231.038 -206.207 -223.332 -261.583 -302.659 -318.402 -277.87 -194.031 -122.663 -117.945 
-156.533 -160.621 -213.443 -234.7 -208.114 -163.342 -128.689 -123.914 -165.21 -260.457 -402.195 -566.797 -726.735 -870.326 -1004.47 -1137.87 -1274.82 -1412.89 -1553.22 -1691.79 -1828.51 -1953.03 -2055.61 -2129.22 -2173.7 -2188.24 -2173.7 -2129.22 -2055.61 -1953.03 -1828.51 -1691.79 -1553.22 -1412.89 -1274.82 -1137.87 -1004.47 -870.326 -726.735 -566.797 -402.195 -260.457 -165.21 -123.914 -128.689 -163.342 -208.114 -234.7 -213.443 -160.621 -156.533 
-157.412 -160.467 -160.919 -131.895 -90.577 -62.7971 -67.6805 -115.102 -202.441 -313.26 -424.369 -522.41 -611.477 -700.32 -794.06 -891.94 -990.069 -1083.51 -1173.82 -1258.82 -1340.48 -1413.74 -1473.86 -1517.24 -1543.7 -1552.34 -1543.7 -1517.24 -1473.86 -1413.74 -1340.48 -1258.82 -1173.82 -1083.51 -990.069 -891.94 -794.06 -700.32 -611.477 -522.41 -424.369 -313.26 -202.441 -115.102 -67.6805 -62.7971 -90.577 -131.895 -160.919 -160.467 -157.412 
-101.239 -103.444 -71.4803 -37.6966 -20.1521 -30.2867 -73.792 -142.936 -219.553 -288.329 -348.196 -406.466 -468.738 -535.296 -604.3 -672.647 -737.35 -796.118 -851.73 -902.573 -950.798 -993.702 -1028.83 -1054.3 -1069.93 -1075.03 -1069.93 -1054.3 -1028.83 -993.702 -950.798 -902.573 -851.73 -796.118 -737.35 -672.647 -604.3 -535.296 -468.738 -406.466 -348.196 -288.329 -219.553 -142.936 -73.792 -30.2867 -20.1521 -37.6966 -71.4803 -103.444 -101.239 
-26.8596 -28.6652 -0.868218 9.35791 -4.94458 -39.8497 -86.6014 -132.233 -170.606 -205.95 -244.102 -287.322 -334.449 -382.8 -430.343 -475.269 -516.269 -552.47 -586.416 -616.591 -644.831 -669.711 -689.995 -704.749 -713.799 -716.776 -713.799 -704.749 -689.995 -669.711 -644.831 -616.591 -586.416 -552.47 -516.269 -475.269 -430.343 -382.8 -334.449 -287.322 -244.102 -205.95 -170.606 -132.233 -86.6014 -39.8497 -4.94458 9.35791 -0.868218 -28.6652 -26.8596 
41.6321 39.9109 38.493 21.094 -7.50655 -36.8445 -59.3446 -75.6604 -91.6688 -111.577 -137.618 -170.392 -205.869 -240.805 -273.638 -303.43 -329.63 -351.959 -372.45 -390.402 -407.015 -421.421 -433.022 -441.435 -446.558 -448.259 -446.558 -441.435 -433.022 -421.421 -407.015 -390.402 -372.45 -351.959 -329.63 -303.43 -273.638 -240.805 -205.869 -170.392 -137.618 -111.577 -91.6688 -75.6604 -59.3446 -36.8445 -7.50655 21.094 38.493 39.9109 41.6321 
-0 -0 -0 -0 -0 -0 -0 -0 -0 -3.30455 -31.5024 -79.1251 -123.182 -161.428 -195.114 -225.006 -251.591 -275.156 -295.79 -313.2 -327.707 -339.476 -348.589 -355.081 -358.974 -360.27 -358.974 -355.081 -348.589 -339.476 -327.707 -313.2 -295.79 -275.156 -251.591 -225.006 -195.114 -161.428 -123.182 -79.1251 -31.5024 -3.30455 0 0 0 0 0 0 0 0 0 
