    0 105.971142
    1 129.469427
    2 162.636101
    3 186.882296
    4 203.890199
    5 216.947647
    6 227.697340
    7 236.745808
    8 244.372575
    9 250.818937
   10 256.325728
   11 261.108418
   12 265.329558
   13 269.089096
   14 272.430660
   15 275.356917
   16 277.859861
   17 279.928623
   18 281.562319
   19 282.777634
   20 283.602906
   21 284.076172
   22 284.243867
   23 284.161125
   24 283.877585
   25 283.440657
   26 282.886606
   27 282.250198
   28 281.551350
   29 280.808331
   30 280.029420
   31 279.219772
   32 278.382265
   33 277.514593
   34 276.617247
   35 275.688143
   36 274.726551
   37 273.733438
   38 272.709835
   39 271.657680
   40 270.580306
   41 269.483576
   42 268.370455
   43 267.246688
   44 266.117558
   45 264.987224
   46 263.857423
   47 262.729377
   48 261.604528
   49 260.482213
   50 259.358477
   51 258.230211
   52 257.094291
   53 255.946186
   54 254.781599
   55 253.595457
   56 252.385785
   57 251.150784
   58 249.889960
   59 248.603413
   60 247.292919
   61 245.963082
   62 244.619453
   63 243.267704
   64 241.912947
   65 240.561601
   66 239.220305
   67 237.893901
   68 236.587816
   69 235.306020
   70 234.051409
   71 232.823978
   72 231.625810
   73 230.456566
   74 229.314784
   75 228.198995
   76 227.106815
   77 226.035347
   78 224.982484
   79 223.945127
   80 222.921147
   81 221.907573
   82 220.902521
   83 219.904089
   84 218.910524
   85 217.920707
   86 216.933275
   87 215.947652
   88 214.962941
   89 213.978108
   90 212.992993
   91 212.005923
   92 211.017822
   93 210.028557
   94 209.038091
   95 208.046221
   96 207.053054
   97 206.058689
   98 205.063302
   99 204.066753
  100 203.069517
  101 202.072180
  102 201.074226
  103 200.076237
  104 199.079171
  105 198.083607
  106 197.090037
  107 196.098675
  108 195.109759
  109 194.123813
  110 193.140946
  111 192.161480
  112 191.185501
  113 190.213187
  114 189.244616
  115 188.279899
  116 187.318775
  117 186.360485
  118 185.405757
  119 184.454639
  120 183.507020
  121 182.562763
  122 181.622269
  123 180.685355
  124 179.752138
  125 178.822406
  126 177.896166
  127 176.973349
  128 176.053906
  129 175.137823
  130 174.225086
  131 173.315649
  132 172.409554
  133 171.506667
  134 170.607054
  135 169.709920
  136 168.816404
  137 167.926602
  138 167.040776
  139 166.158899
  140 165.281020
  141 164.407120
  142 163.537437
  143 162.672154
  144 161.811396
  145 160.955319
  146 160.104113
  147 159.257921
  148 158.416920
  149 157.581222
  150 156.750897
  151 155.926099
  152 155.106982
  153 154.293785
  154 153.486619
  155 152.685603
  156 151.890713
  157 151.101237
  158 150.318321
  159 149.542018
  160 148.772584
  161 148.009934
  162 147.254133
  163 146.505260
  164 145.763369
  165 145.028480
  166 144.300505
  167 143.579497
  168 142.865420
  169 142.158255
  170 141.458016
  171 140.764607
  172 140.077959
  173 139.397995
  174 138.724605
  175 138.057731
  176 137.397307
  177 136.742986
  178 136.094825
  179 135.452880
  180 134.817016
  181 134.186994
  182 133.562028
  183 132.942629
  184 132.328852
  185 131.720544
  186 131.117552
  187 130.519734
  188 129.926900
  189 129.338880
  190 128.755526
  191 128.176672
  192 127.602162
  193 127.031835
  194 126.465529
  195 125.903488
  196 125.345158
  197 124.790341
  198 124.238891
  199 123.690656
  200 123.145485
  201 122.603231
  202 122.063750
  203 121.526898
  204 120.992539
  205 120.460485
  206 119.930366
  207 119.402437
  208 118.876533
  209 118.352201
  210 117.829313
  211 117.308196
  212 116.788710
  213 116.270734
  214 115.754155
  215 115.238853
  216 114.724698
  217 114.211609
  218 113.699486
  219 113.188228
  220 112.677737
  221 112.167919
  222 111.658685
  223 111.149950
  224 110.641632
  225 110.133655
  226 109.625948
  227 109.118440
  228 108.611065
  229 108.103760
  230 107.596467
  231 107.089132
  232 106.581721
  233 106.074187
  234 105.566464
  235 105.058510
  236 104.550255
  237 104.041450
  238 103.532032
  239 103.022303
  240 102.512230
  241 102.001786
  242 101.490935
  243 100.979652
  244 100.467929
  245 99.955753
  246 99.443119
  247 98.930002
  248 98.416383
  249 97.902255
  250 97.387775
  251 96.872831
  252 96.357345
  253 95.841316
  254 95.324745
  255 94.807635
  256 94.289990
  257 93.771822
  258 93.253140
  259 92.733957
  260 92.214288
  261 91.694149
  262 91.173556
  263 90.652529
  264 90.130863
  265 89.608635
  266 89.086099
  267 88.563275
  268 88.040180
  269 87.516790
  270 86.993224
  271 86.469507
  272 85.945667
  273 85.421731
  274 84.897727
  275 84.373682
  276 83.849631
  277 83.325607
  278 82.801643
  279 82.277775
  280 81.754036
  281 81.230462
  282 80.707091
  283 80.183979
  284 79.661145
  285 79.138629
  286 78.616472
  287 78.094712
  288 77.573396
  289 77.052310
  290 76.531682
  291 76.011664
  292 75.492297
  293 74.973623
  294 74.455687
  295 73.938530
  296 73.422195
  297 72.906726
  298 72.392165
  299 71.878558
  300 71.365947
  301 70.854377
  302 70.343904
  303 69.834578
  304 69.326420
  305 68.819476
  306 68.313792
  307 67.809413
  308 67.306381
  309 66.804739
  310 66.304533
  311 65.805702
  312 65.308222
  313 64.812337
  314 64.318090
  315 63.825525
  316 63.334686
  317 62.845620
  318 62.358368
  319 61.872977
  320 61.389533
  321 60.908037
  322 60.428534
  323 59.951069
  324 59.475687
  325 59.002437
  326 58.531367
  327 58.062525
  328 57.595959
  329 57.131722
  330 56.669856
  331 56.210410
  332 55.753183
  333 55.298492
  334 54.846434
  335 54.397021
  336 53.950286
  337 53.506269
  338 53.065038
  339 52.626647
  340 52.191145
  341 51.758588
  342 51.329027
  343 50.902516
  344 50.479108
  345 50.058915
  346 49.641933
  347 49.228214
  348 48.817816
  349 48.410792
  350 48.007012
  351 47.606681
  352 47.209944
  353 46.816848
  354 46.427420
  355 46.041762
  356 45.659882
  357 45.281875
  358 44.907766
  359 44.537597
  360 44.171413
  361 43.809267
  362 43.451214
  363 43.097308
  364 42.747604
  365 42.402069
  366 42.060727
  367 41.723763
  368 41.391229
  369 41.063172
  370 40.739643
  371 40.420688
  372 40.106352
  373 39.796659
  374 39.491658
  375 39.191409
  376 38.895953
  377 38.605329
  378 38.319435
  379 38.038419
  380 37.762355
  381 37.491271
  382 37.225195
  383 36.964153
  384 36.708170
  385 36.457265
  386 36.211458
  387 35.970765
  388 35.735052
  389 35.504483
  390 35.279076
  391 35.058834
  392 34.843759
  393 34.633853
  394 34.429102
  395 34.229376
  396 34.034813
  397 33.845401
  398 33.661115
  399 33.481850
  400 33.307642
  401 33.138476
  402 32.974368
  403 32.815281
  404 32.661180
  405 32.512030
  406 32.367790
  407 32.228415
  408 32.093855
  409 31.964053
  410 31.838963
  411 31.718522
  412 31.602675
  413 31.491367
  414 31.384527
  415 31.282100
  416 31.184012
  417 31.090184
  418 31.000551
  419 30.915040
  420 30.833575
  421 30.756078
  422 30.682471
  423 30.612670
  424 30.546594
  425 30.484159
  426 30.425278
  427 30.369866
  428 30.317835
  429 30.269098
  430 30.223564
  431 30.181144
  432 30.141749
  433 30.105286
  434 30.071666
  435 30.040798
  436 30.012589
  437 29.986949
  438 29.963788
  439 29.943013
  440 29.924536
  441 29.908266
  442 29.894113
  443 29.881990
  444 29.871807
  445 29.863480
  446 29.856920
  447 29.852043
  448 29.848768
  449 29.847009
  450 29.846683
  451 29.847710
  452 29.850008
  453 29.853500
  454 29.858109
  455 29.863759
  456 29.870374
  457 29.877882
  458 29.886211
  459 29.895290
  460 29.905052
  461 29.915427
  462 29.926350
  463 29.937755
  464 29.949579
  465 29.961761
  466 29.974240
  467 29.986957
  468 29.999855
  469 30.012876
  470 30.025967
  471 30.039075
  472 30.052146
  473 30.065133
  474 30.077987
  475 30.090658
  476 30.103100
  477 30.115270
  478 30.127123
  479 30.138617
  480 30.149712
  481 30.160367
  482 30.170545
  483 30.180209
  484 30.189324
  485 30.197854
  486 30.205767
  487 30.213030
  488 30.219613
  489 30.225485
  490 30.230619
  491 30.234986
  492 30.238557
  493 30.241308
  494 30.243216
  495 30.244254
  496 30.244404
  497 30.243646
  498 30.241959
  499 30.239323
  500 30.235715
  501 30.231124
  502 30.225533
  503 30.218927
  504 30.211292
  505 30.202612
  506 30.192873
  507 30.182061
  508 30.170168
  509 30.157186
  510 30.143104
  511 30.127914
  512 30.111607
  513 30.094177
  514 30.075618
  515 30.055919
  516 30.035075
  517 30.013084
  518 29.989943
  519 29.965650
  520 29.940201
  521 29.913595
  522 29.885830
  523 29.856905
  524 29.826816
  525 29.795561
  526 29.763146
  527 29.729574
  528 29.694846
  529 29.658963
  530 29.621928
  531 29.583745
  532 29.544416
  533 29.503938
  534 29.462323
  535 29.419578
  536 29.375706
  537 29.330715
  538 29.284609
  539 29.237388
  540 29.189066
  541 29.139650
  542 29.089149
  543 29.037562
  544 28.984903
  545 28.931182
  546 28.876410
  547 28.820596
  548 28.763751
  549 28.705882
  550 28.647002
  551 28.587121
  552 28.526249
  553 28.464397
  554 28.401577
  555 28.337800
  556 28.273077
  557 28.207422
  558 28.140846
  559 28.073362
  560 28.004982
  561 27.935718
  562 27.865585
  563 27.794595
  564 27.722762
  565 27.650099
  566 27.576620
  567 27.502339
  568 27.427269
  569 27.351425
  570 27.274821
  571 27.197472
  572 27.119392
  573 27.040595
  574 26.961097
  575 26.880912
  576 26.800055
  577 26.718481
  578 26.636176
  579 26.553271
  580 26.469781
  581 26.385721
  582 26.301105
  583 26.215948
  584 26.130263
  585 26.044064
  586 25.957365
  587 25.870179
  588 25.782519
  589 25.694399
  590 25.605830
  591 25.516827
  592 25.427403
  593 25.337569
  594 25.247338
  595 25.156724
  596 25.065739
  597 24.974396
  598 24.882707
  599 24.790685
  600 24.698344
  601 24.605697
  602 24.512759
  603 24.419542
  604 24.326060
  605 24.232326
  606 24.138356
  607 24.044162
  608 23.949758
  609 23.855159
  610 23.760378
  611 23.665429
  612 23.570325
  613 23.475080
  614 23.379709
  615 23.284224
  616 23.188640
  617 23.092970
  618 22.997226
  619 22.901424
  620 22.805574
  621 22.709690
  622 22.613785
  623 22.517871
  624 22.421959
  625 22.326063
  626 22.230193
  627 22.134362
  628 22.038581
  629 21.942860
  630 21.847211
  631 21.751645
  632 21.656171
  633 21.560801
  634 21.465544
  635 21.370411
  636 21.275411
  637 21.180555
  638 21.085850
  639 20.991307
  640 20.896935
  641 20.802743
  642 20.708739
  643 20.614933
  644 20.521332
  645 20.427945
  646 20.334781
  647 20.241847
  648 20.149152
  649 20.056703
  650 19.964506
  651 19.872567
  652 19.780898
  653 19.689505
  654 19.598395
  655 19.507576
  656 19.417053
  657 19.326833
  658 19.236924
  659 19.147330
  660 19.058058
  661 18.969115
  662 18.880506
  663 18.792237
  664 18.704313
  665 18.616741
  666 18.529525
  667 18.442671
  668 18.356184
  669 18.270070
  670 18.184332
  671 18.098976
  672 18.014007
  673 17.929428
  674 17.845246
  675 17.761464
  676 17.678086
  677 17.595115
  678 17.512557
  679 17.430414
  680 17.348688
  681 17.267385
  682 17.186506
  683 17.106057
  684 17.026039
  685 16.946455
  686 16.867309
  687 16.788603
  688 16.710340
  689 16.632514
  690 16.555131
  691 16.478198
  692 16.401719
  693 16.325694
  694 16.250127
  695 16.175020
  696 16.100373
  697 16.026188
  698 15.952468
  699 15.879214
  700 15.806426
  701 15.734108
  702 15.662260
  703 15.590884
  704 15.519981
  705 15.449551
  706 15.379597
  707 15.310119
  708 15.241116
  709 15.172590
  710 15.104542
  711 15.036971
  712 14.969877
  713 14.903262
  714 14.837126
  715 14.771467
  716 14.706287
  717 14.641585
  718 14.577361
  719 14.513615
  720 14.450346
  721 14.387553
  722 14.325237
  723 14.263397
  724 14.202032
  725 14.141142
  726 14.080726
  727 14.020783
  728 13.961312
  729 13.902312
  730 13.843782
  731 13.785721
  732 13.728128
  733 13.671002
  734 13.614341
  735 13.558144
  736 13.502409
  737 13.447136
  738 13.392322
  739 13.337966
  740 13.284066
  741 13.230621
  742 13.177627
  743 13.125084
  744 13.072989
  745 13.021340
  746 12.970136
  747 12.919373
  748 12.869050
  749 12.819165
  750 12.769714
  751 12.720696
  752 12.672108
  753 12.623946
  754 12.576210
  755 12.528895
  756 12.482000
  757 12.435521
  758 12.389456
  759 12.343803
  760 12.298557
  761 12.253716
  762 12.209277
  763 12.165237
  764 12.121593
  765 12.078341
  766 12.035479
  767 11.993004
  768 11.950911
  769 11.909197
  770 11.867860
  771 11.826896
  772 11.786301
  773 11.746072
  774 11.706205
  775 11.666695
  776 11.627541
  777 11.588738
  778 11.550283
  779 11.512173
  780 11.474402
  781 11.436969
  782 11.399869
  783 11.363098
  784 11.326654
  785 11.290531
  786 11.254726
  787 11.219235
  788 11.184054
  789 11.149179
  790 11.114607
  791 11.080332
  792 11.046351
  793 11.012661
  794 10.979256
  795 10.946134
  796 10.913290
  797 10.880720
  798 10.848420
  799 10.816385
  800 10.784613
  801 10.753099
  802 10.721838
  803 10.690827
  804 10.660062
  805 10.629533
  806 10.599238
  807 10.569178
  808 10.539347
  809 10.509742
  810 10.480360
  811 10.451197
  812 10.422249
  813 10.393512
  814 10.364983
  815 10.336658
  816 10.308533
  817 10.280604
  818 10.252866
  819 10.225315
  820 10.197947
  821 10.170758
  822 10.143743
  823 10.116900
  824 10.090225
  825 10.063712
  826 10.037357
  827 10.011156
  828 9.985106
  829 9.959204
  830 9.933446
  831 9.907828
  832 9.882348
  833 9.857000
  834 9.831783
  835 9.806695
  836 9.781742
  837 9.756907
  838 9.732188
  839 9.707581
  840 9.683082
  841 9.658689
  842 9.634398
  843 9.610205
  844 9.586106
  845 9.562099
  846 9.538182
  847 9.514351
  848 9.490604
  849 9.466937
  850 9.443350
  851 9.419839
  852 9.396400
  853 9.373031
  854 9.349729
  855 9.326491
  856 9.303314
  857 9.280197
  858 9.257138
  859 9.234133
  860 9.211182
  861 9.188280
  862 9.165427
  863 9.142620
  864 9.119858
  865 9.097136
  866 9.074452
  867 9.051804
  868 9.029191
  869 9.006608
  870 8.984055
  871 8.961528
  872 8.939026
  873 8.916547
  874 8.894089
  875 8.871650
  876 8.849228
  877 8.826822
  878 8.804430
  879 8.782049
  880 8.759680
  881 8.737320
  882 8.714967
  883 8.692621
  884 8.670280
  885 8.647942
  886 8.625606
  887 8.603272
  888 8.580937
  889 8.558601
  890 8.536262
  891 8.513921
  892 8.491578
  893 8.469229
  894 8.446873
  895 8.424510
  896 8.402137
  897 8.379755
  898 8.357362
  899 8.334958
  900 8.312541
  901 8.290142
  902 8.267773
  903 8.245386
  904 8.222979
  905 8.200552
  906 8.178102
  907 8.155631
  908 8.133136
  909 8.110617
  910 8.088075
  911 8.065508
  912 8.042916
  913 8.020298
  914 7.997654
  915 7.974984
  916 7.952289
  917 7.929567
  918 7.906819
  919 7.884045
  920 7.861245
  921 7.838420
  922 7.815568
  923 7.792691
  924 7.769789
  925 7.746862
  926 7.723910
  927 7.700933
  928 7.677932
  929 7.654906
  930 7.631857
  931 7.608783
  932 7.585686
  933 7.562565
  934 7.539421
  935 7.516254
  936 7.493064
  937 7.469851
  938 7.446616
  939 7.423359
  940 7.400080
  941 7.376779
  942 7.353456
  943 7.330113
  944 7.306748
  945 7.283363
  946 7.259957
  947 7.236532
  948 7.213086
  949 7.189621
  950 7.166137
  951 7.142634
  952 7.119113
  953 7.095574
  954 7.072017
  955 7.048443
  956 7.024853
  957 7.001246
  958 6.977624
  959 6.953986
  960 6.930334
  961 6.906667
  962 6.882986
  963 6.859292
  964 6.835586
  965 6.811866
  966 6.788134
  967 6.764391
  968 6.740637
  969 6.716874
  970 6.693101
  971 6.669319
  972 6.645528
  973 6.621730
  974 6.597924
  975 6.574111
  976 6.550293
  977 6.526470
  978 6.502643
  979 6.478813
  980 6.454980
  981 6.431144
  982 6.407307
  983 6.383469
  984 6.359630
  985 6.335792
  986 6.311954
  987 6.288117
  988 6.264283
  989 6.240451
  990 6.216622
  991 6.192797
  992 6.168977
  993 6.145162
  994 6.121353
  995 6.097551
  996 6.073757
  997 6.049970
  998 6.026192
  999 6.002424
 1000 5.978667
 1001 5.954920
 1002 5.931185
 1003 5.907462
 1004 5.883752
 1005 5.860057
 1006 5.836375
 1007 5.812710
 1008 5.789060
 1009 5.765427
 1010 5.741811
 1011 5.718214
 1012 5.694636
 1013 5.671078
 1014 5.647540
 1015 5.624023
 1016 5.600529
 1017 5.577057
 1018 5.553609
 1019 5.530185
 1020 5.506787
 1021 5.483416
 1022 5.460073
 1023 5.436757
 1024 5.413471
 1025 5.390213
 1026 5.366985
 1027 5.343789
 1028 5.320624
 1029 5.297490
 1030 5.274388
 1031 5.251319
 1032 5.228282
 1033 5.205279
 1034 5.182310
 1035 5.159376
 1036 5.136478
 1037 5.113616
 1038 5.090790
 1039 5.068003
 1040 5.045253
 1041 5.022542
 1042 4.999871
 1043 4.977241
 1044 4.954651
 1045 4.932103
 1046 4.909598
 1047 4.887135
 1048 4.864717
 1049 4.842342
 1050 4.820013
 1051 4.797730
 1052 4.775493
 1053 4.753303
 1054 4.731161
 1055 4.709068
 1056 4.687024
 1057 4.665029
 1058 4.643085
 1059 4.621192
 1060 4.599351
 1061 4.577562
 1062 4.555826
 1063 4.534144
 1064 4.512516
 1065 4.490943
 1066 4.469426
 1067 4.447965
 1068 4.426561
 1069 4.405215
 1070 4.383926
 1071 4.362697
 1072 4.341527
 1073 4.320417
 1074 4.299367
 1075 4.278379
 1076 4.257452
 1077 4.236588
 1078 4.215787
 1079 4.195050
 1080 4.174377
 1081 4.153769
 1082 4.133226
 1083 4.112749
 1084 4.092338
 1085 4.071994
 1086 4.051718
 1087 4.031511
 1088 4.011372
 1089 3.991302
 1090 3.971301
 1091 3.951372
 1092 3.931513
 1093 3.911725
 1094 3.892009
 1095 3.872366
 1096 3.852795
 1097 3.833298
 1098 3.813875
 1099 3.794526
 1100 3.775252
 1101 3.756053
 1102 3.736931
 1103 3.717884
 1104 3.698915
 1105 3.680022
 1106 3.661208
 1107 3.642471
 1108 3.623813
 1109 3.605235
 1110 3.586735
 1111 3.568316
 1112 3.549977
 1113 3.531719
 1114 3.513542
 1115 3.495447
 1116 3.477434
 1117 3.459503
 1118 3.441656
 1119 3.423892
 1120 3.406211
 1121 3.388615
 1122 3.371103
 1123 3.353675
 1124 3.336333
 1125 3.319077
 1126 3.301906
 1127 3.284822
 1128 3.267825
 1129 3.250914
 1130 3.234091
 1131 3.217355
 1132 3.200707
 1133 3.184148
 1134 3.167677
 1135 3.151295
 1136 3.135002
 1137 3.118798
 1138 3.102685
 1139 3.086661
 1140 3.070728
 1141 3.054886
 1142 3.039134
 1143 3.023473
 1144 3.007904
 1145 2.992427
 1146 2.977041
 1147 2.961747
 1148 2.946546
 1149 2.931437
 1150 2.916422
 1151 2.901499
 1152 2.886669
 1153 2.871933
 1154 2.857290
 1155 2.842741
 1156 2.828286
 1157 2.813925
 1158 2.799658
 1159 2.785486
 1160 2.771409
 1161 2.757426
 1162 2.743538
 1163 2.729745
 1164 2.716047
 1165 2.702444
 1166 2.688937
 1167 2.675525
 1168 2.662208
 1169 2.648987
 1170 2.635862
 1171 2.622833
 1172 2.609899
 1173 2.597061
 1174 2.584319
 1175 2.571674
 1176 2.559124
 1177 2.546670
 1178 2.534312
 1179 2.522050
 1180 2.509884
 1181 2.497814
 1182 2.485840
 1183 2.473961
 1184 2.462179
 1185 2.450493
 1186 2.438902
 1187 2.427407
 1188 2.416008
 1189 2.404704
 1190 2.393496
 1191 2.382383
 1192 2.371366
 1193 2.360444
 1194 2.349617
 1195 2.338885
 1196 2.328247
 1197 2.317705
 1198 2.307257
 1199 2.296904
 1200 2.286645
 1201 2.276480
 1202 2.266408
 1203 2.256431
 1204 2.246546
 1205 2.236755
 1206 2.227057
 1207 2.217452
 1208 2.207939
 1209 2.198518
 1210 2.189189
 1211 2.179952
 1212 2.170807
 1213 2.161752
 1214 2.152788
 1215 2.143915
 1216 2.135132
 1217 2.126439
 1218 2.117836
 1219 2.109321
 1220 2.100896
 1221 2.092559
 1222 2.084311
 1223 2.076150
 1224 2.068077
 1225 2.060090
 1226 2.052190
 1227 2.044377
 1228 2.036649
 1229 2.029007
 1230 2.021450
 1231 2.013977
 1232 2.006589
 1233 1.999284
 1234 1.992062
 1235 1.984923
 1236 1.977866
 1237 1.970891
 1238 1.963997
 1239 1.957184
 1240 1.950451
 1241 1.943798
 1242 1.937224
 1243 1.930729
 1244 1.924312
 1245 1.917973
 1246 1.911711
 1247 1.905525
 1248 1.899414
 1249 1.893379
 1250 1.887418
 1251 1.881532
 1252 1.875720
 1253 1.869980
 1254 1.864314
 1255 1.858720
 1256 1.853197
 1257 1.847745
 1258 1.842363
 1259 1.837051
 1260 1.831808
 1261 1.826633
 1262 1.821526
 1263 1.816486
 1264 1.811512
 1265 1.806604
 1266 1.801762
 1267 1.796984
 1268 1.792269
 1269 1.787618
 1270 1.783029
 1271 1.778502
 1272 1.774036
 1273 1.769631
 1274 1.765285
 1275 1.760998
 1276 1.756770
 1277 1.752599
 1278 1.748486
 1279 1.744429
 1280 1.740427
 1281 1.736481
 1282 1.732588
 1283 1.728750
 1284 1.724964
 1285 1.721230
 1286 1.717548
 1287 1.713917
 1288 1.710336
 1289 1.706805
 1290 1.703322
 1291 1.699888
 1292 1.696501
 1293 1.693160
 1294 1.689866
 1295 1.686617
 1296 1.683413
 1297 1.680253
 1298 1.677136
 1299 1.674062
 1300 1.671030
 1301 1.668039
 1302 1.665089
 1303 1.662179
 1304 1.659308
 1305 1.656475
 1306 1.653681
 1307 1.650924
 1308 1.648204
 1309 1.645520
 1310 1.642871
 1311 1.640257
 1312 1.637677
 1313 1.635131
 1314 1.632617
 1315 1.630135
 1316 1.627685
 1317 1.625266
 1318 1.622877
 1319 1.620518
 1320 1.618188
 1321 1.615886
 1322 1.613612
 1323 1.611366
 1324 1.609146
 1325 1.606951
 1326 1.604783
 1327 1.602639
 1328 1.600519
 1329 1.598423
 1330 1.596350
 1331 1.594300
 1332 1.592272
 1333 1.590265
 1334 1.588278
 1335 1.586312
 1336 1.584366
 1337 1.582439
 1338 1.580531
 1339 1.578640
 1340 1.576768
 1341 1.574912
 1342 1.573073
 1343 1.571250
 1344 1.569442
 1345 1.567650
 1346 1.565872
 1347 1.564108
 1348 1.562357
 1349 1.560620
 1350 1.558895
 1351 1.557182
 1352 1.555481
 1353 1.553791
 1354 1.552112
 1355 1.550443
 1356 1.548783
 1357 1.547134
 1358 1.545493
 1359 1.543860
 1360 1.542236
 1361 1.540620
 1362 1.539010
 1363 1.537408
 1364 1.535812
 1365 1.534222
 1366 1.532638
 1367 1.531058
 1368 1.529484
 1369 1.527915
 1370 1.526349
 1371 1.524787
 1372 1.523229
 1373 1.521673
 1374 1.520121
 1375 1.518570
 1376 1.517022
 1377 1.515475
 1378 1.513930
 1379 1.512386
 1380 1.510842
 1381 1.509299
 1382 1.507756
 1383 1.506212
 1384 1.504668
 1385 1.503123
 1386 1.501577
 1387 1.500030
 1388 1.498480
 1389 1.496929
 1390 1.495376
 1391 1.493820
 1392 1.492261
 1393 1.490699
 1394 1.489134
 1395 1.487565
 1396 1.485993
 1397 1.484416
 1398 1.482835
 1399 1.481250
 1400 1.479659
 1401 1.478064
 1402 1.476464
 1403 1.474858
 1404 1.473247
 1405 1.471630
 1406 1.470007
 1407 1.468377
 1408 1.466741
 1409 1.465099
 1410 1.463450
 1411 1.461793
 1412 1.460130
 1413 1.458459
 1414 1.456781
 1415 1.455095
 1416 1.453402
 1417 1.451700
 1418 1.449991
 1419 1.448272
 1420 1.446546
 1421 1.444811
 1422 1.443067
 1423 1.441315
 1424 1.439553
 1425 1.437783
 1426 1.436003
 1427 1.434214
 1428 1.432415
 1429 1.430607
 1430 1.428789
 1431 1.426961
 1432 1.425124
 1433 1.423276
 1434 1.421419
 1435 1.419551
 1436 1.417673
 1437 1.415784
 1438 1.413886
 1439 1.411976
 1440 1.410056
 1441 1.408125
 1442 1.406183
 1443 1.404231
 1444 1.402268
 1445 1.400293
 1446 1.398308
 1447 1.396311
 1448 1.394303
 1449 1.392284
 1450 1.390254
 1451 1.388213
 1452 1.386160
 1453 1.384096
 1454 1.382020
 1455 1.379933
 1456 1.377835
 1457 1.375725
 1458 1.373603
 1459 1.371470
 1460 1.369325
 1461 1.367169
 1462 1.365002
 1463 1.362822
 1464 1.360631
 1465 1.358428
 1466 1.356214
 1467 1.353988
 1468 1.351750
 1469 1.349501
 1470 1.347240
 1471 1.344967
 1472 1.342683
 1473 1.340387
 1474 1.338079
 1475 1.335760
 1476 1.333429
 1477 1.331086
 1478 1.328732
 1479 1.326367
 1480 1.323989
 1481 1.321601
 1482 1.319200
 1483 1.316789
 1484 1.314366
 1485 1.311931
 1486 1.309485
 1487 1.307028
 1488 1.304559
 1489 1.302079
 1490 1.299588
 1491 1.297085
 1492 1.294572
 1493 1.292047
 1494 1.289511
 1495 1.286964
 1496 1.284407
 1497 1.281838
 1498 1.279258
 1499 1.276668
 1500 1.274066
 1501 1.271454
 1502 1.268832
 1503 1.266199
 1504 1.263555
 1505 1.260900
 1506 1.258236
 1507 1.255561
 1508 1.252875
 1509 1.250180
 1510 1.247474
 1511 1.244758
 1512 1.242032
 1513 1.239296
 1514 1.236550
 1515 1.233795
 1516 1.231029
 1517 1.228254
 1518 1.225469
 1519 1.222675
 1520 1.219872
 1521 1.217059
 1522 1.214237
 1523 1.211405
 1524 1.208564
 1525 1.205715
 1526 1.202856
 1527 1.199989
 1528 1.197113
 1529 1.194228
 1530 1.191334
 1531 1.188432
 1532 1.185522
 1533 1.182603
 1534 1.179676
 1535 1.176740
 1536 1.173797
 1537 1.170846
 1538 1.167887
 1539 1.164920
 1540 1.161945
 1541 1.158963
 1542 1.155973
 1543 1.152976
 1544 1.149971
 1545 1.146959
 1546 1.143940
 1547 1.140914
 1548 1.137881
 1549 1.134842
 1550 1.131795
 1551 1.128742
 1552 1.125683
 1553 1.122617
 1554 1.119544
 1555 1.116466
 1556 1.113381
 1557 1.110290
 1558 1.107194
 1559 1.104091
 1560 1.100983
 1561 1.097869
 1562 1.094750
 1563 1.091625
 1564 1.088495
 1565 1.085360
 1566 1.082220
 1567 1.079075
 1568 1.075925
 1569 1.072770
 1570 1.069610
 1571 1.066446
 1572 1.063278
 1573 1.060105
 1574 1.056927
 1575 1.053746
 1576 1.050561
 1577 1.047372
 1578 1.044179
 1579 1.040982
 1580 1.037782
 1581 1.034578
 1582 1.031371
 1583 1.028160
 1584 1.024947
 1585 1.021730
 1586 1.018510
 1587 1.015288
 1588 1.012063
 1589 1.008835
 1590 1.005605
 1591 1.002372
 1592 0.999138
 1593 0.995900
 1594 0.992661
 1595 0.989420
 1596 0.986177
 1597 0.982933
 1598 0.979686
 1599 0.976439
 1600 0.973189
 1601 0.969939
 1602 0.966687
 1603 0.963434
 1604 0.960180
 1605 0.956926
 1606 0.953670
 1607 0.950414
 1608 0.947158
 1609 0.943900
 1610 0.940643
 1611 0.937385
 1612 0.934127
 1613 0.930869
 1614 0.927612
 1615 0.924354
 1616 0.921097
 1617 0.917840
 1618 0.914583
 1619 0.911327
 1620 0.908072
 1621 0.904818
 1622 0.901564
 1623 0.898312
 1624 0.895061
 1625 0.891811
 1626 0.888562
 1627 0.885314
 1628 0.882069
 1629 0.878824
 1630 0.875582
 1631 0.872341
 1632 0.869103
 1633 0.865866
 1634 0.862631
 1635 0.859399
 1636 0.856169
 1637 0.852941
 1638 0.849716
 1639 0.846494
 1640 0.843274
 1641 0.840057
 1642 0.836843
 1643 0.833632
 1644 0.830424
 1645 0.827219
 1646 0.824018
 1647 0.820820
 1648 0.817625
 1649 0.814434
 1650 0.811247
 1651 0.808063
 1652 0.804884
 1653 0.801708
 1654 0.798536
 1655 0.795369
 1656 0.792205
 1657 0.789046
 1658 0.785892
 1659 0.782742
 1660 0.779596
 1661 0.776455
 1662 0.773319
 1663 0.770188
 1664 0.767062
 1665 0.763940
 1666 0.760824
 1667 0.757713
 1668 0.754608
 1669 0.751507
 1670 0.748413
 1671 0.745323
 1672 0.742240
 1673 0.739162
 1674 0.736090
 1675 0.733023
 1676 0.729963
 1677 0.726909
 1678 0.723861
 1679 0.720819
 1680 0.717783
 1681 0.714754
 1682 0.711731
 1683 0.708715
 1684 0.705705
 1685 0.702702
 1686 0.699706
 1687 0.696716
 1688 0.693734
 1689 0.690758
 1690 0.687790
 1691 0.684829
 1692 0.681874
 1693 0.678928
 1694 0.675988
 1695 0.673056
 1696 0.670132
 1697 0.667215
 1698 0.664306
 1699 0.661404
 1700 0.658510
 1701 0.655625
 1702 0.652747
 1703 0.649877
 1704 0.647015
 1705 0.644161
 1706 0.641316
 1707 0.638479
 1708 0.635650
 1709 0.632829
 1710 0.630017
 1711 0.627214
 1712 0.624419
 1713 0.621633
 1714 0.618856
 1715 0.616087
 1716 0.613328
 1717 0.610577
 1718 0.607835
 1719 0.605102
 1720 0.602379
 1721 0.599664
 1722 0.596959
 1723 0.594263
 1724 0.591577
 1725 0.588899
 1726 0.586232
 1727 0.583574
 1728 0.580925
 1729 0.578286
 1730 0.575657
 1731 0.573037
 1732 0.570428
 1733 0.567828
 1734 0.565238
 1735 0.562658
 1736 0.560088
 1737 0.557528
 1738 0.554979
 1739 0.552439
 1740 0.549910
 1741 0.547391
 1742 0.544882
 1743 0.542383
 1744 0.539895
 1745 0.537418
 1746 0.534951
 1747 0.532495
 1748 0.530049
 1749 0.527614
 1750 0.525189
 1751 0.522775
 1752 0.520372
 1753 0.517980
 1754 0.515599
 1755 0.513229
 1756 0.510869
 1757 0.508521
 1758 0.506184
 1759 0.503857
 1760 0.501542
 1761 0.499238
 1762 0.496945
 1763 0.494664
 1764 0.492394
 1765 0.490135
 1766 0.487887
 1767 0.485651
 1768 0.483426
 1769 0.481212
 1770 0.479010
 1771 0.476820
 1772 0.474641
 1773 0.472473
 1774 0.470318
 1775 0.468173
 1776 0.466041
 1777 0.463920
 1778 0.461811
 1779 0.459714
 1780 0.457628
 1781 0.455554
 1782 0.453492
 1783 0.451442
 1784 0.449404
 1785 0.447377
 1786 0.445363
 1787 0.443360
 1788 0.441370
 1789 0.439391
 1790 0.437424
 1791 0.435470
 1792 0.433527
 1793 0.431596
 1794 0.429678
 1795 0.427771
 1796 0.425877
 1797 0.423995
 1798 0.422125
 1799 0.420267
 1800 0.418421
 1801 0.416587
 1802 0.414765
 1803 0.412956
 1804 0.411159
 1805 0.409374
 1806 0.407601
 1807 0.405840
 1808 0.404092
 1809 0.402356
 1810 0.400632
 1811 0.398920
 1812 0.397220
 1813 0.395533
 1814 0.393857
 1815 0.392194
 1816 0.390544
 1817 0.388905
 1818 0.387279
 1819 0.385665
 1820 0.384062
 1821 0.382473
 1822 0.380895
 1823 0.379329
 1824 0.377776
 1825 0.376235
 1826 0.374706
 1827 0.373189
 1828 0.371684
 1829 0.370191
 1830 0.368710
 1831 0.367242
 1832 0.365785
 1833 0.364340
 1834 0.362908
 1835 0.361487
 1836 0.360079
 1837 0.358682
 1838 0.357297
 1839 0.355924
 1840 0.354563
 1841 0.353214
 1842 0.351876
 1843 0.350550
 1844 0.349236
 1845 0.347934
 1846 0.346643
 1847 0.345364
 1848 0.344097
 1849 0.342841
 1850 0.341597
 1851 0.340364
 1852 0.339143
 1853 0.337933
 1854 0.336735
 1855 0.335548
 1856 0.334372
 1857 0.333207
 1858 0.332054
 1859 0.330912
 1860 0.329781
 1861 0.328661
 1862 0.327552
 1863 0.326454
 1864 0.325367
 1865 0.324290
 1866 0.323225
 1867 0.322170
 1868 0.321127
 1869 0.320093
 1870 0.319071
 1871 0.318059
 1872 0.317057
 1873 0.316066
 1874 0.315085
 1875 0.314114
 1876 0.313154
 1877 0.312204
 1878 0.311264
 1879 0.310334
 1880 0.309414
 1881 0.308504
 1882 0.307604
 1883 0.306714
 1884 0.305833
 1885 0.304962
 1886 0.304100
 1887 0.303249
 1888 0.302406
 1889 0.301573
 1890 0.300749
 1891 0.299935
 1892 0.299129
 1893 0.298333
 1894 0.297546
 1895 0.296767
 1896 0.295998
 1897 0.295237
 1898 0.294485
 1899 0.293741
 1900 0.293006
 1901 0.292280
 1902 0.291562
 1903 0.290852
 1904 0.290150
 1905 0.289457
 1906 0.288772
 1907 0.288094
 1908 0.287425
 1909 0.286763
 1910 0.286109
 1911 0.285463
 1912 0.284824
 1913 0.284193
 1914 0.283569
 1915 0.282952
 1916 0.282343
 1917 0.281741
 1918 0.281146
 1919 0.280557
 1920 0.279976
 1921 0.279402
 1922 0.278834
 1923 0.278273
 1924 0.277718
 1925 0.277170
 1926 0.276628
 1927 0.276093
 1928 0.275564
 1929 0.275041
 1930 0.274523
 1931 0.274012
 1932 0.273507
 1933 0.273008
 1934 0.272514
 1935 0.272026
 1936 0.271543
 1937 0.271066
 1938 0.270594
 1939 0.270127
 1940 0.269666
 1941 0.269210
 1942 0.268758
 1943 0.268312
 1944 0.267870
 1945 0.267434
 1946 0.267002
 1947 0.266574
 1948 0.266151
 1949 0.265733
 1950 0.265319
 1951 0.264909
 1952 0.264503
 1953 0.264102
 1954 0.263705
 1955 0.263311
 1956 0.262921
 1957 0.262536
 1958 0.262154
 1959 0.261775
 1960 0.261400
 1961 0.261029
 1962 0.260661
 1963 0.260296
 1964 0.259935
 1965 0.259577
 1966 0.259222
 1967 0.258870
 1968 0.258521
 1969 0.258175
 1970 0.257832
 1971 0.257491
 1972 0.257153
 1973 0.256818
 1974 0.256486
 1975 0.256156
 1976 0.255828
 1977 0.255502
 1978 0.255179
 1979 0.254858
 1980 0.254540
 1981 0.254223
 1982 0.253908
 1983 0.253596
 1984 0.253285
 1985 0.252976
 1986 0.252669
 1987 0.252363
 1988 0.252059
 1989 0.251757
 1990 0.251456
 1991 0.251157
 1992 0.250859
 1993 0.250563
 1994 0.250267
 1995 0.249973
 1996 0.249680
 1997 0.249389
 1998 0.249098
 1999 0.248809
 2000 0.248520
 2001 0.248232
 2002 0.247945
 2003 0.247659
 2004 0.247374
 2005 0.247089
 2006 0.246805
 2007 0.246522
 2008 0.246239
 2009 0.245957
 2010 0.245675
 2011 0.245394
 2012 0.245113
 2013 0.244833
 2014 0.244552
 2015 0.244272
 2016 0.243992
 2017 0.243713
 2018 0.243433
 2019 0.243154
 2020 0.242874
 2021 0.242595
 2022 0.242315
 2023 0.242036
 2024 0.241756
 2025 0.241477
 2026 0.241197
 2027 0.240917
 2028 0.240636
 2029 0.240355
 2030 0.240074
 2031 0.239793
 2032 0.239511
 2033 0.239229
 2034 0.238947
 2035 0.238664
 2036 0.238380
 2037 0.238096
 2038 0.237811
 2039 0.237526
 2040 0.237240
 2041 0.236954
 2042 0.236666
 2043 0.236378
 2044 0.236090
 2045 0.235800
 2046 0.235510
 2047 0.235219
 2048 0.234927
 2049 0.234635
 2050 0.234341
 2051 0.234047
 2052 0.233751
 2053 0.233455
 2054 0.233158
 2055 0.232860
 2056 0.232560
 2057 0.232260
 2058 0.231959
 2059 0.231657
 2060 0.231353
 2061 0.231049
 2062 0.230743
 2063 0.230437
 2064 0.230129
 2065 0.229820
 2066 0.229510
 2067 0.229198
 2068 0.228886
 2069 0.228572
 2070 0.228257
 2071 0.227941
 2072 0.227623
 2073 0.227305
 2074 0.226985
 2075 0.226663
 2076 0.226341
 2077 0.226017
 2078 0.225692
 2079 0.225365
 2080 0.225038
 2081 0.224708
 2082 0.224378
 2083 0.224046
 2084 0.223713
 2085 0.223378
 2086 0.223042
 2087 0.222705
 2088 0.222366
 2089 0.222026
 2090 0.221684
 2091 0.221341
 2092 0.220997
 2093 0.220651
 2094 0.220304
 2095 0.219955
 2096 0.219605
 2097 0.219254
 2098 0.218901
 2099 0.218546
 2100 0.218191
 2101 0.217833
 2102 0.217475
 2103 0.217114
 2104 0.216753
 2105 0.216390
 2106 0.216025
 2107 0.215659
 2108 0.215292
 2109 0.214923
 2110 0.214552
 2111 0.214181
 2112 0.213807
 2113 0.213433
 2114 0.213057
 2115 0.212679
 2116 0.212300
 2117 0.211919
 2118 0.211538
 2119 0.211154
 2120 0.210769
 2121 0.210383
 2122 0.209995
 2123 0.209606
 2124 0.209216
 2125 0.208824
 2126 0.208431
 2127 0.208036
 2128 0.207640
 2129 0.207242
 2130 0.206843
 2131 0.206443
 2132 0.206041
 2133 0.205638
 2134 0.205233
 2135 0.204828
 2136 0.204420
 2137 0.204012
 2138 0.203602
 2139 0.203190
 2140 0.202778
 2141 0.202364
 2142 0.201949
 2143 0.201532
 2144 0.201114
 2145 0.200695
 2146 0.200274
 2147 0.199852
 2148 0.199429
 2149 0.199005
 2150 0.198579
 2151 0.198152
 2152 0.197724
 2153 0.197295
 2154 0.196864
 2155 0.196432
 2156 0.195999
 2157 0.195565
 2158 0.195130
 2159 0.194693
 2160 0.194255
 2161 0.193816
 2162 0.193376
 2163 0.192935
 2164 0.192492
 2165 0.192048
 2166 0.191604
 2167 0.191158
 2168 0.190711
 2169 0.190263
 2170 0.189814
 2171 0.189364
 2172 0.188912
 2173 0.188460
 2174 0.188007
 2175 0.187552
 2176 0.187097
 2177 0.186641
 2178 0.186183
 2179 0.185725
 2180 0.185266
 2181 0.184805
 2182 0.184344
 2183 0.183882
 2184 0.183419
 2185 0.182955
 2186 0.182490
 2187 0.182024
 2188 0.181557
 2189 0.181090
 2190 0.180621
 2191 0.180152
 2192 0.179682
 2193 0.179211
 2194 0.178739
 2195 0.178266
 2196 0.177793
 2197 0.177319
 2198 0.176844
 2199 0.176368
 2200 0.175892
 2201 0.175415
 2202 0.174937
 2203 0.174459
 2204 0.173979
 2205 0.173499
 2206 0.173019
 2207 0.172538
 2208 0.172056
 2209 0.171573
 2210 0.171090
 2211 0.170607
 2212 0.170122
 2213 0.169637
 2214 0.169152
 2215 0.168666
 2216 0.168179
 2217 0.167692
 2218 0.167205
 2219 0.166717
 2220 0.166228
 2221 0.165739
 2222 0.165250
 2223 0.164760
 2224 0.164269
 2225 0.163778
 2226 0.163287
 2227 0.162796
 2228 0.162304
 2229 0.161811
 2230 0.161318
 2231 0.160825
 2232 0.160332
 2233 0.159838
 2234 0.159344
 2235 0.158850
 2236 0.158355
 2237 0.157860
 2238 0.157365
 2239 0.156870
 2240 0.156374
 2241 0.155878
 2242 0.155382
 2243 0.154886
 2244 0.154389
 2245 0.153893
 2246 0.153396
 2247 0.152899
 2248 0.152402
 2249 0.151905
 2250 0.151408
 2251 0.150911
 2252 0.150413
 2253 0.149916
 2254 0.149418
 2255 0.148921
 2256 0.148423
 2257 0.147925
 2258 0.147428
 2259 0.146930
 2260 0.146433
 2261 0.145935
 2262 0.145438
 2263 0.144940
 2264 0.144443
 2265 0.143946
 2266 0.143449
 2267 0.142951
 2268 0.142455
 2269 0.141958
 2270 0.141461
 2271 0.140965
 2272 0.140468
 2273 0.139972
 2274 0.139477
 2275 0.138981
 2276 0.138485
 2277 0.137990
 2278 0.137495
 2279 0.137001
 2280 0.136506
 2281 0.136012
 2282 0.135518
 2283 0.135025
 2284 0.134531
 2285 0.134039
 2286 0.133546
 2287 0.133054
 2288 0.132562
 2289 0.132071
 2290 0.131580
 2291 0.131089
 2292 0.130599
 2293 0.130109
 2294 0.129620
 2295 0.129131
 2296 0.128643
 2297 0.128155
 2298 0.127667
 2299 0.127181
 2300 0.126694
 2301 0.126208
 2302 0.125723
 2303 0.125238
 2304 0.124754
 2305 0.124270
 2306 0.123787
 2307 0.123305
 2308 0.122823
 2309 0.122342
 2310 0.121861
 2311 0.121381
 2312 0.120902
 2313 0.120423
 2314 0.119945
 2315 0.119468
 2316 0.118992
 2317 0.118516
 2318 0.118040
 2319 0.117566
 2320 0.117092
 2321 0.116619
 2322 0.116147
 2323 0.115676
 2324 0.115205
 2325 0.114735
 2326 0.114266
 2327 0.113798
 2328 0.113331
 2329 0.112864
 2330 0.112399
 2331 0.111934
 2332 0.111470
 2333 0.111007
 2334 0.110544
 2335 0.110083
 2336 0.109623
 2337 0.109163
 2338 0.108705
 2339 0.108247
 2340 0.107791
 2341 0.107335
 2342 0.106880
 2343 0.106426
 2344 0.105974
 2345 0.105522
 2346 0.105071
 2347 0.104621
 2348 0.104173
 2349 0.103725
 2350 0.103279
 2351 0.102833
 2352 0.102389
 2353 0.101945
 2354 0.101503
 2355 0.101062
 2356 0.100622
 2357 0.100183
 2358 0.099745
 2359 0.099308
 2360 0.098872
 2361 0.098438
 2362 0.098005
 2363 0.097573
 2364 0.097142
 2365 0.096712
 2366 0.096284
 2367 0.095856
 2368 0.095430
 2369 0.095005
 2370 0.094582
 2371 0.094159
 2372 0.093738
 2373 0.093318
 2374 0.092900
 2375 0.092483
 2376 0.092067
 2377 0.091652
 2378 0.091238
 2379 0.090826
 2380 0.090415
 2381 0.090006
 2382 0.089598
 2383 0.089191
 2384 0.088786
 2385 0.088382
 2386 0.087979
 2387 0.087578
 2388 0.087178
 2389 0.086779
 2390 0.086382
 2391 0.085986
 2392 0.085592
 2393 0.085199
 2394 0.084808
 2395 0.084418
 2396 0.084029
 2397 0.083642
 2398 0.083256
 2399 0.082872
 2400 0.082489
 2401 0.082108
 2402 0.081728
 2403 0.081350
 2404 0.080973
 2405 0.080598
 2406 0.080224
 2407 0.079852
 2408 0.079481
 2409 0.079112
 2410 0.078745
 2411 0.078379
 2412 0.078014
 2413 0.077651
 2414 0.077290
 2415 0.076930
 2416 0.076572
 2417 0.076216
 2418 0.075861
 2419 0.075507
 2420 0.075155
 2421 0.074805
 2422 0.074457
 2423 0.074110
 2424 0.073764
 2425 0.073421
 2426 0.073079
 2427 0.072738
 2428 0.072400
 2429 0.072063
 2430 0.071727
 2431 0.071394
 2432 0.071062
 2433 0.070731
 2434 0.070402
 2435 0.070075
 2436 0.069750
 2437 0.069427
 2438 0.069105
 2439 0.068784
 2440 0.068466
 2441 0.068149
 2442 0.067834
 2443 0.067521
 2444 0.067209
 2445 0.066899
 2446 0.066591
 2447 0.066285
 2448 0.065980
 2449 0.065677
 2450 0.065376
 2451 0.065077
 2452 0.064779
 2453 0.064483
 2454 0.064189
 2455 0.063897
 2456 0.063606
 2457 0.063317
 2458 0.063030
 2459 0.062745
 2460 0.062461
 2461 0.062180
 2462 0.061900
 2463 0.061622
 2464 0.061345
 2465 0.061071
 2466 0.060798
 2467 0.060527
 2468 0.060258
 2469 0.059990
 2470 0.059725
 2471 0.059461
 2472 0.059199
 2473 0.058939
 2474 0.058681
 2475 0.058424
 2476 0.058169
 2477 0.057916
 2478 0.057665
 2479 0.057416
 2480 0.057168
 2481 0.056922
 2482 0.056678
 2483 0.056436
 2484 0.056196
 2485 0.055957
 2486 0.055721
 2487 0.055486
 2488 0.055253
 2489 0.055021
 2490 0.054792
 2491 0.054564
 2492 0.054338
 2493 0.054114
 2494 0.053891
 2495 0.053671
 2496 0.053452
 2497 0.053235
 2498 0.053020
 2499 0.052806
 2500 0.052595
 2501 0.052385
 2502 0.052176
 2503 0.051970
 2504 0.051765
 2505 0.051563
 2506 0.051361
 2507 0.051162
 2508 0.050965
 2509 0.050769
 2510 0.050575
 2511 0.050382
 2512 0.050191
 2513 0.050003
 2514 0.049815
 2515 0.049630
 2516 0.049446
 2517 0.049264
 2518 0.049083
 2519 0.048905
 2520 0.048728
 2521 0.048552
 2522 0.048379
 2523 0.048207
 2524 0.048036
 2525 0.047868
 2526 0.047701
 2527 0.047535
 2528 0.047372
 2529 0.047209
 2530 0.047049
 2531 0.046890
 2532 0.046733
 2533 0.046577
 2534 0.046423
 2535 0.046270
 2536 0.046119
 2537 0.045970
 2538 0.045822
 2539 0.045676
 2540 0.045531
 2541 0.045388
 2542 0.045246
 2543 0.045106
 2544 0.044967
 2545 0.044830
 2546 0.044694
 2547 0.044560
 2548 0.044427
 2549 0.044296
 2550 0.044166
 2551 0.044037
 2552 0.043910
 2553 0.043785
 2554 0.043660
 2555 0.043537
 2556 0.043416
 2557 0.043296
 2558 0.043177
 2559 0.043060
 2560 0.042943
 2561 0.042829
 2562 0.042715
 2563 0.042603
 2564 0.042492
 2565 0.042383
 2566 0.042274
 2567 0.042167
 2568 0.042061
 2569 0.041957
 2570 0.041853
 2571 0.041751
 2572 0.041650
 2573 0.041550
 2574 0.041452
 2575 0.041354
 2576 0.041258
 2577 0.041162
 2578 0.041068
 2579 0.040975
 2580 0.040883
 2581 0.040793
 2582 0.040703
 2583 0.040614
 2584 0.040526
 2585 0.040440
 2586 0.040354
 2587 0.040270
 2588 0.040186
 2589 0.040103
 2590 0.040022
 2591 0.039941
 2592 0.039861
 2593 0.039782
 2594 0.039704
 2595 0.039627
 2596 0.039551
 2597 0.039476
 2598 0.039402
 2599 0.039328
 2600 0.039255
 2601 0.039183
 2602 0.039112
 2603 0.039042
 2604 0.038973
 2605 0.038904
 2606 0.038836
 2607 0.038769
 2608 0.038702
 2609 0.038637
 2610 0.038572
 2611 0.038507
 2612 0.038444
 2613 0.038381
 2614 0.038319
 2615 0.038257
 2616 0.038196
 2617 0.038136
 2618 0.038076
 2619 0.038017
 2620 0.037958
 2621 0.037900
 2622 0.037843
 2623 0.037786
 2624 0.037730
 2625 0.037674
 2626 0.037619
 2627 0.037564
 2628 0.037510
 2629 0.037456
 2630 0.037403
 2631 0.037350
 2632 0.037298
 2633 0.037246
 2634 0.037195
 2635 0.037144
 2636 0.037093
 2637 0.037043
 2638 0.036993
 2639 0.036944
 2640 0.036895
 2641 0.036846
 2642 0.036798
 2643 0.036750
 2644 0.036702
 2645 0.036655
 2646 0.036608
 2647 0.036562
 2648 0.036515
 2649 0.036469
 2650 0.036423
 2651 0.036378
 2652 0.036332
 2653 0.036287
 2654 0.036243
 2655 0.036198
 2656 0.036154
 2657 0.036109
 2658 0.036065
 2659 0.036022
 2660 0.035978
 2661 0.035935
 2662 0.035892
 2663 0.035849
 2664 0.035806
 2665 0.035763
 2666 0.035720
 2667 0.035678
 2668 0.035636
 2669 0.035593
 2670 0.035551
 2671 0.035509
 2672 0.035467
 2673 0.035426
 2674 0.035384
 2675 0.035342
 2676 0.035301
 2677 0.035259
 2678 0.035218
 2679 0.035176
 2680 0.035135
 2681 0.035093
 2682 0.035052
 2683 0.035011
 2684 0.034970
 2685 0.034928
 2686 0.034887
 2687 0.034846
 2688 0.034804
 2689 0.034763
 2690 0.034722
 2691 0.034681
 2692 0.034639
 2693 0.034598
 2694 0.034557
 2695 0.034515
 2696 0.034474
 2697 0.034432
 2698 0.034390
 2699 0.034349
 2700 0.034307
 2701 0.034265
 2702 0.034223
 2703 0.034182
 2704 0.034140
 2705 0.034097
 2706 0.034055
 2707 0.034013
 2708 0.033971
 2709 0.033928
 2710 0.033885
 2711 0.033843
 2712 0.033800
 2713 0.033757
 2714 0.033714
 2715 0.033671
 2716 0.033628
 2717 0.033584
 2718 0.033541
 2719 0.033497
 2720 0.033453
 2721 0.033409
 2722 0.033365
 2723 0.033321
 2724 0.033276
 2725 0.033232
 2726 0.033187
 2727 0.033142
 2728 0.033097
 2729 0.033052
 2730 0.033007
 2731 0.032961
 2732 0.032915
 2733 0.032869
 2734 0.032823
 2735 0.032777
 2736 0.032731
 2737 0.032684
 2738 0.032638
 2739 0.032591
 2740 0.032544
 2741 0.032496
 2742 0.032449
 2743 0.032401
 2744 0.032353
 2745 0.032305
 2746 0.032257
 2747 0.032209
 2748 0.032160
 2749 0.032111
 2750 0.032062
 2751 0.032013
 2752 0.031964
 2753 0.031914
 2754 0.031864
 2755 0.031814
 2756 0.031764
 2757 0.031714
 2758 0.031663
 2759 0.031612
 2760 0.031561
 2761 0.031510
 2762 0.031459
 2763 0.031407
 2764 0.031355
 2765 0.031303
 2766 0.031251
 2767 0.031199
 2768 0.031146
 2769 0.031093
 2770 0.031040
 2771 0.030987
 2772 0.030933
 2773 0.030880
 2774 0.030826
 2775 0.030772
 2776 0.030717
 2777 0.030663
 2778 0.030608
 2779 0.030553
 2780 0.030498
 2781 0.030443
 2782 0.030387
 2783 0.030331
 2784 0.030275
 2785 0.030219
 2786 0.030163
 2787 0.030106
 2788 0.030050
 2789 0.029993
 2790 0.029936
 2791 0.029878
 2792 0.029821
 2793 0.029763
 2794 0.029705
 2795 0.029647
 2796 0.029588
 2797 0.029530
 2798 0.029471
 2799 0.029412
 2800 0.029353
 2801 0.029294
 2802 0.029234
 2803 0.029174
 2804 0.029114
 2805 0.029054
 2806 0.028994
 2807 0.028933
 2808 0.028873
 2809 0.028812
 2810 0.028751
 2811 0.028690
 2812 0.028628
 2813 0.028567
 2814 0.028505
 2815 0.028443
 2816 0.028381
 2817 0.028318
 2818 0.028256
 2819 0.028193
 2820 0.028131
 2821 0.028068
 2822 0.028004
 2823 0.027941
 2824 0.027877
 2825 0.027814
 2826 0.027750
 2827 0.027686
 2828 0.027622
 2829 0.027557
 2830 0.027493
 2831 0.027428
 2832 0.027363
 2833 0.027298
 2834 0.027233
 2835 0.027168
 2836 0.027103
 2837 0.027037
 2838 0.026971
 2839 0.026906
 2840 0.026840
 2841 0.026773
 2842 0.026707
 2843 0.026641
 2844 0.026574
 2845 0.026507
 2846 0.026440
 2847 0.026374
 2848 0.026306
 2849 0.026239
 2850 0.026172
 2851 0.026104
 2852 0.026037
 2853 0.025969
 2854 0.025901
 2855 0.025833
 2856 0.025765
 2857 0.025697
 2858 0.025628
 2859 0.025560
 2860 0.025491
 2861 0.025423
 2862 0.025354
 2863 0.025285
 2864 0.025216
 2865 0.025147
 2866 0.025078
 2867 0.025008
 2868 0.024939
 2869 0.024870
 2870 0.024800
 2871 0.024730
 2872 0.024661
 2873 0.024591
 2874 0.024521
 2875 0.024451
 2876 0.024381
 2877 0.024311
 2878 0.024240
 2879 0.024170
 2880 0.024099
 2881 0.024029
 2882 0.023958
 2883 0.023888
 2884 0.023817
 2885 0.023746
 2886 0.023676
 2887 0.023605
 2888 0.023534
 2889 0.023463
 2890 0.023392
 2891 0.023321
 2892 0.023249
 2893 0.023178
 2894 0.023107
 2895 0.023036
 2896 0.022964
 2897 0.022893
 2898 0.022821
 2899 0.022750
 2900 0.022678
 2901 0.022607
 2902 0.022535
 2903 0.022464
 2904 0.022392
 2905 0.022320
 2906 0.022248
 2907 0.022177
 2908 0.022105
 2909 0.022033
 2910 0.021961
 2911 0.021890
 2912 0.021818
 2913 0.021746
 2914 0.021674
 2915 0.021602
 2916 0.021530
 2917 0.021458
 2918 0.021387
 2919 0.021315
 2920 0.021243
 2921 0.021171
 2922 0.021099
 2923 0.021027
 2924 0.020955
 2925 0.020883
 2926 0.020812
 2927 0.020740
 2928 0.020668
 2929 0.020596
 2930 0.020524
 2931 0.020453
 2932 0.020381
 2933 0.020309
 2934 0.020238
 2935 0.020166
 2936 0.020094
 2937 0.020023
 2938 0.019951
 2939 0.019880
 2940 0.019808
 2941 0.019737
 2942 0.019665
 2943 0.019594
 2944 0.019522
 2945 0.019451
 2946 0.019380
 2947 0.019309
 2948 0.019238
 2949 0.019167
 2950 0.019096
 2951 0.019025
 2952 0.018954
 2953 0.018883
 2954 0.018812
 2955 0.018741
 2956 0.018671
 2957 0.018600
 2958 0.018530
 2959 0.018459
 2960 0.018389
 2961 0.018318
 2962 0.018248
 2963 0.018178
 2964 0.018108
 2965 0.018038
 2966 0.017968
 2967 0.017898
 2968 0.017829
 2969 0.017759
 2970 0.017689
 2971 0.017620
 2972 0.017550
 2973 0.017481
 2974 0.017412
 2975 0.017343
 2976 0.017274
 2977 0.017205
 2978 0.017136
 2979 0.017068
 2980 0.016999
 2981 0.016931
 2982 0.016862
 2983 0.016794
 2984 0.016726
 2985 0.016658
 2986 0.016590
 2987 0.016522
 2988 0.016455
 2989 0.016387
 2990 0.016320
 2991 0.016252
 2992 0.016185
 2993 0.016118
 2994 0.016051
 2995 0.015984
 2996 0.015918
 2997 0.015851
 2998 0.015785
 2999 0.015719
 3000 0.015652
 3001 0.015586
 3002 0.015521
 3003 0.015455
 3004 0.015389
 3005 0.015324
 3006 0.015259
 3007 0.015194
 3008 0.015129
 3009 0.015064
 3010 0.014999
 3011 0.014935
 3012 0.014870
 3013 0.014806
 3014 0.014742
 3015 0.014678
 3016 0.014615
 3017 0.014551
 3018 0.014488
 3019 0.014425
 3020 0.014361
 3021 0.014299
 3022 0.014236
 3023 0.014173
 3024 0.014111
 3025 0.014049
 3026 0.013987
 3027 0.013925
 3028 0.013863
 3029 0.013802
 3030 0.013740
 3031 0.013679
 3032 0.013618
 3033 0.013558
 3034 0.013497
 3035 0.013437
 3036 0.013376
 3037 0.013316
 3038 0.013257
 3039 0.013197
 3040 0.013138
 3041 0.013078
 3042 0.013019
 3043 0.012960
 3044 0.012902
 3045 0.012843
 3046 0.012785
 3047 0.012727
 3048 0.012669
 3049 0.012612
 3050 0.012554
 3051 0.012497
 3052 0.012440
 3053 0.012383
 3054 0.012326
 3055 0.012270
 3056 0.012214
 3057 0.012158
 3058 0.012102
 3059 0.012047
 3060 0.011991
 3061 0.011936
 3062 0.011881
 3063 0.011827
 3064 0.011772
 3065 0.011718
 3066 0.011664
 3067 0.011610
 3068 0.011557
 3069 0.011503
 3070 0.011450
 3071 0.011397
 3072 0.011345
 3073 0.011292
 3074 0.011240
 3075 0.011188
 3076 0.011136
 3077 0.011085
 3078 0.011033
 3079 0.010982
 3080 0.010932
 3081 0.010881
 3082 0.010831
 3083 0.010781
 3084 0.010731
 3085 0.010681
 3086 0.010632
 3087 0.010583
 3088 0.010534
 3089 0.010485
 3090 0.010437
 3091 0.010389
 3092 0.010341
 3093 0.010293
 3094 0.010246
 3095 0.010198
 3096 0.010151
 3097 0.010105
 3098 0.010058
 3099 0.010012
 3100 0.009966
 3101 0.009921
 3102 0.009875
 3103 0.009830
 3104 0.009785
 3105 0.009740
 3106 0.009696
 3107 0.009652
 3108 0.009608
 3109 0.009564
 3110 0.009521
 3111 0.009478
 3112 0.009435
 3113 0.009392
 3114 0.009350
 3115 0.009308
 3116 0.009266
 3117 0.009224
 3118 0.009183
 3119 0.009142
 3120 0.009101
 3121 0.009061
 3122 0.009020
 3123 0.008980
 3124 0.008940
 3125 0.008901
 3126 0.008862
 3127 0.008823
 3128 0.008784
 3129 0.008746
 3130 0.008707
 3131 0.008669
 3132 0.008632
 3133 0.008594
 3134 0.008557
 3135 0.008520
 3136 0.008484
 3137 0.008447
 3138 0.008411
 3139 0.008375
 3140 0.008340
 3141 0.008305
 3142 0.008270
 3143 0.008235
 3144 0.008200
 3145 0.008166
 3146 0.008132
 3147 0.008098
 3148 0.008065
 3149 0.008032
 3150 0.007999
 3151 0.007966
 3152 0.007934
 3153 0.007901
 3154 0.007870
 3155 0.007838
 3156 0.007807
 3157 0.007775
 3158 0.007745
 3159 0.007714
 3160 0.007684
 3161 0.007654
 3162 0.007624
 3163 0.007594
 3164 0.007565
 3165 0.007536
 3166 0.007507
 3167 0.007478
 3168 0.007450
 3169 0.007422
 3170 0.007394
 3171 0.007367
 3172 0.007339
 3173 0.007312
 3174 0.007286
 3175 0.007259
 3176 0.007233
 3177 0.007207
 3178 0.007181
 3179 0.007155
 3180 0.007130
 3181 0.007105
 3182 0.007080
 3183 0.007056
 3184 0.007031
 3185 0.007007
 3186 0.006983
 3187 0.006960
 3188 0.006936
 3189 0.006913
 3190 0.006890
 3191 0.006867
 3192 0.006845
 3193 0.006823
 3194 0.006801
 3195 0.006779
 3196 0.006757
 3197 0.006736
 3198 0.006715
 3199 0.006694
 3200 0.006673
 3201 0.006653
 3202 0.006633
 3203 0.006613
 3204 0.006593
 3205 0.006573
 3206 0.006554
 3207 0.006535
 3208 0.006516
 3209 0.006497
 3210 0.006479
 3211 0.006460
 3212 0.006442
 3213 0.006424
 3214 0.006407
 3215 0.006389
 3216 0.006372
 3217 0.006355
 3218 0.006338
 3219 0.006321
 3220 0.006304
 3221 0.006288
 3222 0.006272
 3223 0.006256
 3224 0.006240
 3225 0.006224
 3226 0.006209
 3227 0.006194
 3228 0.006179
 3229 0.006164
 3230 0.006149
 3231 0.006134
 3232 0.006120
 3233 0.006106
 3234 0.006092
 3235 0.006078
 3236 0.006064
 3237 0.006051
 3238 0.006037
 3239 0.006024
 3240 0.006011
 3241 0.005998
 3242 0.005985
 3243 0.005972
 3244 0.005960
 3245 0.005948
 3246 0.005935
 3247 0.005923
 3248 0.005911
 3249 0.005900
 3250 0.005888
 3251 0.005876
 3252 0.005865
 3253 0.005854
 3254 0.005843
 3255 0.005832
 3256 0.005821
 3257 0.005810
 3258 0.005799
 3259 0.005789
 3260 0.005779
 3261 0.005768
 3262 0.005758
 3263 0.005748
 3264 0.005738
 3265 0.005728
 3266 0.005719
 3267 0.005709
 3268 0.005700
 3269 0.005690
 3270 0.005681
 3271 0.005672
 3272 0.005663
 3273 0.005654
 3274 0.005645
 3275 0.005636
 3276 0.005627
 3277 0.005618
 3278 0.005610
 3279 0.005601
 3280 0.005593
 3281 0.005585
 3282 0.005576
 3283 0.005568
 3284 0.005560
 3285 0.005552
 3286 0.005544
 3287 0.005536
 3288 0.005529
 3289 0.005521
 3290 0.005513
 3291 0.005506
 3292 0.005498
 3293 0.005491
 3294 0.005483
 3295 0.005476
 3296 0.005469
 3297 0.005461
 3298 0.005454
 3299 0.005447
 3300 0.005440
 3301 0.005433
 3302 0.005426
 3303 0.005419
 3304 0.005412
 3305 0.005405
 3306 0.005399
 3307 0.005392
 3308 0.005385
 3309 0.005378
 3310 0.005372
 3311 0.005365
 3312 0.005359
 3313 0.005352
 3314 0.005346
 3315 0.005339
 3316 0.005333
 3317 0.005326
 3318 0.005320
 3319 0.005313
 3320 0.005307
 3321 0.005301
 3322 0.005295
 3323 0.005288
 3324 0.005282
 3325 0.005276
 3326 0.005270
 3327 0.005263
 3328 0.005257
 3329 0.005251
 3330 0.005245
 3331 0.005239
 3332 0.005233
 3333 0.005226
 3334 0.005220
 3335 0.005214
 3336 0.005208
 3337 0.005202
 3338 0.005196
 3339 0.005190
 3340 0.005184
 3341 0.005178
 3342 0.005172
 3343 0.005166
 3344 0.005160
 3345 0.005154
 3346 0.005147
 3347 0.005141
 3348 0.005135
 3349 0.005129
 3350 0.005123
 3351 0.005117
 3352 0.005111
 3353 0.005105
 3354 0.005099
 3355 0.005093
 3356 0.005087
 3357 0.005080
 3358 0.005074
 3359 0.005068
 3360 0.005062
 3361 0.005056
 3362 0.005050
 3363 0.005044
 3364 0.005037
 3365 0.005031
 3366 0.005025
 3367 0.005019
 3368 0.005012
 3369 0.005006
 3370 0.005000
 3371 0.004993
 3372 0.004987
 3373 0.004981
 3374 0.004974
 3375 0.004968
 3376 0.004962
 3377 0.004955
 3378 0.004949
 3379 0.004942
 3380 0.004936
 3381 0.004929
 3382 0.004923
 3383 0.004916
 3384 0.004910
 3385 0.004903
 3386 0.004896
 3387 0.004890
 3388 0.004883
 3389 0.004876
 3390 0.004870
 3391 0.004863
 3392 0.004856
 3393 0.004849
 3394 0.004842
 3395 0.004836
 3396 0.004829
 3397 0.004822
 3398 0.004815
 3399 0.004808
 3400 0.004801
 3401 0.004794
 3402 0.004787
 3403 0.004780
 3404 0.004773
 3405 0.004765
 3406 0.004758
 3407 0.004751
 3408 0.004744
 3409 0.004737
 3410 0.004729
 3411 0.004722
 3412 0.004715
 3413 0.004707
 3414 0.004700
 3415 0.004693
 3416 0.004685
 3417 0.004678
 3418 0.004670
 3419 0.004663
 3420 0.004655
 3421 0.004647
 3422 0.004640
 3423 0.004632
 3424 0.004624
 3425 0.004617
 3426 0.004609
 3427 0.004601
 3428 0.004593
 3429 0.004586
 3430 0.004578
 3431 0.004570
 3432 0.004562
 3433 0.004554
 3434 0.004546
 3435 0.004538
 3436 0.004530
 3437 0.004522
 3438 0.004514
 3439 0.004505
 3440 0.004497
 3441 0.004489
 3442 0.004481
 3443 0.004472
 3444 0.004464
 3445 0.004456
 3446 0.004447
 3447 0.004439
 3448 0.004431
 3449 0.004422
 3450 0.004414
 3451 0.004405
 3452 0.004397
 3453 0.004388
 3454 0.004379
 3455 0.004371
 3456 0.004362
 3457 0.004353
 3458 0.004345
 3459 0.004336
 3460 0.004327
 3461 0.004318
 3462 0.004310
 3463 0.004301
 3464 0.004292
 3465 0.004283
 3466 0.004274
 3467 0.004265
 3468 0.004256
 3469 0.004247
 3470 0.004238
 3471 0.004229
 3472 0.004220
 3473 0.004211
 3474 0.004201
 3475 0.004192
 3476 0.004183
 3477 0.004174
 3478 0.004165
 3479 0.004155
 3480 0.004146
 3481 0.004137
 3482 0.004127
 3483 0.004118
 3484 0.004108
 3485 0.004099
 3486 0.004089
 3487 0.004080
 3488 0.004070
 3489 0.004061
 3490 0.004051
 3491 0.004042
 3492 0.004032
 3493 0.004023
 3494 0.004013
 3495 0.004003
 3496 0.003994
 3497 0.003984
 3498 0.003974
 3499 0.003964
 3500 0.003955
 3501 0.003945
 3502 0.003935
 3503 0.003925
 3504 0.003915
 3505 0.003905
 3506 0.003895
 3507 0.003886
 3508 0.003876
 3509 0.003866
 3510 0.003856
 3511 0.003846
 3512 0.003836
 3513 0.003826
 3514 0.003816
 3515 0.003806
 3516 0.003795
 3517 0.003785
 3518 0.003775
 3519 0.003765
 3520 0.003755
 3521 0.003745
 3522 0.003735
 3523 0.003724
 3524 0.003714
 3525 0.003704
 3526 0.003694
 3527 0.003683
 3528 0.003673
 3529 0.003663
 3530 0.003653
 3531 0.003642
 3532 0.003632
 3533 0.003622
 3534 0.003611
 3535 0.003601
 3536 0.003591
 3537 0.003580
 3538 0.003570
 3539 0.003559
 3540 0.003549
 3541 0.003539
 3542 0.003528
 3543 0.003518
 3544 0.003507
 3545 0.003497
 3546 0.003486
 3547 0.003476
 3548 0.003465
 3549 0.003455
 3550 0.003444
 3551 0.003434
 3552 0.003423
 3553 0.003413
 3554 0.003402
 3555 0.003392
 3556 0.003381
 3557 0.003370
 3558 0.003360
 3559 0.003349
 3560 0.003339
 3561 0.003328
 3562 0.003318
 3563 0.003307
 3564 0.003296
 3565 0.003286
 3566 0.003275
 3567 0.003265
 3568 0.003254
 3569 0.003243
 3570 0.003233
 3571 0.003222
 3572 0.003212
 3573 0.003201
 3574 0.003190
 3575 0.003180
 3576 0.003169
 3577 0.003158
 3578 0.003148
 3579 0.003137
 3580 0.003127
 3581 0.003116
 3582 0.003105
 3583 0.003095
 3584 0.003084
 3585 0.003074
 3586 0.003063
 3587 0.003052
 3588 0.003042
 3589 0.003031
 3590 0.003020
 3591 0.003010
 3592 0.002999
 3593 0.002989
 3594 0.002978
 3595 0.002967
 3596 0.002957
 3597 0.002946
 3598 0.002936
 3599 0.002925
 3600 0.002915
 3601 0.002904
 3602 0.002894
 3603 0.002883
 3604 0.002872
 3605 0.002862
 3606 0.002851
 3607 0.002841
 3608 0.002830
 3609 0.002820
 3610 0.002809
 3611 0.002799
 3612 0.002788
 3613 0.002778
 3614 0.002768
 3615 0.002757
 3616 0.002747
 3617 0.002736
 3618 0.002726
 3619 0.002715
 3620 0.002705
 3621 0.002695
 3622 0.002684
 3623 0.002674
 3624 0.002664
 3625 0.002653
 3626 0.002643
 3627 0.002633
 3628 0.002622
 3629 0.002612
 3630 0.002602
 3631 0.002592
 3632 0.002581
 3633 0.002571
 3634 0.002561
 3635 0.002551
 3636 0.002541
 3637 0.002530
 3638 0.002520
 3639 0.002510
 3640 0.002500
 3641 0.002490
 3642 0.002480
 3643 0.002470
 3644 0.002460
 3645 0.002450
 3646 0.002440
 3647 0.002430
 3648 0.002420
 3649 0.002410
 3650 0.002400
 3651 0.002390
 3652 0.002380
 3653 0.002370
 3654 0.002360
 3655 0.002350
 3656 0.002340
 3657 0.002331
 3658 0.002321
 3659 0.002311
 3660 0.002301
 3661 0.002292
 3662 0.002282
 3663 0.002272
 3664 0.002263
 3665 0.002253
 3666 0.002243
 3667 0.002234
 3668 0.002224
 3669 0.002215
 3670 0.002205
 3671 0.002196
 3672 0.002186
 3673 0.002177
 3674 0.002167
 3675 0.002158
 3676 0.002148
 3677 0.002139
 3678 0.002130
 3679 0.002120
 3680 0.002111
 3681 0.002102
 3682 0.002092
 3683 0.002083
 3684 0.002074
 3685 0.002065
 3686 0.002056
 3687 0.002047
 3688 0.002038
 3689 0.002028
 3690 0.002019
 3691 0.002010
 3692 0.002001
 3693 0.001992
 3694 0.001984
 3695 0.001975
 3696 0.001966
 3697 0.001957
 3698 0.001948
 3699 0.001939
 3700 0.001931
 3701 0.001922
 3702 0.001913
 3703 0.001904
 3704 0.001896
 3705 0.001887
 3706 0.001879
 3707 0.001870
 3708 0.001861
 3709 0.001853
 3710 0.001845
 3711 0.001836
 3712 0.001828
 3713 0.001819
 3714 0.001811
 3715 0.001803
 3716 0.001794
 3717 0.001786
 3718 0.001778
 3719 0.001770
 3720 0.001762
 3721 0.001753
 3722 0.001745
 3723 0.001737
 3724 0.001729
 3725 0.001721
 3726 0.001713
 3727 0.001705
 3728 0.001697
 3729 0.001690
 3730 0.001682
 3731 0.001674
 3732 0.001666
 3733 0.001659
 3734 0.001651
 3735 0.001643
 3736 0.001636
 3737 0.001628
 3738 0.001620
 3739 0.001613
 3740 0.001605
 3741 0.001598
 3742 0.001591
 3743 0.001583
 3744 0.001576
 3745 0.001568
 3746 0.001561
 3747 0.001554
 3748 0.001547
 3749 0.001540
 3750 0.001532
 3751 0.001525
 3752 0.001518
 3753 0.001511
 3754 0.001504
 3755 0.001497
 3756 0.001490
 3757 0.001484
 3758 0.001477
 3759 0.001470
 3760 0.001463
 3761 0.001456
 3762 0.001450
 3763 0.001443
 3764 0.001436
 3765 0.001430
 3766 0.001423
 3767 0.001417
 3768 0.001410
 3769 0.001404
 3770 0.001398
 3771 0.001391
 3772 0.001385
 3773 0.001379
 3774 0.001372
 3775 0.001366
 3776 0.001360
 3777 0.001354
 3778 0.001348
 3779 0.001342
 3780 0.001336
 3781 0.001330
 3782 0.001324
 3783 0.001318
 3784 0.001312
 3785 0.001306
 3786 0.001300
 3787 0.001295
 3788 0.001289
 3789 0.001283
 3790 0.001278
 3791 0.001272
 3792 0.001267
 3793 0.001261
 3794 0.001256
 3795 0.001250
 3796 0.001245
 3797 0.001239
 3798 0.001234
 3799 0.001229
 3800 0.001224
 3801 0.001218
 3802 0.001213
 3803 0.001208
 3804 0.001203
 3805 0.001198
 3806 0.001193
 3807 0.001188
 3808 0.001183
 3809 0.001178
 3810 0.001173
 3811 0.001168
 3812 0.001164
 3813 0.001159
 3814 0.001154
 3815 0.001150
 3816 0.001145
 3817 0.001140
 3818 0.001136
 3819 0.001131
 3820 0.001127
 3821 0.001122
 3822 0.001118
 3823 0.001114
 3824 0.001109
 3825 0.001105
 3826 0.001101
 3827 0.001097
 3828 0.001092
 3829 0.001088
 3830 0.001084
 3831 0.001080
 3832 0.001076
 3833 0.001072
 3834 0.001068
 3835 0.001064
 3836 0.001060
 3837 0.001057
 3838 0.001053
 3839 0.001049
 3840 0.001045
 3841 0.001042
 3842 0.001038
 3843 0.001034
 3844 0.001031
 3845 0.001027
 3846 0.001024
 3847 0.001020
 3848 0.001017
 3849 0.001013
 3850 0.001010
 3851 0.001007
 3852 0.001003
 3853 0.001000
 3854 0.000997
 3855 0.000994
 3856 0.000990
 3857 0.000987
 3858 0.000984
 3859 0.000981
 3860 0.000978
 3861 0.000975
 3862 0.000972
 3863 0.000969
 3864 0.000966
 3865 0.000963
 3866 0.000960
 3867 0.000958
 3868 0.000955
 3869 0.000952
 3870 0.000949
 3871 0.000947
 3872 0.000944
 3873 0.000941
 3874 0.000939
 3875 0.000936
 3876 0.000934
 3877 0.000931
 3878 0.000929
 3879 0.000926
 3880 0.000924
 3881 0.000921
 3882 0.000919
 3883 0.000917
 3884 0.000914
 3885 0.000912
 3886 0.000910
 3887 0.000907
 3888 0.000905
 3889 0.000903
 3890 0.000901
 3891 0.000899
 3892 0.000897
 3893 0.000894
 3894 0.000892
 3895 0.000890
 3896 0.000888
 3897 0.000886
 3898 0.000884
 3899 0.000882
 3900 0.000880
 3901 0.000879
 3902 0.000877
 3903 0.000875
 3904 0.000873
 3905 0.000871
 3906 0.000869
 3907 0.000868
 3908 0.000866
 3909 0.000864
 3910 0.000862
 3911 0.000861
 3912 0.000859
 3913 0.000857
 3914 0.000856
 3915 0.000854
 3916 0.000852
 3917 0.000851
 3918 0.000849
 3919 0.000848
 3920 0.000846
 3921 0.000845
 3922 0.000843
 3923 0.000842
 3924 0.000840
 3925 0.000839
 3926 0.000837
 3927 0.000836
 3928 0.000835
 3929 0.000833
 3930 0.000832
 3931 0.000831
 3932 0.000829
 3933 0.000828
 3934 0.000827
 3935 0.000825
 3936 0.000824
 3937 0.000823
 3938 0.000821
 3939 0.000820
 3940 0.000819
 3941 0.000818
 3942 0.000817
 3943 0.000815
 3944 0.000814
 3945 0.000813
 3946 0.000812
 3947 0.000811
 3948 0.000810
 3949 0.000808
 3950 0.000807
 3951 0.000806
 3952 0.000805
 3953 0.000804
 3954 0.000803
 3955 0.000802
 3956 0.000801
 3957 0.000800
 3958 0.000799
 3959 0.000798
 3960 0.000797
 3961 0.000795
 3962 0.000794
 3963 0.000793
 3964 0.000792
 3965 0.000791
 3966 0.000790
 3967 0.000789
 3968 0.000788
 3969 0.000787
 3970 0.000786
 3971 0.000786
 3972 0.000785
 3973 0.000784
 3974 0.000783
 3975 0.000782
 3976 0.000781
 3977 0.000780
 3978 0.000779
 3979 0.000778
 3980 0.000777
 3981 0.000776
 3982 0.000775
 3983 0.000774
 3984 0.000773
 3985 0.000772
 3986 0.000771
 3987 0.000771
 3988 0.000770
 3989 0.000769
 3990 0.000768
 3991 0.000767
 3992 0.000766
 3993 0.000765
 3994 0.000764
 3995 0.000763
 3996 0.000762
 3997 0.000762
 3998 0.000761
 3999 0.000760
 4000 0.000759
 4001 0.000758
 4002 0.000757
 4003 0.000756
 4004 0.000755
 4005 0.000754
 4006 0.000754
 4007 0.000753
 4008 0.000752
 4009 0.000751
 4010 0.000750
 4011 0.000749
 4012 0.000748
 4013 0.000747
 4014 0.000746
 4015 0.000746
 4016 0.000745
 4017 0.000744
 4018 0.000743
 4019 0.000742
 4020 0.000741
 4021 0.000740
 4022 0.000739
 4023 0.000738
 4024 0.000737
 4025 0.000736
 4026 0.000736
 4027 0.000735
 4028 0.000734
 4029 0.000733
 4030 0.000732
 4031 0.000731
 4032 0.000730
 4033 0.000729
 4034 0.000728
 4035 0.000727
 4036 0.000726
 4037 0.000725
 4038 0.000724
 4039 0.000723
 4040 0.000723
 4041 0.000722
 4042 0.000721
 4043 0.000720
 4044 0.000719
 4045 0.000718
 4046 0.000717
 4047 0.000716
 4048 0.000715
 4049 0.000714
 4050 0.000713
 4051 0.000712
 4052 0.000711
 4053 0.000710
 4054 0.000709
 4055 0.000708
 4056 0.000707
 4057 0.000706
 4058 0.000705
 4059 0.000704
 4060 0.000703
 4061 0.000702
 4062 0.000701
 4063 0.000700
 4064 0.000699
 4065 0.000698
 4066 0.000697
 4067 0.000695
 4068 0.000694
 4069 0.000693
 4070 0.000692
 4071 0.000691
 4072 0.000690
 4073 0.000689
 4074 0.000688
 4075 0.000687
 4076 0.000686
 4077 0.000685
 4078 0.000684
 4079 0.000682
 4080 0.000681
 4081 0.000680
 4082 0.000679
 4083 0.000678
 4084 0.000677
 4085 0.000676
 4086 0.000675
 4087 0.000673
 4088 0.000672
 4089 0.000671
 4090 0.000670
 4091 0.000669
 4092 0.000668
 4093 0.000667
 4094 0.000665
 4095 0.000664
 4096 0.000663
 4097 0.000662
 4098 0.000661
 4099 0.000659
 4100 0.000658
 4101 0.000657
 4102 0.000656
 4103 0.000655
 4104 0.000653
 4105 0.000652
 4106 0.000651
 4107 0.000650
 4108 0.000648
 4109 0.000647
 4110 0.000646
 4111 0.000645
 4112 0.000644
 4113 0.000642
 4114 0.000641
 4115 0.000640
 4116 0.000638
 4117 0.000637
 4118 0.000636
 4119 0.000635
 4120 0.000633
 4121 0.000632
 4122 0.000631
 4123 0.000629
 4124 0.000628
 4125 0.000627
 4126 0.000626
 4127 0.000624
 4128 0.000623
 4129 0.000622
 4130 0.000620
 4131 0.000619
 4132 0.000618
 4133 0.000616
 4134 0.000615
 4135 0.000614
 4136 0.000612
 4137 0.000611
 4138 0.000609
 4139 0.000608
 4140 0.000607
 4141 0.000605
 4142 0.000604
 4143 0.000603
 4144 0.000601
 4145 0.000600
 4146 0.000598
 4147 0.000597
 4148 0.000596
 4149 0.000594
 4150 0.000593
 4151 0.000592
 4152 0.000590
 4153 0.000589
 4154 0.000587
 4155 0.000586
 4156 0.000584
 4157 0.000583
 4158 0.000582
 4159 0.000580
 4160 0.000579
 4161 0.000577
 4162 0.000576
 4163 0.000574
 4164 0.000573
 4165 0.000572
 4166 0.000570
 4167 0.000569
 4168 0.000567
 4169 0.000566
 4170 0.000564
 4171 0.000563
 4172 0.000561
 4173 0.000560
 4174 0.000558
 4175 0.000557
 4176 0.000555
 4177 0.000554
 4178 0.000552
 4179 0.000551
 4180 0.000549
 4181 0.000548
 4182 0.000546
 4183 0.000545
 4184 0.000543
 4185 0.000542
 4186 0.000540
 4187 0.000539
 4188 0.000537
 4189 0.000536
 4190 0.000534
 4191 0.000533
 4192 0.000531
 4193 0.000530
 4194 0.000528
 4195 0.000527
 4196 0.000525
 4197 0.000524
 4198 0.000522
 4199 0.000521
 4200 0.000519
 4201 0.000518
 4202 0.000516
 4203 0.000515
 4204 0.000513
 4205 0.000512
 4206 0.000510
 4207 0.000509
 4208 0.000507
 4209 0.000505
 4210 0.000504
 4211 0.000502
 4212 0.000501
 4213 0.000499
 4214 0.000498
 4215 0.000496
 4216 0.000495
 4217 0.000493
 4218 0.000492
 4219 0.000490
 4220 0.000489
 4221 0.000487
 4222 0.000485
 4223 0.000484
 4224 0.000482
 4225 0.000481
 4226 0.000479
 4227 0.000478
 4228 0.000476
 4229 0.000475
 4230 0.000473
 4231 0.000471
 4232 0.000470
 4233 0.000468
 4234 0.000467
 4235 0.000465
 4236 0.000464
 4237 0.000462
 4238 0.000461
 4239 0.000459
 4240 0.000457
 4241 0.000456
 4242 0.000454
 4243 0.000453
 4244 0.000451
 4245 0.000450
 4246 0.000448
 4247 0.000447
 4248 0.000445
 4249 0.000443
 4250 0.000442
 4251 0.000440
 4252 0.000439
 4253 0.000437
 4254 0.000436
 4255 0.000434
 4256 0.000433
 4257 0.000431
 4258 0.000429
 4259 0.000428
 4260 0.000426
 4261 0.000425
 4262 0.000423
 4263 0.000422
 4264 0.000420
 4265 0.000419
 4266 0.000417
 4267 0.000416
 4268 0.000414
 4269 0.000413
 4270 0.000411
 4271 0.000409
 4272 0.000408
 4273 0.000406
 4274 0.000405
 4275 0.000403
 4276 0.000402
 4277 0.000400
 4278 0.000399
 4279 0.000397
 4280 0.000396
 4281 0.000394
 4282 0.000393
 4283 0.000391
 4284 0.000390
 4285 0.000388
 4286 0.000387
 4287 0.000385
 4288 0.000384
 4289 0.000382
 4290 0.000381
 4291 0.000379
 4292 0.000378
 4293 0.000376
 4294 0.000375
 4295 0.000373
 4296 0.000372
 4297 0.000370
 4298 0.000369
 4299 0.000367
 4300 0.000366
 4301 0.000364
 4302 0.000363
 4303 0.000361
 4304 0.000360
 4305 0.000358
 4306 0.000357
 4307 0.000355
 4308 0.000354
 4309 0.000352
 4310 0.000351
 4311 0.000350
 4312 0.000348
 4313 0.000347
 4314 0.000345
 4315 0.000344
 4316 0.000342
 4317 0.000341
 4318 0.000339
 4319 0.000338
 4320 0.000337
 4321 0.000335
 4322 0.000334
 4323 0.000332
 4324 0.000331
 4325 0.000330
 4326 0.000328
 4327 0.000327
 4328 0.000325
 4329 0.000324
 4330 0.000323
 4331 0.000321
 4332 0.000320
 4333 0.000318
 4334 0.000317
 4335 0.000316
 4336 0.000314
 4337 0.000313
 4338 0.000311
 4339 0.000310
 4340 0.000309
 4341 0.000307
 4342 0.000306
 4343 0.000305
 4344 0.000303
 4345 0.000302
 4346 0.000301
 4347 0.000299
 4348 0.000298
 4349 0.000297
 4350 0.000295
 4351 0.000294
 4352 0.000293
 4353 0.000291
 4354 0.000290
 4355 0.000289
 4356 0.000288
 4357 0.000286
 4358 0.000285
 4359 0.000284
 4360 0.000282
 4361 0.000281
 4362 0.000280
 4363 0.000279
 4364 0.000277
 4365 0.000276
 4366 0.000275
 4367 0.000274
 4368 0.000272
 4369 0.000271
 4370 0.000270
 4371 0.000269
 4372 0.000267
 4373 0.000266
 4374 0.000265
 4375 0.000264
 4376 0.000262
 4377 0.000261
 4378 0.000260
 4379 0.000259
 4380 0.000258
 4381 0.000256
 4382 0.000255
 4383 0.000254
 4384 0.000253
 4385 0.000252
 4386 0.000251
 4387 0.000249
 4388 0.000248
 4389 0.000247
 4390 0.000246
 4391 0.000245
 4392 0.000244
 4393 0.000243
 4394 0.000241
 4395 0.000240
 4396 0.000239
 4397 0.000238
 4398 0.000237
 4399 0.000236
 4400 0.000235
 4401 0.000234
 4402 0.000233
 4403 0.000232
 4404 0.000231
 4405 0.000229
 4406 0.000228
 4407 0.000227
 4408 0.000226
 4409 0.000225
 4410 0.000224
 4411 0.000223
 4412 0.000222
 4413 0.000221
 4414 0.000220
 4415 0.000219
 4416 0.000218
 4417 0.000217
 4418 0.000216
 4419 0.000215
 4420 0.000214
 4421 0.000213
 4422 0.000212
 4423 0.000211
 4424 0.000210
 4425 0.000209
 4426 0.000208
 4427 0.000207
 4428 0.000206
 4429 0.000205
 4430 0.000205
 4431 0.000204
 4432 0.000203
 4433 0.000202
 4434 0.000201
 4435 0.000200
 4436 0.000199
 4437 0.000198
 4438 0.000197
 4439 0.000196
 4440 0.000195
 4441 0.000195
 4442 0.000194
 4443 0.000193
 4444 0.000192
 4445 0.000191
 4446 0.000190
 4447 0.000190
 4448 0.000189
 4449 0.000188
 4450 0.000187
 4451 0.000186
 4452 0.000185
 4453 0.000185
 4454 0.000184
 4455 0.000183
 4456 0.000182
 4457 0.000181
 4458 0.000181
 4459 0.000180
 4460 0.000179
 4461 0.000178
 4462 0.000178
 4463 0.000177
 4464 0.000176
 4465 0.000175
 4466 0.000175
 4467 0.000174
 4468 0.000173
 4469 0.000173
 4470 0.000172
 4471 0.000171
 4472 0.000170
 4473 0.000170
 4474 0.000169
 4475 0.000168
 4476 0.000168
 4477 0.000167
 4478 0.000166
 4479 0.000166
 4480 0.000165
 4481 0.000164
 4482 0.000164
 4483 0.000163
 4484 0.000163
 4485 0.000162
 4486 0.000161
 4487 0.000161
 4488 0.000160
 4489 0.000159
 4490 0.000159
 4491 0.000158
 4492 0.000158
 4493 0.000157
 4494 0.000157
 4495 0.000156
 4496 0.000155
 4497 0.000155
 4498 0.000154
 4499 0.000154
 4500 0.000153
 4501 0.000153
 4502 0.000152
 4503 0.000152
 4504 0.000151
 4505 0.000151
 4506 0.000150
 4507 0.000150
 4508 0.000149
 4509 0.000149
 4510 0.000148
 4511 0.000148
 4512 0.000147
 4513 0.000147
 4514 0.000146
 4515 0.000146
 4516 0.000145
 4517 0.000145
 4518 0.000144
 4519 0.000144
 4520 0.000143
 4521 0.000143
 4522 0.000143
 4523 0.000142
 4524 0.000142
 4525 0.000141
 4526 0.000141
 4527 0.000140
 4528 0.000140
 4529 0.000140
 4530 0.000139
 4531 0.000139
 4532 0.000138
 4533 0.000138
 4534 0.000138
 4535 0.000137
 4536 0.000137
 4537 0.000137
 4538 0.000136
 4539 0.000136
 4540 0.000135
 4541 0.000135
 4542 0.000135
 4543 0.000134
 4544 0.000134
 4545 0.000134
 4546 0.000133
 4547 0.000133
 4548 0.000133
 4549 0.000132
 4550 0.000132
 4551 0.000132
 4552 0.000132
 4553 0.000131
 4554 0.000131
 4555 0.000131
 4556 0.000130
 4557 0.000130
 4558 0.000130
 4559 0.000129
 4560 0.000129
 4561 0.000129
 4562 0.000129
 4563 0.000128
 4564 0.000128
 4565 0.000128
 4566 0.000128
 4567 0.000127
 4568 0.000127
 4569 0.000127
 4570 0.000127
 4571 0.000126
 4572 0.000126
 4573 0.000126
 4574 0.000126
 4575 0.000125
 4576 0.000125
 4577 0.000125
 4578 0.000125
 4579 0.000124
 4580 0.000124
 4581 0.000124
 4582 0.000124
 4583 0.000124
 4584 0.000123
 4585 0.000123
 4586 0.000123
 4587 0.000123
 4588 0.000123
 4589 0.000122
 4590 0.000122
 4591 0.000122
 4592 0.000122
 4593 0.000122
 4594 0.000121
 4595 0.000121
 4596 0.000121
 4597 0.000121
 4598 0.000121
 4599 0.000120
 4600 0.000120
 4601 0.000120
 4602 0.000120
 4603 0.000120
 4604 0.000120
 4605 0.000119
 4606 0.000119
 4607 0.000119
 4608 0.000119
 4609 0.000119
 4610 0.000119
 4611 0.000118
 4612 0.000118
 4613 0.000118
 4614 0.000118
 4615 0.000118
 4616 0.000118
 4617 0.000117
 4618 0.000117
 4619 0.000117
 4620 0.000117
 4621 0.000117
 4622 0.000117
 4623 0.000117
 4624 0.000116
 4625 0.000116
 4626 0.000116
 4627 0.000116
 4628 0.000116
 4629 0.000116
 4630 0.000116
 4631 0.000115
 4632 0.000115
 4633 0.000115
 4634 0.000115
 4635 0.000115
 4636 0.000115
 4637 0.000115
 4638 0.000114
 4639 0.000114
 4640 0.000114
 4641 0.000114
 4642 0.000114
 4643 0.000114
 4644 0.000114
 4645 0.000113
 4646 0.000113
 4647 0.000113
 4648 0.000113
 4649 0.000113
 4650 0.000113
 4651 0.000113
 4652 0.000113
 4653 0.000112
 4654 0.000112
 4655 0.000112
 4656 0.000112
 4657 0.000112
 4658 0.000112
 4659 0.000112
 4660 0.000111
 4661 0.000111
 4662 0.000111
 4663 0.000111
 4664 0.000111
 4665 0.000111
 4666 0.000111
 4667 0.000111
 4668 0.000110
 4669 0.000110
 4670 0.000110
 4671 0.000110
 4672 0.000110
 4673 0.000110
 4674 0.000110
 4675 0.000110
 4676 0.000109
 4677 0.000109
 4678 0.000109
 4679 0.000109
 4680 0.000109
 4681 0.000109
 4682 0.000109
 4683 0.000108
 4684 0.000108
 4685 0.000108
 4686 0.000108
 4687 0.000108
 4688 0.000108
 4689 0.000108
 4690 0.000108
 4691 0.000107
 4692 0.000107
 4693 0.000107
 4694 0.000107
 4695 0.000107
 4696 0.000107
 4697 0.000107
 4698 0.000106
 4699 0.000106
 4700 0.000106
 4701 0.000106
 4702 0.000106
