    0 68.930480
    1 91.383838
    2 116.358156
    3 132.795604
    4 144.202709
    5 152.832688
    6 159.659621
    7 165.247910
    8 169.947882
    9 173.985745
   10 177.515237
   11 180.644189
   12 183.451312
   13 185.995371
   14 188.320415
   15 190.458110
   16 192.430674
   17 194.253740
   18 195.935909
   19 197.483161
   20 198.900158
   21 200.191065
   22 201.359207
   23 202.409223
   24 203.347574
   25 204.179602
   26 204.911633
   27 205.550408
   28 206.103404
   29 206.578089
   30 206.982300
   31 207.322171
   32 207.603112
   33 207.829677
   34 208.005771
   35 208.133830
   36 208.213768
   37 208.245035
   38 208.226014
   39 208.153566
   40 208.023375
   41 207.830740
   42 207.570931
   43 207.238576
   44 206.827307
   45 206.331892
   46 205.748047
   47 205.072533
   48 204.305319
   49 203.447275
   50 202.502294
   51 201.476683
   52 200.377363
   53 199.214673
   54 197.996128
   55 196.730818
   56 195.423542
   57 194.080013
   58 192.703219
   59 191.289908
   60 189.837234
   61 188.342432
   62 186.798073
   63 185.196110
   64 183.527595
   65 181.784339
   66 179.956160
   67 178.039039
   68 176.027554
   69 173.913491
   70 171.699834
   71 169.394752
   72 166.998357
   73 164.512129
   74 161.941155
   75 159.301569
   76 156.608250
   77 153.874339
   78 151.095708
   79 148.298524
   80 145.491750
   81 142.694026
   82 139.914586
   83 137.155657
   84 134.441118
   85 131.783777
   86 129.188970
   87 126.663074
   88 124.213215
   89 121.848120
   90 119.562219
   91 117.364345
   92 115.258938
   93 113.247078
   94 111.331215
   95 109.503228
   96 107.760587
   97 106.101316
   98 104.520319
   99 103.013675
  100 101.574590
  101 100.203273
  102 98.897680
  103 97.653153
  104 96.465117
  105 95.329704
  106 94.242984
  107 93.202788
  108 92.206207
  109 91.246691
  110 90.322802
  111 89.432138
  112 88.571745
  113 87.739174
  114 86.932874
  115 86.149972
  116 85.388315
  117 84.645949
  118 83.920633
  119 83.211956
  120 82.519471
  121 81.841707
  122 81.177117
  123 80.524408
  124 79.882315
  125 79.249701
  126 78.625317
  127 78.008503
  128 77.399044
  129 76.796264
  130 76.199425
  131 75.607758
  132 75.020551
  133 74.437113
  134 73.856880
  135 73.279337
  136 72.703850
  137 72.129483
  138 71.556336
  139 70.983926
  140 70.411710
  141 69.839338
  142 69.266536
  143 68.693065
  144 68.118553
  145 67.542522
  146 66.964838
  147 66.385723
  148 65.805051
  149 65.222517
  150 64.638144
  151 64.052025
  152 63.463833
  153 62.873785
  154 62.281635
  155 61.687797
  156 61.092314
  157 60.495253
  158 59.896652
  159 59.296552
  160 58.694771
  161 58.091649
  162 57.487068
  163 56.881595
  164 56.275254
  165 55.668152
  166 55.060398
  167 54.452111
  168 53.843054
  169 53.233751
  170 52.623983
  171 52.014375
  172 51.405064
  173 50.796164
  174 50.187809
  175 49.579820
  176 48.972485
  177 48.365372
  178 47.759613
  179 47.155277
  180 46.552488
  181 45.951381
  182 45.351756
  183 44.753961
  184 44.158233
  185 43.564993
  186 42.974502
  187 42.386737
  188 41.801524
  189 41.219160
  190 40.640094
  191 40.064601
  192 39.492917
  193 38.924834
  194 38.360704
  195 37.801051
  196 37.246222
  197 36.696167
  198 36.150993
  199 35.611280
  200 35.077422
  201 34.549189
  202 34.027149
  203 33.511721
  204 33.002793
  205 32.500899
  206 32.005710
  207 31.518070
  208 31.039067
  209 30.568963
  210 30.108033
  211 29.656532
  212 29.214723
  213 28.782878
  214 28.361242
  215 27.950082
  216 27.549657
  217 27.160221
  218 26.782021
  219 26.415292
  220 26.060287
  221 25.717201
  222 25.386185
  223 25.067393
  224 24.760955
  225 24.466989
  226 24.185596
  227 23.916777
  228 23.660546
  229 23.416880
  230 23.185714
  231 22.966964
  232 22.760499
  233 22.566136
  234 22.383657
  235 22.212807
  236 22.053293
  237 21.904783
  238 21.766919
  239 21.639307
  240 21.521534
  241 21.413154
  242 21.313702
  243 21.222689
  244 21.139615
  245 21.063967
  246 20.995227
  247 20.932873
  248 20.876375
  249 20.825204
  250 20.778840
  251 20.736767
  252 20.698485
  253 20.663493
  254 20.631309
  255 20.601470
  256 20.573522
  257 20.547032
  258 20.521584
  259 20.496780
  260 20.472269
  261 20.447683
  262 20.422668
  263 20.396904
  264 20.370103
  265 20.341990
  266 20.312310
  267 20.280831
  268 20.247340
  269 20.211639
  270 20.173551
  271 20.132910
  272 20.089563
  273 20.043374
  274 19.994239
  275 19.942057
  276 19.886753
  277 19.828255
  278 19.766516
  279 19.701492
  280 19.633155
  281 19.561476
  282 19.486436
  283 19.408023
  284 19.326236
  285 19.241095
  286 19.152625
  287 19.060858
  288 18.965793
  289 18.867482
  290 18.765968
  291 18.661299
  292 18.553539
  293 18.442743
  294 18.329057
  295 18.212530
  296 18.093139
  297 17.970981
  298 17.846126
  299 17.718660
  300 17.588691
  301 17.456302
  302 17.321592
  303 17.184663
  304 17.045624
  305 16.904576
  306 16.761607
  307 16.616841
  308 16.470394
  309 16.322367
  310 16.172863
  311 16.021994
  312 15.869853
  313 15.716547
  314 15.562183
  315 15.406860
  316 15.250685
  317 15.093772
  318 14.936184
  319 14.778039
  320 14.619457
  321 14.460508
  322 14.301312
  323 14.141970
  324 13.982579
  325 13.823236
  326 13.664036
  327 13.505068
  328 13.346420
  329 13.188165
  330 13.030398
  331 12.873209
  332 12.716686
  333 12.560907
  334 12.405939
  335 12.251878
  336 12.098798
  337 11.946772
  338 11.795865
  339 11.646141
  340 11.497661
  341 11.350481
  342 11.204662
  343 11.060264
  344 10.917341
  345 10.775939
  346 10.636114
  347 10.497916
  348 10.361394
  349 10.226594
  350 10.093536
  351 9.962275
  352 9.832852
  353 9.705314
  354 9.579694
  355 9.456023
  356 9.334335
  357 9.214661
  358 9.097028
  359 8.981463
  360 8.867991
  361 8.756632
  362 8.647404
  363 8.540322
  364 8.435400
  365 8.332651
  366 8.232085
  367 8.133706
  368 8.037523
  369 7.943520
  370 7.851711
  371 7.762101
  372 7.674686
  373 7.589459
  374 7.506412
  375 7.425533
  376 7.346813
  377 7.270236
  378 7.195786
  379 7.123439
  380 7.053172
  381 6.984963
  382 6.918787
  383 6.854609
  384 6.792405
  385 6.732144
  386 6.673793
  387 6.617314
  388 6.562672
  389 6.509721
  390 6.458495
  391 6.408996
  392 6.361180
  393 6.315004
  394 6.270422
  395 6.227389
  396 6.185855
  397 6.145771
  398 6.107088
  399 6.069754
  400 6.033718
  401 5.998928
  402 5.965332
  403 5.932882
  404 5.901525
  405 5.871210
  406 5.841883
  407 5.813498
  408 5.786006
  409 5.759360
  410 5.733512
  411 5.708414
  412 5.684020
  413 5.660286
  414 5.637168
  415 5.614625
  416 5.592613
  417 5.571094
  418 5.550029
  419 5.529379
  420 5.509110
  421 5.489187
  422 5.469576
  423 5.450247
  424 5.431169
  425 5.412312
  426 5.393649
  427 5.375151
  428 5.356794
  429 5.338552
  430 5.320403
  431 5.302323
  432 5.284293
  433 5.266293
  434 5.248303
  435 5.230308
  436 5.212290
  437 5.194232
  438 5.176124
  439 5.157952
  440 5.139717
  441 5.121399
  442 5.102987
  443 5.084473
  444 5.065850
  445 5.047110
  446 5.028247
  447 5.009254
  448 4.990126
  449 4.970860
  450 4.951451
  451 4.931899
  452 4.912199
  453 4.892348
  454 4.872346
  455 4.852192
  456 4.831883
  457 4.811421
  458 4.790803
  459 4.770030
  460 4.749108
  461 4.728039
  462 4.706824
  463 4.685463
  464 4.663956
  465 4.642306
  466 4.620512
  467 4.598578
  468 4.576505
  469 4.554295
  470 4.531951
  471 4.509476
  472 4.486874
  473 4.464146
  474 4.441293
  475 4.418312
  476 4.395208
  477 4.371976
  478 4.348638
  479 4.325203
  480 4.301662
  481 4.278024
  482 4.254295
  483 4.230480
  484 4.206583
  485 4.182607
  486 4.158542
  487 4.134400
  488 4.110183
  489 4.085893
  490 4.061534
  491 4.037109
  492 4.012622
  493 3.988075
  494 3.963471
  495 3.938812
  496 3.914093
  497 3.889323
  498 3.864509
  499 3.839655
  500 3.814763
  501 3.789825
  502 3.764842
  503 3.739827
  504 3.714721
  505 3.689519
  506 3.664318
  507 3.639117
  508 3.613914
  509 3.588707
  510 3.563494
  511 3.538275
  512 3.513056
  513 3.487843
  514 3.462625
  515 3.437404
  516 3.412181
  517 3.386958
  518 3.361738
  519 3.336523
  520 3.311316
  521 3.286109
  522 3.260903
  523 3.235707
  524 3.210531
  525 3.185381
  526 3.160265
  527 3.135183
  528 3.110137
  529 3.085128
  530 3.060156
  531 3.035220
  532 3.010323
  533 2.985465
  534 2.960649
  535 2.935877
  536 2.911147
  537 2.886454
  538 2.861815
  539 2.837236
  540 2.812719
  541 2.788270
  542 2.763885
  543 2.739550
  544 2.715264
  545 2.691042
  546 2.666890
  547 2.642815
  548 2.618822
  549 2.594915
  550 2.571096
  551 2.547368
  552 2.523732
  553 2.500184
  554 2.476719
  555 2.453352
  556 2.430084
  557 2.406918
  558 2.383875
  559 2.360936
  560 2.338107
  561 2.315391
  562 2.292793
  563 2.270316
  564 2.247963
  565 2.225736
  566 2.203639
  567 2.181673
  568 2.159842
  569 2.138146
  570 2.116588
  571 2.095171
  572 2.073897
  573 2.052770
  574 2.031795
  575 2.010973
  576 1.990305
  577 1.969791
  578 1.949433
  579 1.929232
  580 1.909188
  581 1.889294
  582 1.869555
  583 1.849977
  584 1.830565
  585 1.811325
  586 1.792260
  587 1.773373
  588 1.754663
  589 1.736128
  590 1.717767
  591 1.699580
  592 1.681561
  593 1.663717
  594 1.646053
  595 1.628568
  596 1.611263
  597 1.594137
  598 1.577187
  599 1.560414
  600 1.543816
  601 1.527394
  602 1.511149
  603 1.495081
  604 1.479190
  605 1.463478
  606 1.447944
  607 1.432589
  608 1.417407
  609 1.402406
  610 1.387586
  611 1.372947
  612 1.358488
  613 1.344208
  614 1.330104
  615 1.316176
  616 1.302423
  617 1.288842
  618 1.275434
  619 1.262196
  620 1.249130
  621 1.236233
  622 1.223505
  623 1.210943
  624 1.198548
  625 1.186315
  626 1.174245
  627 1.162335
  628 1.150584
  629 1.138989
  630 1.127550
  631 1.116264
  632 1.105131
  633 1.094150
  634 1.083319
  635 1.072637
  636 1.062101
  637 1.051710
  638 1.041461
  639 1.031353
  640 1.021384
  641 1.011550
  642 1.001851
  643 0.992284
  644 0.982846
  645 0.973535
  646 0.964349
  647 0.955286
  648 0.946342
  649 0.937517
  650 0.928807
  651 0.920211
  652 0.911727
  653 0.903352
  654 0.895085
  655 0.886925
  656 0.878869
  657 0.870915
  658 0.863063
  659 0.855311
  660 0.847658
  661 0.840102
  662 0.832641
  663 0.825276
  664 0.818004
  665 0.810823
  666 0.803734
  667 0.796735
  668 0.789824
  669 0.783001
  670 0.776264
  671 0.769613
  672 0.763046
  673 0.756562
  674 0.750160
  675 0.743840
  676 0.737600
  677 0.731441
  678 0.725361
  679 0.719359
  680 0.713436
  681 0.707590
  682 0.701822
  683 0.696131
  684 0.690516
  685 0.684977
  686 0.679515
  687 0.674129
  688 0.668819
  689 0.663585
  690 0.658427
  691 0.653345
  692 0.648338
  693 0.643407
  694 0.638552
  695 0.633773
  696 0.629069
  697 0.624442
  698 0.619890
  699 0.615414
  700 0.611015
  701 0.606691
  702 0.602443
  703 0.598271
  704 0.594175
  705 0.590154
  706 0.586209
  707 0.582340
  708 0.578546
  709 0.574827
  710 0.571182
  711 0.567612
  712 0.564117
  713 0.560694
  714 0.557345
  715 0.554068
  716 0.550863
  717 0.547730
  718 0.544667
  719 0.541674
  720 0.538750
  721 0.535894
  722 0.533105
  723 0.530383
  724 0.527726
  725 0.525134
  726 0.522605
  727 0.520138
  728 0.517733
  729 0.515387
  730 0.513100
  731 0.510871
  732 0.508698
  733 0.506580
  734 0.504517
  735 0.502505
  736 0.500545
  737 0.498634
  738 0.496772
  739 0.494956
  740 0.493186
  741 0.491460
  742 0.489777
  743 0.488135
  744 0.486532
  745 0.484968
  746 0.483440
  747 0.481948
  748 0.480489
  749 0.479063
  750 0.477667
  751 0.476301
  752 0.474963
  753 0.473652
  754 0.472366
  755 0.471103
  756 0.469863
  757 0.468645
  758 0.467446
  759 0.466266
  760 0.465104
  761 0.463958
  762 0.462826
  763 0.461709
  764 0.460604
  765 0.459511
  766 0.458429
  767 0.457356
  768 0.456291
  769 0.455234
  770 0.454184
  771 0.453139
  772 0.452099
  773 0.451062
  774 0.450029
  775 0.448998
  776 0.447969
  777 0.446940
  778 0.445911
  779 0.444882
  780 0.443851
  781 0.442819
  782 0.441784
  783 0.440746
  784 0.439705
  785 0.438660
  786 0.437610
  787 0.436556
  788 0.435496
  789 0.434431
  790 0.433359
  791 0.432282
  792 0.431198
  793 0.430107
  794 0.429009
  795 0.427903
  796 0.426790
  797 0.425669
  798 0.424541
  799 0.423404
  800 0.422259
  801 0.421106
  802 0.419944
  803 0.418774
  804 0.417595
  805 0.416408
  806 0.415212
  807 0.414007
  808 0.412794
  809 0.411571
  810 0.410340
  811 0.409101
  812 0.407852
  813 0.406595
  814 0.405329
  815 0.404055
  816 0.402772
  817 0.401480
  818 0.400180
  819 0.398872
  820 0.397555
  821 0.396230
  822 0.394897
  823 0.393555
  824 0.392206
  825 0.390848
  826 0.389483
  827 0.388110
  828 0.386729
  829 0.385340
  830 0.383944
  831 0.382540
  832 0.381129
  833 0.379710
  834 0.378285
  835 0.376852
  836 0.375412
  837 0.373965
  838 0.372511
  839 0.371051
  840 0.369583
  841 0.368109
  842 0.366629
  843 0.365142
  844 0.363648
  845 0.362148
  846 0.360642
  847 0.359130
  848 0.357612
  849 0.356088
  850 0.354558
  851 0.353022
  852 0.351480
  853 0.349933
  854 0.348380
  855 0.346821
  856 0.345258
  857 0.343689
  858 0.342114
  859 0.340535
  860 0.338950
  861 0.337361
  862 0.335767
  863 0.334167
  864 0.332564
  865 0.330956
  866 0.329343
  867 0.327726
  868 0.326105
  869 0.324479
  870 0.322850
  871 0.321217
  872 0.319580
  873 0.317939
  874 0.316296
  875 0.314648
  876 0.312998
  877 0.311344
  878 0.309688
  879 0.308029
  880 0.306367
  881 0.304702
  882 0.303035
  883 0.301366
  884 0.299695
  885 0.298022
  886 0.296348
  887 0.294672
  888 0.292995
  889 0.291317
  890 0.289638
  891 0.287959
  892 0.286279
  893 0.284599
  894 0.282920
  895 0.281241
  896 0.279563
  897 0.277885
  898 0.276209
  899 0.274534
  900 0.272860
  901 0.271189
  902 0.269519
  903 0.267852
  904 0.266187
  905 0.264526
  906 0.262867
  907 0.261212
  908 0.259560
  909 0.257913
  910 0.256270
  911 0.254631
  912 0.252998
  913 0.251369
  914 0.249746
  915 0.248129
  916 0.246518
  917 0.244914
  918 0.243317
  919 0.241726
  920 0.240143
  921 0.238568
  922 0.237001
  923 0.235442
  924 0.233892
  925 0.232350
  926 0.230818
  927 0.229296
  928 0.227783
  929 0.226280
  930 0.224787
  931 0.223304
  932 0.221833
  933 0.220372
  934 0.218922
  935 0.217484
  936 0.216057
  937 0.214643
  938 0.213240
  939 0.211849
  940 0.210471
  941 0.209105
  942 0.207752
  943 0.206412
  944 0.205085
  945 0.203771
  946 0.202471
  947 0.201184
  948 0.199910
  949 0.198651
  950 0.197405
  951 0.196173
  952 0.194955
  953 0.193750
  954 0.192560
  955 0.191384
  956 0.190222
  957 0.189074
  958 0.187940
  959 0.186820
  960 0.185714
  961 0.184622
  962 0.183544
  963 0.182479
  964 0.181428
  965 0.180391
  966 0.179367
  967 0.178357
  968 0.177360
  969 0.176376
  970 0.175404
  971 0.174446
  972 0.173500
  973 0.172566
  974 0.171645
  975 0.170735
  976 0.169837
  977 0.168950
  978 0.168074
  979 0.167210
  980 0.166356
  981 0.165512
  982 0.164679
  983 0.163855
  984 0.163041
  985 0.162236
  986 0.161440
  987 0.160653
  988 0.159874
  989 0.159103
  990 0.158339
  991 0.157583
  992 0.156834
  993 0.156092
  994 0.155357
  995 0.154627
  996 0.153903
  997 0.153184
  998 0.152471
  999 0.151763
 1000 0.151058
 1001 0.150359
 1002 0.149662
 1003 0.148970
 1004 0.148281
 1005 0.147594
 1006 0.146911
 1007 0.146229
 1008 0.145550
 1009 0.144872
 1010 0.144195
 1011 0.143519
 1012 0.142844
 1013 0.142169
 1014 0.141496
 1015 0.140822
 1016 0.140150
 1017 0.139477
 1018 0.138804
 1019 0.138130
 1020 0.137456
 1021 0.136781
 1022 0.136104
 1023 0.135426
 1024 0.134746
 1025 0.134065
 1026 0.133381
 1027 0.132695
 1028 0.132007
 1029 0.131316
 1030 0.130623
 1031 0.129927
 1032 0.129228
 1033 0.128527
 1034 0.127822
 1035 0.127115
 1036 0.126404
 1037 0.125690
 1038 0.124973
 1039 0.124253
 1040 0.123529
 1041 0.122802
 1042 0.122072
 1043 0.121338
 1044 0.120601
 1045 0.119861
 1046 0.119117
 1047 0.118370
 1048 0.117619
 1049 0.116865
 1050 0.116108
 1051 0.115348
 1052 0.114584
 1053 0.113817
 1054 0.113047
 1055 0.112274
 1056 0.111498
 1057 0.110720
 1058 0.109938
 1059 0.109154
 1060 0.108367
 1061 0.107577
 1062 0.106785
 1063 0.105991
 1064 0.105195
 1065 0.104396
 1066 0.103595
 1067 0.102793
 1068 0.101989
 1069 0.101183
 1070 0.100376
 1071 0.099568
 1072 0.098758
 1073 0.097947
 1074 0.097136
 1075 0.096324
 1076 0.095511
 1077 0.094698
 1078 0.093884
 1079 0.093071
 1080 0.092257
 1081 0.091444
 1082 0.090631
 1083 0.089819
 1084 0.089007
 1085 0.088196
 1086 0.087387
 1087 0.086579
 1088 0.085772
 1089 0.084966
 1090 0.084163
 1091 0.083361
 1092 0.082562
 1093 0.081765
 1094 0.080970
 1095 0.080178
 1096 0.079389
 1097 0.078603
 1098 0.077820
 1099 0.077040
 1100 0.076264
 1101 0.075491
 1102 0.074722
 1103 0.073957
 1104 0.073196
 1105 0.072440
 1106 0.071688
 1107 0.070941
 1108 0.070198
 1109 0.069461
 1110 0.068728
 1111 0.068001
 1112 0.067279
 1113 0.066563
 1114 0.065853
 1115 0.065148
 1116 0.064449
 1117 0.063757
 1118 0.063070
 1119 0.062390
 1120 0.061717
 1121 0.061050
 1122 0.060391
 1123 0.059738
 1124 0.059092
 1125 0.058453
 1126 0.057821
 1127 0.057197
 1128 0.056580
 1129 0.055970
 1130 0.055368
 1131 0.054774
 1132 0.054188
 1133 0.053610
 1134 0.053039
 1135 0.052477
 1136 0.051922
 1137 0.051376
 1138 0.050838
 1139 0.050308
 1140 0.049786
 1141 0.049273
 1142 0.048768
 1143 0.048271
 1144 0.047783
 1145 0.047304
 1146 0.046833
 1147 0.046370
 1148 0.045916
 1149 0.045470
 1150 0.045032
 1151 0.044604
 1152 0.044183
 1153 0.043771
 1154 0.043367
 1155 0.042972
 1156 0.042585
 1157 0.042206
 1158 0.041836
 1159 0.041474
 1160 0.041119
 1161 0.040773
 1162 0.040435
 1163 0.040105
 1164 0.039782
 1165 0.039467
 1166 0.039160
 1167 0.038861
 1168 0.038569
 1169 0.038284
 1170 0.038007
 1171 0.037737
 1172 0.037474
 1173 0.037218
 1174 0.036969
 1175 0.036726
 1176 0.036490
 1177 0.036261
 1178 0.036038
 1179 0.035821
 1180 0.035610
 1181 0.035406
 1182 0.035207
 1183 0.035014
 1184 0.034826
 1185 0.034644
 1186 0.034467
 1187 0.034296
 1188 0.034129
 1189 0.033968
 1190 0.033811
 1191 0.033659
 1192 0.033511
 1193 0.033368
 1194 0.033228
 1195 0.033094
 1196 0.032963
 1197 0.032835
 1198 0.032712
 1199 0.032592
 1200 0.032476
 1201 0.032363
 1202 0.032254
 1203 0.032147
 1204 0.032044
 1205 0.031943
 1206 0.031845
 1207 0.031750
 1208 0.031657
 1209 0.031567
 1210 0.031479
 1211 0.031394
 1212 0.031311
 1213 0.031229
 1214 0.031150
 1215 0.031073
 1216 0.030997
 1217 0.030923
 1218 0.030851
 1219 0.030780
 1220 0.030711
 1221 0.030643
 1222 0.030576
 1223 0.030511
 1224 0.030447
 1225 0.030384
 1226 0.030322
 1227 0.030261
 1228 0.030201
 1229 0.030141
 1230 0.030083
 1231 0.030025
 1232 0.029968
 1233 0.029912
 1234 0.029856
 1235 0.029801
 1236 0.029746
 1237 0.029692
 1238 0.029638
 1239 0.029584
 1240 0.029531
 1241 0.029478
 1242 0.029425
 1243 0.029373
 1244 0.029320
 1245 0.029268
 1246 0.029216
 1247 0.029164
 1248 0.029112
 1249 0.029060
 1250 0.029008
 1251 0.028956
 1252 0.028904
 1253 0.028852
 1254 0.028800
 1255 0.028748
 1256 0.028695
 1257 0.028642
 1258 0.028589
 1259 0.028536
 1260 0.028483
 1261 0.028429
 1262 0.028375
 1263 0.028320
 1264 0.028266
 1265 0.028211
 1266 0.028155
 1267 0.028099
 1268 0.028043
 1269 0.027987
 1270 0.027930
 1271 0.027872
 1272 0.027814
 1273 0.027756
 1274 0.027697
 1275 0.027637
 1276 0.027577
 1277 0.027517
 1278 0.027456
 1279 0.027394
 1280 0.027332
 1281 0.027269
 1282 0.027206
 1283 0.027142
 1284 0.027078
 1285 0.027012
 1286 0.026947
 1287 0.026880
 1288 0.026813
 1289 0.026746
 1290 0.026677
 1291 0.026608
 1292 0.026538
 1293 0.026468
 1294 0.026397
 1295 0.026325
 1296 0.026253
 1297 0.026179
 1298 0.026106
 1299 0.026031
 1300 0.025956
 1301 0.025879
 1302 0.025803
 1303 0.025725
 1304 0.025647
 1305 0.025568
 1306 0.025488
 1307 0.025408
 1308 0.025326
 1309 0.025244
 1310 0.025162
 1311 0.025078
 1312 0.024994
 1313 0.024909
 1314 0.024823
 1315 0.024737
 1316 0.024650
 1317 0.024562
 1318 0.024473
 1319 0.024384
 1320 0.024293
 1321 0.024203
 1322 0.024111
 1323 0.024019
 1324 0.023926
 1325 0.023832
 1326 0.023737
 1327 0.023642
 1328 0.023546
 1329 0.023450
 1330 0.023352
 1331 0.023254
 1332 0.023156
 1333 0.023056
 1334 0.022956
 1335 0.022856
 1336 0.022754
 1337 0.022652
 1338 0.022550
 1339 0.022447
 1340 0.022343
 1341 0.022238
 1342 0.022133
 1343 0.022028
 1344 0.021922
 1345 0.021815
 1346 0.021708
 1347 0.021600
 1348 0.021492
 1349 0.021383
 1350 0.021274
 1351 0.021164
 1352 0.021053
 1353 0.020943
 1354 0.020831
 1355 0.020720
 1356 0.020608
 1357 0.020495
 1358 0.020382
 1359 0.020269
 1360 0.020155
 1361 0.020041
 1362 0.019927
 1363 0.019812
 1364 0.019697
 1365 0.019582
 1366 0.019467
 1367 0.019351
 1368 0.019235
 1369 0.019118
 1370 0.019002
 1371 0.018885
 1372 0.018768
 1373 0.018651
 1374 0.018534
 1375 0.018416
 1376 0.018299
 1377 0.018181
 1378 0.018064
 1379 0.017946
 1380 0.017828
 1381 0.017710
 1382 0.017592
 1383 0.017474
 1384 0.017357
 1385 0.017239
 1386 0.017121
 1387 0.017003
 1388 0.016885
 1389 0.016768
 1390 0.016650
 1391 0.016533
 1392 0.016416
 1393 0.016299
 1394 0.016182
 1395 0.016065
 1396 0.015949
 1397 0.015833
 1398 0.015717
 1399 0.015601
 1400 0.015486
 1401 0.015370
 1402 0.015256
 1403 0.015141
 1404 0.015027
 1405 0.014913
 1406 0.014800
 1407 0.014686
 1408 0.014574
 1409 0.014462
 1410 0.014350
 1411 0.014238
 1412 0.014127
 1413 0.014017
 1414 0.013907
 1415 0.013797
 1416 0.013688
 1417 0.013580
 1418 0.013472
 1419 0.013365
 1420 0.013258
 1421 0.013152
 1422 0.013046
 1423 0.012941
 1424 0.012837
 1425 0.012733
 1426 0.012630
 1427 0.012527
 1428 0.012425
 1429 0.012324
 1430 0.012224
 1431 0.012124
 1432 0.012025
 1433 0.011926
 1434 0.011829
 1435 0.011732
 1436 0.011636
 1437 0.011540
 1438 0.011445
 1439 0.011351
 1440 0.011258
 1441 0.011166
 1442 0.011074
 1443 0.010983
 1444 0.010893
 1445 0.010803
 1446 0.010715
 1447 0.010627
 1448 0.010540
 1449 0.010454
 1450 0.010368
 1451 0.010284
 1452 0.010200
 1453 0.010117
 1454 0.010035
 1455 0.009953
 1456 0.009873
 1457 0.009793
 1458 0.009714
 1459 0.009636
 1460 0.009559
 1461 0.009482
 1462 0.009407
 1463 0.009332
 1464 0.009258
 1465 0.009185
 1466 0.009112
 1467 0.009040
 1468 0.008970
 1469 0.008899
 1470 0.008830
 1471 0.008762
 1472 0.008694
 1473 0.008627
 1474 0.008561
 1475 0.008495
 1476 0.008430
 1477 0.008366
 1478 0.008303
 1479 0.008240
 1480 0.008179
 1481 0.008117
 1482 0.008057
 1483 0.007997
 1484 0.007938
 1485 0.007880
 1486 0.007822
 1487 0.007765
 1488 0.007708
 1489 0.007653
 1490 0.007597
 1491 0.007543
 1492 0.007489
 1493 0.007435
 1494 0.007382
 1495 0.007330
 1496 0.007278
 1497 0.007227
 1498 0.007177
 1499 0.007126
 1500 0.007077
 1501 0.007028
 1502 0.006979
 1503 0.006931
 1504 0.006883
