ni
91

nj
38

x_vals
3.11453 2.86883 2.64546 2.4424 2.2578 2.08998 1.93742 1.79873 1.67265 1.55803 1.45382 1.3591 1.27298 1.19469 1.12352 1.05882 1 0.945194 0.8907 0.836661 0.783223 0.730529 0.67872 0.627937 0.578317 0.529993 0.483096 0.437749 0.394075 0.352188 0.3122 0.274581 0.239198 0.205956 0.174933 0.146204 0.119842 0.0959187 0.0745044 0.0556664 0.0394691 0.0259725 0.0152317 0.00729576 0.00220695 0 0.000726222 0.00442832 0.0111153 0.0207864 0.0334309 0.0490273 0.0675422 0.0889304 0.113134 0.140081 0.169689 0.201858 0.236478 0.273428 0.312401 0.353039 0.395576 0.439876 0.485797 0.53319 0.581905 0.631787 0.682677 0.734415 0.786836 0.839775 0.893062 0.946528 1 1.05882 1.12352 1.19469 1.27298 1.3591 1.45382 1.55803 1.67265 1.79873 1.93742 2.08998 2.2578 2.4424 2.64546 2.86883 3.11453 
3.11453 2.8697 2.6469 2.44419 2.2598 2.09209 1.93956 1.80084 1.67469 1.55997 1.45565 1.36078 1.27452 1.19607 1.12473 1.05985 1.00085 0.945854 0.891189 0.836995 0.783412 0.730581 0.678642 0.627734 0.577992 0.529548 0.482532 0.437072 0.393289 0.351303 0.311228 0.273531 0.238082 0.204795 0.173752 0.145055 0.11871 0.0947918 0.0733763 0.0545384 0.0383501 0.0248805 0.0142025 0.00647234 0.00143237 -0.000772931 -5.42093e-05 0.00362534 0.0102516 0.0197379 0.0323175 0.0478816 0.0663804 0.0877588 0.11195 0.138873 0.168442 0.200626 0.23529 0.272306 0.311365 0.352105 0.394753 0.439172 0.485216 0.532737 0.581581 0.631595 0.682621 0.734499 0.787068 0.840164 0.893619 0.947269 1.00094 1.05992 1.12478 1.19611 1.27455 1.36081 1.45567 1.55999 1.67471 1.80085 1.93957 2.0921 2.25981 2.4442 2.6469 2.8697 3.11453 
3.11453 2.87065 2.64847 2.44616 2.262 2.09441 1.94191 1.80316 1.67694 1.56211 1.45766 1.36264 1.27621 1.19759 1.12606 1.06099 1.00179 0.946579 0.891726 0.83736 0.783618 0.730636 0.678553 0.627507 0.57763 0.529053 0.481907 0.436321 0.392419 0.350324 0.310153 0.27237 0.236851 0.203515 0.172452 0.143791 0.117466 0.0935517 0.0721346 0.0532973 0.03712 0.0236827 0.0130802 0.00555154 0.000563132 -0.00163933 -0.000928785 0.00272606 0.00928764 0.0185902 0.0310949 0.0466221 0.0651026 0.08647 0.110647 0.137545 0.167071 0.199268 0.23398 0.271067 0.310219 0.351072 0.393842 0.43839 0.48457 0.532232 0.58122 0.631378 0.682553 0.734587 0.787319 0.840586 0.894227 0.948078 1.00197 1.06114 1.12618 1.19769 1.27629 1.36271 1.45771 1.56216 1.67697 1.80319 1.94193 2.09442 2.26201 2.44616 2.64847 2.87066 3.11453 
3.11453 2.8717 2.65019 2.44831 2.26441 2.09695 1.94449 1.80572 1.67941 1.56447 1.45988 1.3647 1.27808 1.19927 1.12754 1.06225 1.00282 0.947374 0.892314 0.837759 0.78384 0.730692 0.678451 0.627252 0.577227 0.528503 0.481213 0.435488 0.391455 0.34924 0.308965 0.271088 0.235492 0.202103 0.171022 0.142402 0.116095 0.0921858 0.0707669 0.0519308 0.035767 0.022368 0.0118538 0.00452043 -0.000413753 -0.00261203 -0.00191036 0.00171753 0.00821058 0.0173317 0.0297516 0.0452367 0.0636963 0.0850515 0.109215 0.136085 0.165562 0.197773 0.232534 0.269698 0.308951 0.349927 0.392831 0.437522 0.483853 0.53167 0.580815 0.631133 0.682473 0.734678 0.787588 0.841046 0.89489 0.948962 1.0031 1.06248 1.12772 1.19942 1.27821 1.3648 1.45996 1.56454 1.67947 1.80576 1.94452 2.09697 2.26443 2.44832 2.65019 2.8717 3.11453 
3.11453 2.87283 2.65207 2.45067 2.26706 2.09974 1.94733 1.80853 1.68214 1.56707 1.46232 1.36696 1.28015 1.20112 1.12916 1.06364 1.00396 0.948248 0.892958 0.838193 0.78408 0.730749 0.678333 0.626965 0.576776 0.527891 0.480442 0.434564 0.390387 0.348039 0.30765 0.269671 0.233991 0.200546 0.169448 0.140872 0.114586 0.0906804 0.0692593 0.050425 0.0342778 0.0209241 0.0105101 0.00336415 -0.00151332 -0.00370589 -0.00301382 0.00058476 0.00700558 0.0159493 0.0282747 0.0437119 0.0621476 0.0834893 0.107637 0.134479 0.163903 0.196124 0.230937 0.268185 0.307548 0.348659 0.391709 0.436558 0.483055 0.531042 0.580362 0.630856 0.682377 0.73477 0.787878 0.841544 0.895612 0.949929 1.00435 1.06396 1.12942 1.20134 1.28033 1.36711 1.46244 1.56717 1.68222 1.80859 1.94738 2.09978 2.26708 2.45068 2.65208 2.87284 3.11453 
3.11453 2.87407 2.65412 2.45325 2.26996 2.10281 1.95045 1.81162 1.68514 1.56993 1.46501 1.36945 1.28243 1.20316 1.13096 1.06517 1.00521 0.949206 0.893662 0.838667 0.784339 0.730805 0.678195 0.626641 0.576271 0.527207 0.479583 0.433536 0.389201 0.346709 0.306193 0.268102 0.232332 0.198828 0.167714 0.139188 0.112922 0.0890194 0.0675959 0.0487644 0.0326371 0.0193363 0.0090334 0.00206549 -0.00275302 -0.00493824 -0.00425647 -0.000689601 0.0056556 0.0144273 0.026649 0.0420321 0.0604408 0.0817675 0.105899 0.13271 0.162076 0.194306 0.229174 0.266511 0.305995 0.347252 0.390464 0.435486 0.482165 0.530341 0.579852 0.630541 0.682262 0.734862 0.788187 0.842084 0.896398 0.950984 1.00571 1.06559 1.1313 1.20345 1.28266 1.36965 1.46517 1.57006 1.68524 1.8117 1.95051 2.10285 2.26998 2.45327 2.65413 2.87408 3.11453 
3.11453 2.87542 2.65637 2.45607 2.27313 2.10617 1.95387 1.81501 1.68844 1.57309 1.46798 1.3722 1.28494 1.20542 1.13294 1.06686 1.00659 0.950257 0.894432 0.839181 0.784616 0.730858 0.678035 0.626275 0.575705 0.526444 0.478626 0.432393 0.387883 0.345232 0.304578 0.266365 0.230498 0.196932 0.165804 0.13733 0.111084 0.0871848 0.0657585 0.046931 0.0308277 0.0175878 0.00740537 0.000604524 -0.00415316 -0.00632926 -0.00565849 -0.00212571 0.00414095 0.0127475 0.0248574 0.0401797 0.0585579 0.0798679 0.103982 0.130761 0.160065 0.192301 0.227226 0.264659 0.304273 0.345691 0.38908 0.434293 0.481172 0.529556 0.579279 0.630182 0.682123 0.734952 0.788517 0.842666 0.897253 0.952135 1.00721 1.06738 1.13337 1.20577 1.28523 1.37245 1.46818 1.57325 1.68857 1.81511 1.95395 2.10622 2.27317 2.45609 2.65638 2.87543 3.11453 
3.11453 2.87689 2.65881 2.45915 2.27661 2.10985 1.95763 1.81874 1.69207 1.57655 1.47124 1.37523 1.2877 1.2079 1.13512 1.06873 1.0081 0.951409 0.895272 0.839739 0.784911 0.730906 0.677847 0.625859 0.575068 0.525589 0.477558 0.43112 0.386418 0.343593 0.302787 0.264441 0.228468 0.194836 0.163696 0.135278 0.109054 0.0851559 0.0637264 0.0449042 0.0288294 0.0156586 0.00560406 -0.00104196 -0.00573742 -0.00790256 -0.00724342 -0.00374704 0.00243874 0.0108883 0.0228795 0.0381345 0.0564784 0.0777701 0.101866 0.128611 0.157847 0.190088 0.225073 0.262609 0.302363 0.343957 0.38754 0.432962 0.480063 0.528676 0.578632 0.629772 0.681956 0.735037 0.788866 0.843295 0.898181 0.953391 1.00884 1.06935 1.13564 1.20833 1.28807 1.37553 1.47148 1.57675 1.69222 1.81886 1.95772 2.10992 2.27665 2.45918 2.65882 2.87689 3.11453 
3.11453 2.87848 2.66147 2.46252 2.28041 2.11389 1.96176 1.82284 1.69605 1.58037 1.47483 1.37856 1.29075 1.21064 1.13753 1.07077 1.00976 0.95267 0.896189 0.840343 0.785225 0.730946 0.677626 0.625386 0.57435 0.52463 0.476364 0.4297 0.384786 0.341769 0.300798 0.262306 0.226219 0.192519 0.161368 0.13301 0.106806 0.0829089 0.0614758 0.0426605 0.0266189 0.0135253 0.00360342 -0.00290107 -0.00753354 -0.00968587 -0.00903892 -0.00558105 0.000522319 0.00882444 0.0206919 0.0358732 0.0541788 0.0754503 0.0995279 0.126238 0.155402 0.187643 0.222691 0.260337 0.300243 0.342028 0.385824 0.431477 0.478821 0.527686 0.5779 0.629302 0.681755 0.735114 0.789234 0.843971 0.899187 0.954759 1.01063 1.07151 1.13814 1.21115 1.29118 1.37892 1.47512 1.5806 1.69624 1.82298 1.96186 2.11397 2.28046 2.46255 2.66149 2.87848 3.11453 
3.11453 2.8802 2.66437 2.46619 2.28456 2.11831 1.96627 1.82733 1.70043 1.58456 1.47878 1.38223 1.2941 1.21365 1.14017 1.07302 1.01158 0.954051 0.897187 0.840996 0.785556 0.730974 0.677365 0.624847 0.573539 0.523552 0.475026 0.428113 0.382967 0.339739 0.298585 0.259935 0.223727 0.189955 0.158795 0.130498 0.104314 0.0804162 0.058979 0.0401724 0.0241689 0.0111596 0.00137254 -0.00500456 -0.00957405 -0.0117118 -0.0110774 -0.0076599 -0.00163949 0.00652589 0.0182666 0.0333683 0.0516319 0.0728815 0.0969395 0.123613 0.152701 0.184941 0.220053 0.257817 0.297888 0.33988 0.38391 0.429816 0.477429 0.526573 0.577071 0.628762 0.681511 0.735177 0.789619 0.844695 0.900276 0.956249 1.01258 1.07388 1.14089 1.21425 1.29461 1.38265 1.47912 1.58483 1.70065 1.8275 1.9664 2.1184 2.28462 2.46623 2.66438 2.88021 3.11453 
3.11453 2.88207 2.66751 2.47019 2.2891 2.12314 1.97122 1.83226 1.70523 1.58916 1.48312 1.38626 1.29779 1.21695 1.14307 1.07549 1.01357 0.95556 0.898273 0.841698 0.785903 0.730985 0.677055 0.624228 0.572621 0.522339 0.473525 0.426337 0.380935 0.337477 0.296123 0.257301 0.220961 0.187114 0.155946 0.127711 0.101546 0.0776459 0.056204 0.0374078 0.0214471 0.00852799 -0.00112539 -0.00738983 -0.0118973 -0.0140188 -0.0133973 -0.0100214 -0.00408337 0.00395708 0.0155707 0.030588 0.0488059 0.0700322 0.0940701 0.120707 0.149716 0.181952 0.21713 0.25502 0.295269 0.337487 0.381773 0.427957 0.475866 0.525317 0.576129 0.628139 0.681216 0.735222 0.790018 0.84547 0.901453 0.957869 1.01471 1.07647 1.1439 1.21765 1.29837 1.38675 1.48352 1.58948 1.70549 1.83246 1.97136 2.12324 2.28916 2.47023 2.66753 2.88207 3.11453 
3.11453 2.88408 2.67092 2.47454 2.29404 2.12842 1.97664 1.83766 1.7105 1.59421 1.48789 1.39069 1.30184 1.22059 1.14626 1.07819 1.01575 0.957207 0.899451 0.842451 0.786261 0.730971 0.676686 0.623517 0.571577 0.520969 0.471837 0.424347 0.378663 0.334951 0.293378 0.254369 0.217888 0.183961 0.152786 0.124613 0.0984652 0.0745608 0.0531132 0.0343287 0.018415 0.00558998 -0.00393416 -0.0101011 -0.0145485 -0.0166524 -0.0160438 -0.0127103 -0.00685257 0.00107576 0.0125646 0.0274945 0.0456638 0.0668655 0.0908834 0.117483 0.146411 0.178641 0.213888 0.251912 0.292353 0.334817 0.379382 0.425873 0.474107 0.523897 0.575056 0.627419 0.680858 0.735239 0.790427 0.846294 0.902722 0.959628 1.01702 1.0793 1.1472 1.22139 1.30251 1.39125 1.48834 1.59458 1.71079 1.83788 1.9768 2.12854 2.29412 2.47459 2.67094 2.88409 3.11453 
3.11453 2.88625 2.67461 2.47926 2.29942 2.13418 1.98255 1.84357 1.71627 1.59975 1.49312 1.39555 1.30628 1.22457 1.14975 1.08115 1.01813 0.959001 0.900726 0.843255 0.786628 0.730925 0.676246 0.622698 0.570388 0.519419 0.469936 0.422111 0.376117 0.332126 0.290313 0.2511 0.214469 0.180458 0.149273 0.121162 0.0950285 0.0711169 0.0496622 0.0308905 0.0150266 0.00229685 -0.00710593 -0.0131908 -0.0175813 -0.0196666 -0.0190707 -0.0157795 -0.00999842 -0.00216837 0.00920132 0.0240428 0.0421619 0.0633385 0.0873369 0.113899 0.142746 0.174968 0.210287 0.248454 0.289102 0.331833 0.376704 0.423531 0.472124 0.522288 0.573831 0.626583 0.680424 0.73522 0.790842 0.847166 0.904087 0.961535 1.01954 1.08239 1.15081 1.22547 1.30704 1.39618 1.49363 1.60016 1.7166 1.84382 1.98274 2.13431 2.29951 2.47931 2.67464 2.88626 3.11453 
3.11453 2.88858 2.6786 2.48438 2.30528 2.14045 1.98901 1.85003 1.72259 1.60581 1.49884 1.40088 1.31114 1.22893 1.15356 1.08438 1.02072 0.960952 0.902103 0.844109 0.786996 0.730835 0.675719 0.621749 0.56903 0.51766 0.467789 0.419595 0.373259 0.328961 0.286885 0.247452 0.210657 0.176557 0.145361 0.117309 0.091185 0.0672625 0.0457986 0.0270396 0.0112264 -0.00141018 -0.0107029 -0.0167214 -0.0210596 -0.0231258 -0.0225419 -0.0192918 -0.013582 -0.00583529 0.00542422 0.0201792 0.038248 0.0594003 0.0833808 0.109908 0.138673 0.170887 0.206282 0.244601 0.285474 0.328494 0.3737 0.420896 0.469883 0.52046 0.572428 0.625612 0.679896 0.735151 0.791253 0.848085 0.90555 0.963596 1.02227 1.08575 1.15475 1.22995 1.312 1.40158 1.49942 1.60628 1.72296 1.85031 1.98922 2.1406 2.30537 2.48444 2.67863 2.88859 3.11453 
3.11453 2.89108 2.6829 2.48992 2.31163 2.14728 1.99605 1.85708 1.72949 1.61245 1.50511 1.4067 1.31647 1.23371 1.15773 1.0879 1.02355 0.963067 0.903583 0.845009 0.787357 0.730688 0.675085 0.620647 0.567474 0.515659 0.465359 0.416757 0.370044 0.32541 0.283045 0.243371 0.2064 0.172203 0.140991 0.112993 0.0868744 0.0629363 0.0414597 0.0227116 0.00694755 -0.00560206 -0.0147994 -0.0207677 -0.0250593 -0.0271065 -0.0265337 -0.0233223 -0.0176763 -0.0099968 0.00116514 0.0158391 0.0338601 0.0549905 0.078956 0.105451 0.134136 0.166345 0.20182 0.240303 0.281417 0.324752 0.370324 0.417925 0.467347 0.51838 0.570816 0.624479 0.679255 0.735019 0.791653 0.849046 0.907114 0.965819 1.02523 1.0894 1.15904 1.23483 1.31742 1.40749 1.50576 1.61297 1.7299 1.85739 1.99628 2.14744 2.31174 2.48999 2.68293 2.89109 3.11453 
3.11453 2.89376 2.68752 2.49591 2.31851 2.15469 2.00371 1.86476 1.73702 1.61969 1.51196 1.41307 1.32229 1.23891 1.16228 1.09173 1.02661 0.965355 0.905169 0.845952 0.787701 0.730465 0.674322 0.619363 0.565685 0.513378 0.462601 0.413548 0.36642 0.321415 0.278733 0.238797 0.201635 0.167331 0.136097 0.108145 0.082025 0.0580648 0.0365702 0.0178288 0.0021086 -0.0103646 -0.0194846 -0.0254191 -0.0296717 -0.0317008 -0.0311375 -0.0279608 -0.022369 -0.014739 -0.00365819 0.0109445 0.0289235 0.0500367 0.0739921 0.100459 0.129069 0.161276 0.196839 0.235497 0.276873 0.32055 0.366521 0.414568 0.464469 0.516006 0.568961 0.623155 0.678475 0.734804 0.792026 0.850042 0.908777 0.968211 1.02843 1.09336 1.16371 1.24015 1.32333 1.41394 1.51268 1.62027 1.73748 1.86511 2.00396 2.15487 2.31863 2.49598 2.68756 2.89377 3.11453 
3.11453 2.89662 2.69248 2.50236 2.32595 2.16273 2.01203 1.87312 1.74523 1.62759 1.51943 1.42002 1.32863 1.24459 1.16722 1.09588 1.02992 0.96782 0.906859 0.846928 0.788011 0.730146 0.673401 0.617863 0.563622 0.510767 0.459463 0.409912 0.362324 0.31691 0.273881 0.233657 0.196288 0.161864 0.130597 0.102682 0.0765509 0.0525596 0.0310391 0.0122968 -0.00338928 -0.0158016 -0.0248655 -0.0307837 -0.035006 -0.0370188 -0.036463 -0.0333152 -0.0277654 -0.0201654 -0.00914531 0.00540076 0.0233478 0.0444519 0.0684049 0.0948517 0.123394 0.155606 0.191265 0.230114 0.271773 0.315822 0.362231 0.410766 0.461197 0.51329 0.56682 0.621601 0.677527 0.734482 0.792358 0.851063 0.910537 0.970773 1.03187 1.09764 1.16877 1.24593 1.32977 1.42097 1.52022 1.62822 1.74573 1.8735 2.01231 2.16293 2.32608 2.50244 2.69252 2.89663 3.11453 
3.11453 2.89966 2.69779 2.50929 2.33398 2.17142 2.02105 1.8822 1.75416 1.63619 1.52757 1.42759 1.33554 1.25076 1.17258 1.10038 1.0335 0.970465 0.908649 0.847927 0.788269 0.729703 0.672288 0.616103 0.561236 0.507773 0.455883 0.405779 0.357684 0.311819 0.268405 0.227867 0.190268 0.155709 0.124395 0.096504 0.0703485 0.046314 0.0247561 0.00600079 -0.00966654 -0.022039 -0.0310711 -0.0369917 -0.0411944 -0.0431934 -0.0426424 -0.0395157 -0.033993 -0.026401 -0.0154169 -0.000907122 0.0170233 0.0381309 0.0620929 0.0885303 0.117015 0.149243 0.185011 0.224069 0.266037 0.310491 0.357379 0.406452 0.457466 0.510174 0.564341 0.619776 0.676373 0.734023 0.792625 0.852096 0.912387 0.973508 1.03557 1.10226 1.17425 1.25221 1.33678 1.42862 1.52842 1.63688 1.7547 1.88261 2.02136 2.17164 2.33412 2.50937 2.69783 2.89967 3.11453 
3.11453 2.90288 2.70346 2.51672 2.34261 2.18081 2.03081 1.89204 1.76384 1.64553 1.53641 1.43581 1.34304 1.25744 1.17839 1.10523 1.03734 0.97329 0.910529 0.84893 0.788448 0.729101 0.670938 0.614033 0.558468 0.504327 0.451786 0.40107 0.352412 0.306048 0.262209 0.221324 0.183468 0.148753 0.117374 0.0894887 0.0632924 0.0391983 0.0175864 -0.00119995 -0.0168702 -0.0292293 -0.0382575 -0.0442008 -0.0483963 -0.0503851 -0.0498355 -0.0467199 -0.0412063 -0.0335974 -0.0226196 -0.00811949 0.00981604 0.0309455 0.0549328 0.0813762 0.10982 0.142079 0.177973 0.217261 0.259567 0.304465 0.351878 0.401544 0.453201 0.50659 0.561464 0.617625 0.674969 0.733392 0.792801 0.853121 0.914316 0.976411 1.03953 1.10723 1.18017 1.259 1.34437 1.43692 1.53733 1.64627 1.76443 1.89249 2.03114 2.18104 2.34276 2.51681 2.7035 2.9029 3.11453 
3.11453 2.90629 2.70948 2.52466 2.35187 2.1909 2.04135 1.90268 1.77433 1.65565 1.546 1.44472 1.35116 1.26468 1.18465 1.11045 1.04146 0.976289 0.912487 0.849914 0.788516 0.728297 0.6693 0.61159 0.555246 0.50035 0.447084 0.395686 0.346404 0.299485 0.255175 0.213903 0.17576 0.140861 0.109392 0.0814893 0.0552298 0.0310538 0.00936493 -0.00947764 -0.0251799 -0.0375586 -0.0466144 -0.052603 -0.0568055 -0.0587887 -0.0582362 -0.0551191 -0.0495932 -0.0419387 -0.0309323 -0.016408 0.00156218 0.0227389 0.0467744 0.0732452 0.101668 0.13398 0.170024 0.209571 0.25225 0.297634 0.345626 0.395945 0.448314 0.502458 0.558117 0.615084 0.67326 0.732544 0.792849 0.854112 0.916309 0.979477 1.04374 1.11255 1.18654 1.26633 1.35258 1.44591 1.54698 1.65644 1.77495 1.90316 2.0417 2.19115 2.35204 2.52475 2.70953 2.90631 3.11453 
3.11453 2.90988 2.71587 2.53311 2.36178 2.20174 2.05268 1.91415 1.78565 1.66659 1.55636 1.45435 1.35993 1.27248 1.19138 1.11604 1.04584 0.979451 0.914501 0.850849 0.78843 0.727239 0.667309 0.608699 0.551485 0.495744 0.44167 0.389513 0.339535 0.291998 0.247162 0.205456 0.166986 0.131867 0.100275 0.0723257 0.0459736 0.0216859 -0.000111207 -0.0190439 -0.0348157 -0.0472536 -0.0563729 -0.0624321 -0.0666582 -0.0686413 -0.0680808 -0.0649466 -0.0593828 -0.0516494 -0.0405735 -0.0259829 -0.00793965 0.0133187 0.0374335 0.0639608 0.0923918 0.124786 0.16101 0.200851 0.243946 0.289868 0.338498 0.389539 0.442697 0.497679 0.554211 0.612078 0.671181 0.731423 0.792726 0.855036 0.918341 0.98269 1.04822 1.11824 1.19337 1.27422 1.36143 1.45562 1.55741 1.66743 1.78632 1.91466 2.05305 2.202 2.36195 2.53322 2.71592 2.9099 3.11453 
3.11453 2.91365 2.72261 2.54209 2.37234 2.21333 2.06483 1.92649 1.79784 1.67838 1.56753 1.46473 1.36937 1.28086 1.1986 1.122 1.05048 0.982757 0.916541 0.851692 0.788137 0.72586 0.664886 0.605269 0.547079 0.490394 0.435416 0.382409 0.331652 0.283424 0.237996 0.1958 0.156952 0.121569 0.0898123 0.0617771 0.0352937 0.0108547 -0.0110922 -0.0301595 -0.046048 -0.0585921 -0.0678156 -0.0739747 -0.0782433 -0.0802328 -0.0796579 -0.076488 -0.0708563 -0.0630051 -0.0518113 -0.0371032 -0.0189376 0.00244765 0.0266833 0.0533061 0.0817825 0.114298 0.150745 0.190925 0.234488 0.281007 0.330345 0.382188 0.436222 0.492138 0.549642 0.608512 0.668649 0.729961 0.792376 0.85585 0.920381 0.986028 1.05293 1.12428 1.20066 1.28268 1.37094 1.46606 1.56864 1.67927 1.79854 1.92702 2.06523 2.21361 2.37252 2.5422 2.72266 2.91367 3.11453 
3.11453 2.91759 2.7297 2.55158 2.38356 2.22569 2.07783 1.9397 1.81092 1.69104 1.57954 1.47588 1.3795 1.28983 1.2063 1.12833 1.05537 0.986177 0.918566 0.85239 0.787569 0.724078 0.661935 0.601186 0.541901 0.484157 0.428164 0.374203 0.322573 0.273565 0.227467 0.184711 0.145422 0.109716 0.0777415 0.0495709 0.0229058 -0.0017365 -0.0238875 -0.0431462 -0.0592097 -0.0719156 -0.0812905 -0.087583 -0.0919159 -0.0939193 -0.0933223 -0.0900945 -0.0843593 -0.0763442 -0.0649756 -0.0500881 -0.0317384 -0.0101679 0.0142432 0.0410127 0.069584 0.102272 0.138996 0.179574 0.223669 0.27086 0.320988 0.373724 0.428736 0.485692 0.544283 0.604274 0.665567 0.728074 0.791729 0.856495 0.922384 0.989461 1.05787 1.13067 1.20842 1.29172 1.38114 1.47727 1.58069 1.69197 1.81166 1.94026 2.07824 2.22597 2.38375 2.55169 2.72976 2.91761 3.11453 
3.11453 2.92169 2.73713 2.56158 2.39542 2.2388 2.09166 1.9538 1.82491 1.70459 1.59239 1.48781 1.39032 1.29939 1.21447 1.13501 1.06047 0.98967 0.920521 0.852873 0.78664 0.721791 0.658336 0.596316 0.535799 0.476861 0.419725 0.36469 0.312072 0.26218 0.215316 0.171913 0.132103 0.096001 0.0637386 0.0353689 0.00845678 -0.0164562 -0.0388809 -0.0584027 -0.0747122 -0.0876458 -0.0972267 -0.103692 -0.108114 -0.11014 -0.109512 -0.1062 -0.100319 -0.0920854 -0.0804746 -0.0653327 -0.0467226 -0.0248925 -0.000235384 0.0267478 0.0554778 0.0884065 0.125477 0.166529 0.211237 0.259188 0.310206 0.363944 0.420049 0.478171 0.53798 0.599227 0.661815 0.725658 0.790696 0.856902 0.924293 0.992944 1.063 1.13738 1.21664 1.30133 1.39201 1.48924 1.59358 1.70556 1.82567 1.95438 2.09209 2.2391 2.39562 2.56169 2.73719 2.92171 3.11453 
3.11453 2.92595 2.74488 2.57205 2.40792 2.25267 2.10634 1.9688 1.83981 1.71904 1.60609 1.50052 1.40183 1.30953 1.22309 1.142 1.06573 0.993178 0.922333 0.853051 0.785243 0.718872 0.653941 0.59049 0.528582 0.468296 0.409867 0.353614 0.299872 0.24897 0.201223 0.157064 0.116632 0.0800384 0.0474004 0.01875 -0.00849312 -0.0337633 -0.0565506 -0.0764247 -0.0930666 -0.106306 -0.116157 -0.122842 -0.127383 -0.129442 -0.128771 -0.125342 -0.119265 -0.110749 -0.0988153 -0.0833288 -0.0643641 -0.0421809 -0.0171874 0.0100957 0.0390668 0.0723233 0.109833 0.151454 0.196879 0.245702 0.297729 0.352597 0.409935 0.469368 0.530544 0.593203 0.657245 0.722586 0.78917 0.856978 0.926034 0.996418 1.06827 1.14439 1.22529 1.3115 1.40355 1.50198 1.60731 1.72003 1.84059 1.96939 2.10678 2.25298 2.40812 2.57217 2.74494 2.92597 3.11453 
3.11453 2.93034 2.75292 2.58299 2.42101 2.26727 2.12184 1.98467 1.85561 1.73438 1.62064 1.514 1.41402 1.32023 1.23214 1.14926 1.07111 0.996626 0.923908 0.852811 0.783244 0.715164 0.648572 0.583503 0.52002 0.458204 0.398305 0.340662 0.285633 0.233566 0.184789 0.139737 0.0985538 0.0613485 0.0282222 -0.000812894 -0.0284948 -0.0542328 -0.0774945 -0.0978316 -0.114911 -0.12855 -0.138748 -0.145708 -0.150403 -0.152505 -0.151778 -0.148195 -0.141862 -0.132984 -0.120631 -0.104691 -0.0852557 -0.0626024 -0.037158 -0.00946443 0.0198534 0.0535502 0.0916172 0.133933 0.180206 0.230038 0.283222 0.339378 0.398112 0.459027 0.521749 0.586 0.651678 0.7187 0.787015 0.856608 0.927511 0.999805 1.07364 1.15165 1.23434 1.3222 1.41575 1.51548 1.62188 1.73538 1.8564 1.98528 2.12228 2.26758 2.42122 2.58311 2.75298 2.93037 3.11453 
3.11453 2.93486 2.76123 2.59434 2.43468 2.28255 2.13812 2.0014 1.87229 1.75059 1.63602 1.52824 1.42685 1.33144 1.24156 1.15673 1.07652 0.999914 0.925126 0.85201 0.780475 0.710474 0.642005 0.575102 0.509828 0.446267 0.384686 0.325447 0.26893 0.215505 0.165516 0.119397 0.0772993 0.0393277 0.00556914 -0.0239834 -0.0522414 -0.0785876 -0.102465 -0.123402 -0.141048 -0.1552 -0.165837 -0.173138 -0.178029 -0.180188 -0.179388 -0.175604 -0.168944 -0.159608 -0.146719 -0.130192 -0.110144 -0.0868742 -0.0608339 -0.0325892 -0.00278983 0.0314916 0.0702688 0.113439 0.160728 0.211746 0.26627 0.323905 0.384235 0.446837 0.511312 0.577365 0.644892 0.713808 0.784064 0.85565 0.928602 1.003 1.079 1.15909 1.24373 1.33341 1.42858 1.52971 1.63725 1.75158 1.87307 2.002 2.13856 2.28286 2.43488 2.59446 2.76129 2.93488 3.11453 
3.11453 2.93948 2.76978 2.60607 2.44886 2.29849 2.15515 2.01893 1.8898 1.76762 1.65217 1.54318 1.44028 1.34312 1.25127 1.16433 1.08185 1.00292 0.925836 0.850471 0.776728 0.704562 0.633967 0.564976 0.497656 0.432094 0.368574 0.307485 0.249234 0.194211 0.142778 0.0953712 0.0521482 0.0132125 -0.0213627 -0.051602 -0.0806112 -0.107744 -0.132414 -0.154122 -0.172492 -0.187296 -0.198485 -0.20621 -0.211347 -0.213579 -0.212685 -0.208646 -0.201568 -0.191657 -0.178089 -0.160811 -0.139973 -0.115905 -0.0890859 -0.060111 -0.0296584 0.00539312 0.0450776 0.0893094 0.13783 0.190258 0.246353 0.305704 0.367873 0.432409 0.498886 0.566991 0.636614 0.707669 0.780109 0.853925 0.929156 1.00589 1.08426 1.16662 1.2534 1.34504 1.44198 1.54463 1.65338 1.7686 1.89058 2.01953 2.15559 2.29879 2.44906 2.60619 2.76984 2.9395 3.11453 
3.11453 2.94419 2.77852 2.61813 2.46351 2.315 2.17286 2.03722 1.9081 1.78543 1.66906 1.55876 1.45425 1.35518 1.2612 1.17193 1.08698 1.00547 0.925849 0.847971 0.771747 0.69713 0.624117 0.552739 0.483068 0.415194 0.349424 0.286173 0.225877 0.168953 0.115782 0.0668031 0.0221845 -0.0179702 -0.0535986 -0.0847411 -0.114726 -0.142872 -0.168558 -0.191253 -0.210545 -0.226172 -0.238054 -0.246305 -0.251751 -0.254074 -0.253061 -0.248696 -0.241092 -0.23046 -0.216034 -0.197802 -0.175954 -0.150857 -0.123027 -0.0930938 -0.0617683 -0.0257084 0.0151377 0.0606989 0.110729 0.164854 0.222815 0.284182 0.348491 0.415264 0.484044 0.554497 0.626508 0.69999 0.774893 0.851211 0.928984 1.0083 1.08929 1.17414 1.26326 1.35704 1.45588 1.56017 1.67023 1.78638 1.90885 2.03779 2.17328 2.3153 2.4637 2.61825 2.77858 2.94421 3.11453 
3.11453 2.94896 2.78743 2.63047 2.47855 2.33203 2.19118 2.05618 1.92711 1.80395 1.68661 1.57492 1.46865 1.36753 1.27123 1.17941 1.09173 1.00739 0.924931 0.844236 0.765212 0.687813 0.612035 0.537913 0.465521 0.394958 0.32655 0.260747 0.198016 0.138804 0.0835156 0.0325974 -0.0137675 -0.0554714 -0.0924591 -0.124784 -0.156032 -0.185482 -0.212471 -0.236424 -0.256886 -0.273555 -0.286304 -0.295213 -0.301045 -0.303483 -0.302319 -0.297542 -0.289272 -0.277736 -0.262228 -0.242786 -0.219649 -0.193231 -0.164094 -0.13291 -0.10043 -0.0630534 -0.0207153 0.0265238 0.078426 0.13462 0.194823 0.258585 0.325414 0.394798 0.466249 0.539409 0.614159 0.690405 0.7681 0.847236 0.927852 1.01003 1.09391 1.1815 1.27318 1.36929 1.47021 1.57626 1.68773 1.80486 1.92783 2.05673 2.19158 2.33231 2.47873 2.63058 2.78748 2.94898 3.11453 
3.11453 2.95378 2.79645 2.64302 2.49392 2.34949 2.21004 2.07575 1.94676 1.8231 1.70474 1.59157 1.48341 1.38005 1.28121 1.1866 1.09591 1.00841 0.922794 0.838928 0.756729 0.676153 0.597198 0.5199 0.444338 0.370617 0.299089 0.230238 0.164572 0.102572 0.0446733 -0.00866362 -0.057234 -0.100919 -0.139666 -0.173535 -0.206421 -0.237553 -0.266213 -0.291774 -0.313726 -0.331712 -0.345557 -0.355288 -0.361607 -0.364191 -0.362835 -0.357535 -0.348424 -0.335746 -0.31887 -0.297891 -0.273107 -0.244994 -0.214167 -0.181354 -0.147352 -0.108257 -0.0639947 -0.0146206 0.0396286 0.0983765 0.161312 0.227958 0.297788 0.370252 0.444829 0.521136 0.599046 0.678464 0.759338 0.841661 0.925472 1.01085 1.09793 1.18855 1.28302 1.38169 1.48486 1.59281 1.70578 1.82394 1.94742 2.07626 2.21041 2.34975 2.49409 2.64312 2.7965 2.9538 3.11453 
3.11453 2.95862 2.80555 2.65573 2.50954 2.36732 2.22934 2.09584 1.96696 1.84279 1.72336 1.6086 1.49841 1.39261 1.29099 1.1933 1.09927 1.00826 0.919087 0.831632 0.745812 0.661586 0.578952 0.497949 0.418661 0.341195 0.265934 0.193403 0.124153 0.0587114 -0.00244805 -0.0588392 -0.110225 -0.156466 -0.197502 -0.233395 -0.268413 -0.301722 -0.332538 -0.360163 -0.384019 -0.403683 -0.418916 -0.429687 -0.436622 -0.43939 -0.437789 -0.431824 -0.421644 -0.40752 -0.388903 -0.365963 -0.339069 -0.308769 -0.27575 -0.240808 -0.204803 -0.163458 -0.116696 -0.0645788 -0.00735219 0.0545921 0.120904 0.191068 0.264518 0.340661 0.418936 0.498933 0.580521 0.663602 0.748122 0.834074 0.921496 1.01047 1.10111 1.19507 1.29264 1.39411 1.49973 1.60973 1.7243 1.84356 1.96756 2.0963 2.22968 2.36755 2.5097 2.65583 2.8056 2.95864 3.11453 
3.11453 2.96347 2.8147 2.66855 2.52536 2.38543 2.24903 2.11637 1.98764 1.86297 1.7424 1.62595 1.51354 1.40508 1.3004 1.19929 1.10154 1.00658 0.913385 0.821835 0.731854 0.6434 0.556471 0.471107 0.387392 0.305438 0.225657 0.148621 0.0749346 0.00518091 -0.0601105 -0.120413 -0.175441 -0.225016 -0.269059 -0.307623 -0.345441 -0.381595 -0.415213 -0.445508 -0.471816 -0.49363 -0.510635 -0.52273 -0.530448 -0.53345 -0.531536 -0.524722 -0.513178 -0.497206 -0.476363 -0.450901 -0.421281 -0.38814 -0.352257 -0.314515 -0.275855 -0.231539 -0.181499 -0.125816 -0.0647603 0.00124317 0.0717885 0.14631 0.224188 0.30478 0.387481 0.471852 0.557762 0.645111 0.733847 0.823964 0.915498 1.00853 1.10317 1.20086 1.30186 1.4064 1.51471 1.62694 1.74323 1.86364 1.98817 2.11677 2.24932 2.38564 2.5255 2.66864 2.81474 2.96349 3.11453 
3.11453 2.96832 2.82387 2.68145 2.54134 2.40379 2.26904 2.13731 2.00877 1.88358 1.76182 1.64354 1.52874 1.41735 1.30926 1.20434 1.1024 1.00297 0.905174 0.808907 0.714093 0.62069 0.528694 0.43814 0.349107 0.261706 0.176376 0.0937428 0.0144773 -0.0607668 -0.131384 -0.196783 -0.256602 -0.3106 -0.358655 -0.400794 -0.44234 -0.48226 -0.519565 -0.553349 -0.582839 -0.607429 -0.626709 -0.640499 -0.649217 -0.652515 -0.6502 -0.642299 -0.629006 -0.610661 -0.586948 -0.55822 -0.525042 -0.488167 -0.448491 -0.407015 -0.364794 -0.316502 -0.262096 -0.201702 -0.135641 -0.0643957 0.0115472 0.0915509 0.174929 0.260978 0.349044 0.438664 0.52971 0.622088 0.715752 0.810697 0.906963 1.00462 1.10379 1.20568 1.31051 1.41847 1.52972 1.64438 1.76252 1.88414 2.00921 2.13764 2.26929 2.40396 2.54145 2.68152 2.8239 2.96833 3.11453 
3.11453 2.97315 2.83304 2.69441 2.55745 2.42238 2.28938 2.15866 2.03037 1.90466 1.78165 1.66141 1.54398 1.42935 1.31747 1.20823 1.10152 0.996952 0.893828 0.79205 0.691547 0.592273 0.494217 0.397402 0.301893 0.207785 0.115542 0.0258434 -0.060562 -0.142929 -0.22055 -0.292737 -0.359009 -0.419019 -0.472559 -0.5196 -0.566228 -0.611241 -0.653478 -0.691875 -0.725522 -0.7537 -0.7759 -0.791852 -0.801838 -0.805509 -0.802682 -0.793398 -0.777871 -0.756477 -0.729054 -0.696063 -0.658189 -0.616323 -0.57152 -0.524953 -0.477842 -0.424099 -0.363743 -0.296984 -0.224239 -0.146089 -0.063136 0.0238871 0.114209 0.207055 0.301722 0.397728 0.494962 0.593347 0.69285 0.793474 0.895261 0.998282 1.10264 1.20931 1.31846 1.43024 1.54476 1.66207 1.78219 1.9051 2.03071 2.15891 2.28957 2.42251 2.55754 2.69446 2.83307 2.97316 3.11453 
3.11453 2.97798 2.84224 2.70745 2.57373 2.44124 2.31012 2.18051 2.05254 1.92635 1.80204 1.6797 1.5594 1.44116 1.32498 1.21081 1.09857 0.987992 0.878573 0.770228 0.662892 0.556518 0.451082 0.346585 0.24306 0.140563 0.0395629 -0.0592055 -0.154911 -0.246705 -0.333755 -0.41524 -0.490502 -0.559008 -0.62038 -0.674448 -0.728303 -0.780437 -0.829413 -0.873957 -0.913015 -0.945768 -0.971636 -0.990276 -1.00182 -1.00594 -1.00247 -0.991476 -0.973167 -0.947929 -0.915768 -0.877229 -0.833101 -0.784421 -0.732453 -0.678641 -0.624512 -0.562974 -0.494192 -0.418551 -0.336635 -0.249181 -0.156944 -0.0607743 0.0384609 0.139914 0.242834 0.346738 0.451558 0.557252 0.663809 0.771246 0.879606 0.988954 1.09938 1.21158 1.32569 1.44179 1.55995 1.68016 1.80241 1.92665 2.05277 2.18068 2.31025 2.44133 2.57379 2.70748 2.84226 2.97798 3.11453 
3.11453 2.98282 2.8515 2.72063 2.59028 2.46052 2.33143 2.20309 2.07558 1.94898 1.82337 1.69882 1.57538 1.45309 1.33199 1.21206 1.09327 0.975475 0.858401 0.741989 0.626195 0.510977 0.396304 0.282148 0.168493 0.0553189 -0.0569208 -0.167457 -0.275404 -0.379852 -0.47988 -0.574548 -0.66298 -0.744354 -0.817946 -0.883217 -0.948316 -1.01093 -1.0692 -1.12174 -1.16748 -1.20567 -1.23578 -1.25746 -1.27072 -1.27531 -1.27111 -1.25818 -1.23669 -1.20696 -1.16913 -1.12372 -1.07145 -1.01336 -0.950857 -0.885776 -0.820447 -0.746735 -0.66518 -0.576511 -0.481586 -0.381324 -0.276625 -0.168419 -0.0576222 0.0548731 0.16829 0.282166 0.396516 0.511349 0.626682 0.742543 0.85897 0.976008 1.09371 1.21248 1.33237 1.45343 1.57567 1.69906 1.82357 1.94914 2.0757 2.20318 2.33149 2.46057 2.59031 2.72065 2.85151 2.98282 3.11453 
3.11453 2.98771 2.8609 2.73408 2.60727 2.48045 2.35364 2.22683 2.10001 1.9732 1.84638 1.71957 1.59275 1.46594 1.33912 1.21231 1.0855 0.958681 0.831866 0.705052 0.578237 0.451423 0.324608 0.197794 0.070979 -0.0558664 -0.182317 -0.307691 -0.431248 -0.552261 -0.670014 -0.783811 -0.892983 -0.996884 -1.0949 -1.18645 -1.271 -1.34805 -1.41714 -1.47787 -1.52988 -1.57285 -1.60654 -1.63075 -1.64533 -1.6502 -1.64533 -1.63075 -1.60654 -1.57285 -1.52988 -1.47787 -1.41714 -1.34805 -1.271 -1.18645 -1.0949 -0.996884 -0.892983 -0.783811 -0.670014 -0.552261 -0.431248 -0.307691 -0.182317 -0.0558664 0.070979 0.197794 0.324608 0.451423 0.578237 0.705052 0.831866 0.958681 1.0855 1.21231 1.33912 1.46594 1.59275 1.71957 1.84638 1.9732 2.10001 2.22683 2.35364 2.48045 2.60727 2.73408 2.8609 2.98771 3.11453 

y_vals
0 0 0 0 0 0 0 0 0 0 0 0 0 0 0 0 5.99523e-17 -0.00967889 -0.0187472 -0.0272535 -0.0352263 -0.0426739 -0.049585 -0.0559309 -0.0616678 -0.0667408 -0.0710877 -0.0746434 -0.0773443 -0.079132 -0.0799574 -0.0799046 -0.0792803 -0.0780185 -0.0760429 -0.0732942 -0.0697301 -0.0653242 -0.0600638 -0.053948 -0.0469845 -0.0391872 -0.0305733 -0.0211604 -0.0109649 0 0.0113551 0.0227084 0.0340091 0.0451788 0.056114 0.0666892 0.0767614 0.0861742 0.0947627 0.102359 0.108796 0.113915 0.117563 0.119604 0.119945 0.118906 0.11661 0.11307 0.108311 0.102362 0.0952627 0.0870486 0.0777539 0.067406 0.0560219 0.0436062 0.0301494 0.0156269 -5.08892e-17 0 0 0 0 0 0 0 0 0 0 0 0 0 0 0 0 
-0.005 -0.00499603 -0.00499175 -0.00498671 -0.00498064 -0.00497345 -0.00496521 -0.0049562 -0.00494696 -0.00493841 -0.00493195 -0.00492982 -0.00493572 -0.00495646 -0.0050069 -0.00513129 -0.00556857 -0.0145905 -0.0234085 -0.0317464 -0.0395796 -0.0468985 -0.0536835 -0.0599013 -0.0655059 -0.070441 -0.0746433 -0.0780474 -0.0805897 -0.0822133 -0.0828758 -0.0826666 -0.0818626 -0.0804047 -0.0782219 -0.0752628 -0.0714805 -0.0668481 -0.0613526 -0.0549927 -0.0477772 -0.0397234 -0.0308663 -0.0214333 -0.0111178 -2.77726e-06 0.011511 0.0230185 0.0344465 0.0456486 0.0567807 0.0675688 0.0778522 0.0874698 0.0962562 0.104044 0.110671 0.115991 0.119845 0.122096 0.122654 0.121811 0.119694 0.116324 0.111724 0.10593 0.0989799 0.0909129 0.0817663 0.071572 0.0603553 0.0481357 0.0349366 0.0208316 0.00632421 0.00547841 0.00522687 0.00511085 0.00504894 0.00501458 0.00499594 0.00498675 0.0049833 0.00498323 0.00498502 0.00498765 0.00499052 0.00499326 0.00499572 0.00499791 0.005 
-0.0105 -0.0104917 -0.0104828 -0.0104722 -0.0104595 -0.0104445 -0.0104272 -0.0104083 -0.010389 -0.010371 -0.0103573 -0.0103525 -0.0103644 -0.0104069 -0.0105105 -0.0107631 -0.0115973 -0.0199921 -0.0285372 -0.0366897 -0.044369 -0.0515457 -0.0581915 -0.0642682 -0.069727 -0.0745099 -0.0785529 -0.0817898 -0.0841573 -0.0856001 -0.0860829 -0.0856988 -0.0846956 -0.0830213 -0.0806106 -0.0774206 -0.0733988 -0.0685175 -0.0627634 -0.0561356 -0.0486439 -0.0403115 -0.0312018 -0.021731 -0.0112833 -4.37084e-06 0.0116827 0.0233585 0.0349262 0.046177 0.0575174 0.0685374 0.0790522 0.088895 0.0978987 0.105897 0.112731 0.118273 0.122354 0.124835 0.12563 0.125003 0.123085 0.1199 0.115478 0.109854 0.103069 0.0951641 0.0861806 0.0761557 0.0651231 0.0531188 0.0402012 0.0265422 0.0130771 0.0114788 0.0109677 0.0107286 0.0106005 0.0105294 0.0104909 0.0104719 0.0104649 0.0104648 0.0104686 0.0104742 0.0104802 0.0104859 0.0104911 0.0104956 0.0105 
-0.01655 -0.016537 -0.0165229 -0.0165064 -0.0164865 -0.0164629 -0.0164358 -0.0164061 -0.0163756 -0.0163471 -0.0163253 -0.0163173 -0.0163351 -0.0164002 -0.0165592 -0.0169421 -0.0181295 -0.0259299 -0.0341798 -0.0421285 -0.049638 -0.0566581 -0.0631503 -0.0690713 -0.0743692 -0.0789843 -0.0828515 -0.0859041 -0.088079 -0.0893226 -0.0896067 -0.089027 -0.0878033 -0.08589 -0.0832286 -0.0797857 -0.0755009 -0.070346 -0.0643078 -0.0573857 -0.0495919 -0.0409578 -0.0315852 -0.0220559 -0.0114623 -4.43202e-06 0.0118719 0.0237313 0.0354524 0.046771 0.0583325 0.0696044 0.0803727 0.0904626 0.0997052 0.107935 0.114996 0.12078 0.12511 0.127844 0.1289 0.128511 0.126811 0.123833 0.119607 0.11417 0.107567 0.0998409 0.0910374 0.0811988 0.0703689 0.0586007 0.0459894 0.0328036 0.0203035 0.0180469 0.0172714 0.0169028 0.0167044 0.0165942 0.0165345 0.0165052 0.0164945 0.0164946 0.0165007 0.0165094 0.0165189 0.0165279 0.016536 0.0165432 0.01655 
-0.023205 -0.0231869 -0.0231673 -0.0231442 -0.0231164 -0.0230835 -0.0230457 -0.0230042 -0.0229614 -0.0229214 -0.0228904 -0.0228784 -0.0229018 -0.0229901 -0.023206 -0.0237191 -0.0252136 -0.0324538 -0.0403869 -0.0481123 -0.0554349 -0.0622821 -0.068605 -0.0743542 -0.0794747 -0.0839048 -0.0875781 -0.0904273 -0.0923897 -0.0934139 -0.0934783 -0.0926797 -0.0912116 -0.0890347 -0.0860975 -0.0823774 -0.0778039 -0.0723486 -0.0659982 -0.0587532 -0.0506292 -0.0416691 -0.0320219 -0.0224109 -0.0116558 -2.55313e-06 0.0120803 0.0241402 0.0360302 0.0474382 0.0592349 0.0707804 0.0818262 0.0921874 0.101692 0.110176 0.117485 0.123535 0.128138 0.131151 0.132491 0.132365 0.130908 0.128157 0.124147 0.118918 0.112515 0.104986 0.096381 0.0867478 0.0761406 0.064631 0.052352 0.0396646 0.0280532 0.0252319 0.0241912 0.0236876 0.0234152 0.0232635 0.0231815 0.0231415 0.0231269 0.0231274 0.023136 0.0231483 0.0231616 0.0231741 0.0231854 0.0231955 0.023205 
-0.0305255 -0.0305018 -0.0304761 -0.030446 -0.0304097 -0.0303666 -0.0303171 -0.0302627 -0.0302064 -0.0301536 -0.0301123 -0.0300954 -0.0301239 -0.0302355 -0.0305091 -0.0311495 -0.0329034 -0.0396181 -0.0472143 -0.0546956 -0.0618126 -0.0684693 -0.0746053 -0.0801651 -0.0850898 -0.0893159 -0.0927753 -0.0954001 -0.0971281 -0.0979103 -0.0977313 -0.0966882 -0.0949492 -0.0924812 -0.0892409 -0.0852171 -0.0803268 -0.0745415 -0.0678483 -0.0602492 -0.0517648 -0.0424536 -0.0325185 -0.0227992 -0.0118651 1.73539e-06 0.01231 0.0245887 0.0366652 0.0481875 0.0602353 0.0720774 0.0834266 0.0940854 0.103878 0.11264 0.120221 0.126563 0.131466 0.134785 0.136436 0.1366 0.13541 0.132912 0.129141 0.12414 0.117958 0.110647 0.10226 0.0928533 0.0824908 0.071264 0.0593443 0.0471775 0.0363813 0.0330873 0.0317851 0.0311423 0.0307925 0.0305974 0.030492 0.0304408 0.0304225 0.0304235 0.030435 0.0304513 0.0304686 0.0304851 0.0304999 0.030513 0.0305255 
-0.0385781 -0.0385482 -0.0385161 -0.0384782 -0.0384326 -0.0383785 -0.0383162 -0.0382477 -0.0381767 -0.0381097 -0.0380568 -0.0380337 -0.0380664 -0.0382011 -0.0385317 -0.0392937 -0.0412586 -0.0474819 -0.0547228 -0.0619384 -0.0688294 -0.0752762 -0.0812061 -0.086557 -0.0912658 -0.0952667 -0.09849 -0.100867 -0.102337 -0.102852 -0.102403 -0.101087 -0.0990473 -0.0962581 -0.0926847 -0.0883284 -0.0830906 -0.0769429 -0.0698733 -0.0618863 -0.0530091 -0.0433204 -0.0330818 -0.0232247 -0.0120915 8.96531e-06 0.0125633 0.0250813 0.0373641 0.0490285 0.0613454 0.0735089 0.0851896 0.0961748 0.106284 0.115351 0.123229 0.12989 0.135123 0.138777 0.140769 0.141253 0.140359 0.138139 0.134632 0.129884 0.123947 0.116876 0.10873 0.0995715 0.0894775 0.0785592 0.0670263 0.0553994 0.0453488 0.0416712 0.0401161 0.0393319 0.038902 0.0386618 0.0385321 0.0384694 0.0384474 0.0384493 0.0384641 0.0384847 0.0385066 0.0385273 0.0385459 0.0385624 0.0385781 
-0.0474359 -0.0473995 -0.0473602 -0.0473139 -0.0472583 -0.0471922 -0.0471161 -0.0470322 -0.046945 -0.0468622 -0.046796 -0.0467654 -0.0468011 -0.0469577 -0.0473436 -0.0482181 -0.0503455 -0.05611 -0.062979 -0.0699063 -0.0765495 -0.0827651 -0.0884679 -0.0935883 -0.0980589 -0.101811 -0.104774 -0.106878 -0.108062 -0.108282 -0.107534 -0.105913 -0.10354 -0.100397 -0.0964574 -0.0917372 -0.0861182 -0.0795728 -0.0720903 -0.0636787 -0.0543741 -0.04428 -0.0337196 -0.0236918 -0.0123367 1.97273e-05 0.0128429 0.0256225 0.0381341 0.0499721 0.0625788 0.0750903 0.0871328 0.0984757 0.108931 0.118334 0.126536 0.133547 0.139141 0.143165 0.14553 0.146365 0.1458 0.143888 0.140673 0.136204 0.130536 0.12373 0.115849 0.106964 0.0971644 0.086582 0.0754638 0.0643921 0.0550235 0.0510471 0.0492529 0.0483273 0.0478156 0.0475289 0.0473744 0.0473001 0.0472746 0.0472778 0.0472963 0.0473217 0.0473485 0.0473739 0.0473965 0.0474167 0.0474359 
-0.0571794 -0.0571359 -0.0570889 -0.0570336 -0.0569671 -0.0568881 -0.0567969 -0.0566961 -0.0565912 -0.056491 -0.0564097 -0.0563697 -0.0564067 -0.0565832 -0.0570207 -0.0579954 -0.0602376 -0.065573 -0.0720557 -0.0786716 -0.0850434 -0.0910048 -0.0964573 -0.101323 -0.105531 -0.109009 -0.111684 -0.113487 -0.114355 -0.11425 -0.11317 -0.111207 -0.108466 -0.104931 -0.10059 -0.0954719 -0.0894351 -0.0824534 -0.0745182 -0.0656423 -0.0558736 -0.0453446 -0.0344408 -0.0242059 -0.0126026 3.46628e-05 0.0131519 0.026218 0.0389841 0.0510306 0.0639507 0.0768389 0.0892762 0.101011 0.111847 0.121616 0.130174 0.137568 0.143558 0.147986 0.15076 0.151983 0.15178 0.150209 0.147317 0.143156 0.137786 0.131272 0.123683 0.115099 0.105621 0.095404 0.0847281 0.0742236 0.0654796 0.0612846 0.0592706 0.0582062 0.0576121 0.0572784 0.0570987 0.0570129 0.0569843 0.0569891 0.0570119 0.0570426 0.0570749 0.0571053 0.0571324 0.0571565 0.0571794 
-0.0678974 -0.0678462 -0.0677908 -0.0677258 -0.0676475 -0.0675544 -0.0674469 -0.0673278 -0.0672033 -0.0670838 -0.0669854 -0.0669338 -0.0669696 -0.067163 -0.0676466 -0.0687057 -0.0710163 -0.0759487 -0.0820328 -0.0883138 -0.0943891 -0.100071 -0.105248 -0.109834 -0.113752 -0.116927 -0.119284 -0.120753 -0.121274 -0.120808 -0.119359 -0.117016 -0.113865 -0.1099 -0.105118 -0.0995641 -0.0930696 -0.0856096 -0.0771784 -0.0677955 -0.0575234 -0.046528 -0.0352552 -0.0247731 -0.0128917 5.44495e-05 0.0134936 0.0268741 0.0399241 0.0522176 0.0654788 0.0787749 0.0916423 0.103806 0.115059 0.12523 0.134177 0.141988 0.148414 0.153286 0.156507 0.158157 0.158355 0.157161 0.154626 0.150806 0.145764 0.139572 0.132305 0.124051 0.114926 0.105104 0.0948974 0.0849684 0.0767993 0.0724602 0.0702508 0.0690533 0.068378 0.0679973 0.0677927 0.0676958 0.0676646 0.0676717 0.0676994 0.067736 0.0677742 0.06781 0.067842 0.0678704 0.0678974 
-0.0796871 -0.0796276 -0.0795632 -0.0794877 -0.0793967 -0.0792885 -0.0791633 -0.0790243 -0.0788784 -0.0787373 -0.0786194 -0.0785534 -0.078585 -0.078791 -0.0793127 -0.0804371 -0.0827717 -0.0873227 -0.0929977 -0.09892 -0.104672 -0.110048 -0.114921 -0.119198 -0.122796 -0.125637 -0.127643 -0.128744 -0.12888 -0.128015 -0.126157 -0.123388 -0.119785 -0.115345 -0.110079 -0.104049 -0.0970532 -0.0890691 -0.0800952 -0.0701593 -0.059342 -0.0478462 -0.036174 -0.0254009 -0.0132068 7.97802e-05 0.013872 0.0275982 0.0409657 0.0535491 0.067183 0.080921 0.0942568 0.106889 0.118599 0.129211 0.138582 0.146851 0.153753 0.159112 0.162823 0.164944 0.165584 0.164807 0.162667 0.159223 0.154545 0.148708 0.141794 0.133903 0.125162 0.115767 0.106057 0.0967087 0.089073 0.0846585 0.082283 0.0809616 0.080208 0.0797816 0.0795528 0.0794456 0.0794125 0.0794227 0.079456 0.079499 0.0795437 0.0795855 0.0796227 0.0796558 0.0796871 
-0.0926558 -0.0925873 -0.0925133 -0.0924264 -0.0923219 -0.0921973 -0.092053 -0.0918924 -0.091723 -0.091558 -0.0914178 -0.0913342 -0.0913574 -0.0915701 -0.0921197 -0.093287 -0.0956032 -0.0997897 -0.105046 -0.110586 -0.115987 -0.121026 -0.125566 -0.129502 -0.132747 -0.13522 -0.136839 -0.137532 -0.137242 -0.135936 -0.133622 -0.130381 -0.126275 -0.121312 -0.115516 -0.108966 -0.101422 -0.0928637 -0.0832963 -0.0727581 -0.0613511 -0.0493176 -0.0372103 -0.026098 -0.0135516 0.000111333 0.0142917 0.0283992 0.0421225 0.055043 0.0690862 0.0833036 0.0971494 0.110294 0.122504 0.133599 0.143433 0.152201 0.159626 0.165518 0.169766 0.172404 0.173534 0.173218 0.171515 0.168488 0.16421 0.158765 0.15224 0.144745 0.136423 0.127488 0.1183 0.109536 0.1024 0.0979732 0.0954652 0.0940328 0.093206 0.0927364 0.092485 0.0923686 0.0923347 0.092349 0.0923886 0.0924389 0.0924906 0.0925388 0.0925817 0.0926198 0.0926558 
-0.106921 -0.106843 -0.106759 -0.10666 -0.106541 -0.106399 -0.106234 -0.10605 -0.105855 -0.105663 -0.105497 -0.105392 -0.105402 -0.105614 -0.106178 -0.107363 -0.109621 -0.113454 -0.118284 -0.123418 -0.128439 -0.13311 -0.137282 -0.140843 -0.1437 -0.145764 -0.146955 -0.147199 -0.146438 -0.144643 -0.141823 -0.138054 -0.133393 -0.127854 -0.121477 -0.114359 -0.106215 -0.0970292 -0.0868138 -0.0756204 -0.0635758 -0.0509632 -0.038379 -0.0268746 -0.0139307 0.000149738 0.0147582 0.0292873 0.0434105 0.0567199 0.0712149 0.0859533 0.100354 0.114058 0.126816 0.138438 0.148778 0.158092 0.166088 0.172566 0.177401 0.180608 0.182278 0.182473 0.181253 0.178686 0.174851 0.169836 0.16374 0.15668 0.148813 0.14037 0.131729 0.12355 0.11689 0.112508 0.109905 0.108378 0.107486 0.106977 0.106706 0.106582 0.106549 0.106568 0.106615 0.106673 0.106733 0.106788 0.106837 0.10688 0.106921 
-0.122614 -0.122525 -0.12243 -0.122318 -0.122183 -0.122022 -0.121835 -0.121625 -0.121402 -0.121181 -0.120986 -0.120855 -0.120845 -0.121046 -0.12161 -0.122785 -0.124946 -0.128432 -0.132828 -0.137532 -0.142141 -0.146411 -0.15018 -0.153328 -0.155755 -0.157371 -0.158088 -0.157834 -0.156553 -0.154215 -0.150831 -0.146477 -0.141201 -0.135028 -0.128016 -0.120278 -0.111478 -0.101607 -0.0906847 -0.0787794 -0.0660455 -0.0528076 -0.0396977 -0.027743 -0.0143496 0.000195529 0.0152776 0.0302746 0.0448483 0.0586039 0.0735994 0.0889053 0.10391 0.118224 0.131581 0.14378 0.154672 0.164582 0.173203 0.180321 0.1858 0.189632 0.191899 0.192658 0.191973 0.189915 0.186568 0.182028 0.176401 0.169816 0.162443 0.154528 0.146458 0.138865 0.132664 0.128379 0.125721 0.124121 0.123174 0.122631 0.122343 0.122214 0.122183 0.122209 0.122265 0.122332 0.1224 0.122462 0.122518 0.122567 0.122614 
-0.139875 -0.139776 -0.139668 -0.139542 -0.139391 -0.13921 -0.138999 -0.138762 -0.138509 -0.138255 -0.138026 -0.137863 -0.137825 -0.138005 -0.13855 -0.139685 -0.141713 -0.144854 -0.148806 -0.153056 -0.157222 -0.161054 -0.164381 -0.167075 -0.169029 -0.170148 -0.170343 -0.169539 -0.167681 -0.164742 -0.160731 -0.155725 -0.149771 -0.142902 -0.135194 -0.12678 -0.117264 -0.106645 -0.0949524 -0.0822742 -0.0687949 -0.0548791 -0.0411868 -0.0287175 -0.0148152 0.000249106 0.0158573 0.0313758 0.0464577 0.0607229 0.0762748 0.0922004 0.107863 0.122844 0.136853 0.149683 0.161178 0.171738 0.181041 0.188861 0.195045 0.199564 0.202488 0.203871 0.203777 0.202282 0.199474 0.195456 0.190345 0.184279 0.17744 0.170087 0.162611 0.155606 0.149853 0.145714 0.143043 0.141394 0.140406 0.139838 0.139538 0.139407 0.139381 0.139415 0.13948 0.139557 0.139634 0.139705 0.139767 0.139823 0.139875 
-0.158862 -0.158751 -0.158631 -0.158491 -0.158322 -0.15812 -0.157883 -0.157617 -0.15733 -0.15704 -0.156773 -0.156572 -0.156497 -0.156642 -0.157146 -0.158211 -0.160071 -0.162861 -0.16636 -0.170134 -0.173823 -0.177178 -0.180021 -0.182216 -0.183649 -0.184221 -0.183838 -0.182425 -0.179928 -0.176322 -0.171616 -0.165887 -0.159182 -0.151549 -0.14308 -0.13393 -0.123634 -0.112198 -0.0996677 -0.0861509 -0.0718644 -0.0572109 -0.0428709 -0.0298153 -0.015336 0.00031069 0.016506 0.0326078 0.0482642 0.0631096 0.079282 0.0958866 0.112266 0.127973 0.142697 0.156215 0.168367 0.179635 0.189685 0.198272 0.205228 0.210501 0.21415 0.216222 0.216782 0.215907 0.213693 0.210251 0.205704 0.200203 0.193941 0.187186 0.180325 0.173911 0.168606 0.164656 0.162016 0.160347 0.159334 0.15875 0.158444 0.158316 0.158298 0.158342 0.158418 0.158506 0.158592 0.158672 0.158742 0.158804 0.158862 
-0.179749 -0.179625 -0.179492 -0.179336 -0.179148 -0.178924 -0.17866 -0.178362 -0.178039 -0.177708 -0.177398 -0.177151 -0.177029 -0.177124 -0.177564 -0.178525 -0.180184 -0.182615 -0.18565 -0.188921 -0.192099 -0.194937 -0.19725 -0.198898 -0.199758 -0.199725 -0.198704 -0.196619 -0.193414 -0.189067 -0.183589 -0.177058 -0.169527 -0.161055 -0.151756 -0.141804 -0.130658 -0.118333 -0.104891 -0.0904638 -0.0753017 -0.0598418 -0.0447787 -0.0310565 -0.0159223 0.000380287 0.0172338 0.0339911 0.050298 0.0658025 0.0826686 0.100019 0.117182 0.133682 0.149185 0.163454 0.176322 0.188363 0.199226 0.208651 0.216451 0.222553 0.227 0.229833 0.231114 0.230925 0.229366 0.226556 0.222627 0.217741 0.2121 0.205979 0.199756 0.193938 0.189083 0.185364 0.1828 0.181143 0.180125 0.179537 0.179234 0.179113 0.179106 0.179162 0.179251 0.179351 0.179448 0.179536 0.179614 0.179683 0.179749 
-0.202724 -0.202587 -0.20244 -0.202267 -0.20206 -0.201812 -0.20152 -0.201189 -0.200826 -0.200451 -0.200091 -0.19979 -0.199609 -0.199635 -0.199987 -0.20081 -0.202235 -0.204293 -0.20685 -0.209594 -0.212226 -0.214503 -0.216239 -0.217285 -0.217515 -0.216816 -0.215091 -0.212261 -0.208273 -0.203105 -0.19677 -0.189353 -0.180911 -0.171519 -0.161313 -0.150489 -0.138418 -0.125126 -0.110693 -0.0952775 -0.0791629 -0.0628175 -0.0469448 -0.0324653 -0.0165865 0.000457665 0.0180528 0.0355497 0.0525945 0.0688469 0.0864907 0.104664 0.122684 0.140048 0.156401 0.17149 0.185138 0.19802 0.209771 0.220112 0.228836 0.235846 0.241171 0.244843 0.246921 0.247488 0.24665 0.244533 0.24128 0.23706 0.232087 0.226636 0.221074 0.21586 0.211466 0.208017 0.205574 0.203962 0.202961 0.202385 0.202093 0.201986 0.201994 0.202066 0.202169 0.202281 0.20239 0.202489 0.202575 0.202651 0.202724 
-0.227996 -0.227846 -0.227684 -0.227494 -0.227267 -0.226994 -0.226673 -0.226305 -0.2259 -0.225476 -0.225061 -0.224696 -0.224442 -0.224381 -0.224616 -0.225268 -0.226427 -0.228095 -0.230157 -0.232349 -0.234396 -0.236068 -0.237175 -0.237563 -0.2371 -0.235668 -0.233165 -0.229512 -0.224656 -0.218579 -0.211296 -0.202898 -0.193455 -0.183056 -0.171862 -0.160091 -0.147012 -0.132668 -0.117158 -0.100668 -0.0835145 -0.066192 -0.0494101 -0.0340703 -0.0173437 0.00054235 0.018977 0.037312 0.0551956 0.0722968 0.090814 0.109899 0.128857 0.147167 0.164448 0.18043 0.194928 0.208726 0.221444 0.232785 0.242518 0.250523 0.256814 0.26141 0.264366 0.265766 0.265721 0.264364 0.261847 0.258351 0.254092 0.249349 0.244471 0.239872 0.235953 0.232812 0.230534 0.229004 0.228047 0.227498 0.22723 0.227144 0.22717 0.227261 0.22738 0.227507 0.227628 0.227737 0.227832 0.227917 0.227996 
-0.255796 -0.255631 -0.255454 -0.255247 -0.254999 -0.2547 -0.254348 -0.253942 -0.253492 -0.253014 -0.252536 -0.252099 -0.251757 -0.251587 -0.251678 -0.252125 -0.252987 -0.254245 -0.255792 -0.257403 -0.258829 -0.259848 -0.260271 -0.25994 -0.258716 -0.256477 -0.253116 -0.248554 -0.24274 -0.235656 -0.227323 -0.217845 -0.2073 -0.195801 -0.18353 -0.17073 -0.156558 -0.14107 -0.124388 -0.106728 -0.0884352 -0.0700296 -0.0522238 -0.0359054 -0.0182117 0.000633631 0.0200234 0.039312 0.0581509 0.0762158 0.0957165 0.115813 0.135805 0.15515 0.173444 0.1904 0.205822 0.220617 0.234389 0.24682 0.257656 0.26675 0.274101 0.279713 0.283635 0.285952 0.286778 0.286253 0.284538 0.281822 0.278328 0.274331 0.270162 0.266192 0.262766 0.259971 0.257901 0.25649 0.255604 0.255103 0.25487 0.254813 0.254865 0.254977 0.255115 0.255258 0.255392 0.255512 0.255616 0.255709 0.255796 
-0.286375 -0.286196 -0.286003 -0.285779 -0.285509 -0.285184 -0.284799 -0.284354 -0.283856 -0.28332 -0.282773 -0.282251 -0.281807 -0.281506 -0.281424 -0.281633 -0.282167 -0.282991 -0.284002 -0.285002 -0.285767 -0.286084 -0.285766 -0.284651 -0.282595 -0.279468 -0.275163 -0.269598 -0.262723 -0.254527 -0.245036 -0.234367 -0.222615 -0.209913 -0.19647 -0.182553 -0.167192 -0.150461 -0.132503 -0.113564 -0.0940186 -0.0744069 -0.0554446 -0.0380113 -0.0192118 0.000730591 0.0212117 0.0415895 0.061519 0.0806802 0.101291 0.122516 0.143648 0.164128 0.18353 0.201549 0.217976 0.233856 0.248776 0.262394 0.274433 0.28472 0.293232 0.29996 0.304945 0.308268 0.310048 0.310431 0.309588 0.307713 0.305034 0.301821 0.298387 0.295065 0.292155 0.289739 0.28792 0.286668 0.285882 0.28545 0.285266 0.285247 0.28533 0.285467 0.285626 0.285786 0.285934 0.286065 0.286179 0.28628 0.286375 
-0.320013 -0.319819 -0.31961 -0.319367 -0.319076 -0.318725 -0.318307 -0.317821 -0.317272 -0.316674 -0.31605 -0.315434 -0.314871 -0.314418 -0.314135 -0.314074 -0.314248 -0.314614 -0.315064 -0.315424 -0.315487 -0.315051 -0.313932 -0.311964 -0.308997 -0.304899 -0.299555 -0.292884 -0.28484 -0.275417 -0.264649 -0.252671 -0.239596 -0.225581 -0.210864 -0.195736 -0.179083 -0.160998 -0.141648 -0.121307 -0.100377 -0.0794155 -0.0591432 -0.0404363 -0.0203693 0.000832133 0.0225654 0.0441921 0.06537 0.0857806 0.107647 0.130135 0.152531 0.174259 0.194875 0.214054 0.231575 0.248635 0.264804 0.279716 0.293066 0.304655 0.314439 0.32239 0.32854 0.332967 0.33579 0.337162 0.337262 0.336291 0.33448 0.332091 0.329419 0.326766 0.324395 0.322394 0.320867 0.31981 0.319155 0.318813 0.318694 0.318724 0.318844 0.319011 0.319193 0.319371 0.319533 0.319676 0.3198 0.31991 0.320013 
-0.357014 -0.356805 -0.356581 -0.35632 -0.356007 -0.355629 -0.355178 -0.35465 -0.354049 -0.353385 -0.352678 -0.351957 -0.35126 -0.350633 -0.350122 -0.34976 -0.349547 -0.349428 -0.349293 -0.34898 -0.3483 -0.34706 -0.345077 -0.342184 -0.338226 -0.333063 -0.32658 -0.318693 -0.309363 -0.298587 -0.286416 -0.273002 -0.25848 -0.243034 -0.22693 -0.210489 -0.192431 -0.17287 -0.151997 -0.130112 -0.107643 -0.0851657 -0.0634043 -0.0432386 -0.0217144 0.000937009 0.0241127 0.0471763 0.0697875 0.0916261 0.114918 0.138825 0.162627 0.185733 0.20768 0.228127 0.24684 0.265185 0.282712 0.299032 0.313812 0.326821 0.337993 0.347282 0.354707 0.36034 0.3643 0.366746 0.367865 0.367862 0.366969 0.365444 0.363564 0.361603 0.359797 0.358244 0.357047 0.356222 0.355729 0.355499 0.35546 0.355549 0.355713 0.355913 0.35612 0.356318 0.356496 0.356651 0.356785 0.356903 0.357014 
-0.397715 -0.397492 -0.397252 -0.396974 -0.39664 -0.396236 -0.395752 -0.395183 -0.394528 -0.393795 -0.392999 -0.392163 -0.391318 -0.390498 -0.389735 -0.389046 -0.388417 -0.387788 -0.38704 -0.386024 -0.384561 -0.382465 -0.379556 -0.375663 -0.370629 -0.364306 -0.356575 -0.347356 -0.336612 -0.324352 -0.310641 -0.295654 -0.279551 -0.262546 -0.244935 -0.227067 -0.20748 -0.186305 -0.163759 -0.140166 -0.11598 -0.0917906 -0.0683304 -0.0464879 -0.0232833 0.00104384 0.025887 0.0506102 0.0748719 0.0983477 0.123263 0.148771 0.174144 0.198776 0.22219 0.244026 0.264039 0.283783 0.302787 0.320638 0.336973 0.35153 0.364216 0.374965 0.38378 0.390726 0.395922 0.399529 0.401742 0.402772 0.40285 0.402229 0.401169 0.399924 0.398709 0.397636 0.396803 0.396244 0.39594 0.395845 0.395903 0.396061 0.396276 0.396512 0.396747 0.396965 0.397158 0.397326 0.397469 0.397596 0.397715 
-0.442487 -0.44225 -0.441995 -0.4417 -0.441346 -0.440918 -0.440403 -0.439792 -0.439084 -0.438281 -0.437392 -0.436435 -0.43543 -0.4344 -0.433363 -0.432323 -0.431255 -0.430093 -0.428709 -0.426959 -0.424672 -0.42167 -0.417773 -0.412808 -0.40661 -0.399027 -0.389937 -0.379262 -0.36697 -0.353085 -0.337688 -0.320981 -0.303154 -0.28445 -0.265199 -0.245781 -0.224525 -0.201581 -0.177189 -0.151698 -0.125584 -0.0994516 -0.074046 -0.0502688 -0.0251193 0.0011511 0.0279291 0.0545753 0.0807443 0.106104 0.132875 0.160197 0.187333 0.213665 0.238698 0.262061 0.283493 0.304762 0.325375 0.344891 0.362917 0.379155 0.393489 0.405825 0.416151 0.424522 0.431054 0.435911 0.439294 0.441419 0.442519 0.442839 0.442628 0.442122 0.441523 0.440956 0.440519 0.440256 0.440168 0.440227 0.440396 0.440633 0.440903 0.44118 0.441444 0.441683 0.441892 0.442071 0.442225 0.44236 0.442487 
-0.491735 -0.491485 -0.491217 -0.490907 -0.490535 -0.490084 -0.48954 -0.488892 -0.488132 -0.487258 -0.486276 -0.485192 -0.484019 -0.482768 -0.481442 -0.480034 -0.478509 -0.476794 -0.474753 -0.472242 -0.469099 -0.465144 -0.4602 -0.454089 -0.446642 -0.437699 -0.427134 -0.414874 -0.400895 -0.385236 -0.367999 -0.349416 -0.329708 -0.309154 -0.288118 -0.26701 -0.243927 -0.219036 -0.192597 -0.164984 -0.136693 -0.108346 -0.0807028 -0.0546841 -0.0272751 0.00125709 0.0302881 0.0591709 0.0875522 0.115089 0.143988 0.173376 0.202502 0.230734 0.257565 0.28261 0.305596 0.32853 0.350896 0.372223 0.392084 0.410148 0.426268 0.440324 0.452285 0.462194 0.470162 0.476355 0.480982 0.484262 0.48643 0.487725 0.488387 0.488641 0.488678 0.48864 0.488623 0.48868 0.488829 0.489061 0.489352 0.489676 0.490008 0.490327 0.490621 0.490881 0.491105 0.491296 0.491458 0.491601 0.491735 
-0.545909 -0.545648 -0.545367 -0.545044 -0.544657 -0.544188 -0.543618 -0.542935 -0.542127 -0.541187 -0.540113 -0.538903 -0.537559 -0.536081 -0.534459 -0.532673 -0.530681 -0.528402 -0.525689 -0.522399 -0.51837 -0.513425 -0.507381 -0.500058 -0.491281 -0.480879 -0.468726 -0.45475 -0.438941 -0.421353 -0.402114 -0.381488 -0.359731 -0.337159 -0.314175 -0.291223 -0.266132 -0.239085 -0.210364 -0.180364 -0.149601 -0.118716 -0.0884875 -0.05986 -0.0298151 0.00135983 0.0330242 0.0645186 0.0954764 0.125538 0.156892 0.188643 0.220025 0.250394 0.279231 0.306136 0.330831 0.355588 0.379864 0.40316 0.425012 0.445055 0.463105 0.479017 0.492737 0.504295 0.513795 0.521407 0.527343 0.531831 0.535104 0.537401 0.538954 0.539982 0.540671 0.541176 0.541595 0.54199 0.542391 0.542807 0.54323 0.543646 0.544041 0.544404 0.544728 0.545008 0.545246 0.545447 0.545618 0.545768 0.545909 
-0.6055 -0.60523 -0.60494 -0.604607 -0.604209 -0.603725 -0.603135 -0.602424 -0.601575 -0.600575 -0.599415 -0.598085 -0.596575 -0.594873 -0.592958 -0.590796 -0.588337 -0.585493 -0.582106 -0.57803 -0.5731 -0.567137 -0.559955 -0.551366 -0.541185 -0.529235 -0.515384 -0.499567 -0.481783 -0.462108 -0.440696 -0.417849 -0.39386 -0.369087 -0.343973 -0.318996 -0.291688 -0.262243 -0.230962 -0.19826 -0.164673 -0.130864 -0.0976319 -0.065953 -0.032819 0.00145691 0.0362122 0.0707687 0.10474 0.137747 0.171944 0.206411 0.240367 0.273153 0.304238 0.333214 0.359794 0.386551 0.412915 0.438352 0.462363 0.484542 0.504671 0.522574 0.538173 0.551484 0.562605 0.571704 0.579005 0.584739 0.589144 0.592457 0.59491 0.596716 0.598059 0.599112 0.599972 0.600711 0.601371 0.601977 0.602534 0.603044 0.603504 0.603909 0.604261 0.604559 0.60481 0.60502 0.605198 0.605354 0.6055 
-0.67105 -0.670774 -0.670479 -0.67014 -0.669735 -0.669242 -0.668641 -0.66791 -0.66703 -0.665982 -0.664749 -0.663311 -0.66165 -0.659739 -0.657545 -0.655023 -0.652114 -0.648721 -0.644674 -0.639823 -0.633997 -0.627011 -0.618671 -0.60878 -0.597143 -0.58357 -0.567927 -0.550149 -0.530252 -0.50833 -0.484571 -0.459313 -0.432893 -0.405713 -0.378261 -0.351055 -0.321282 -0.289151 -0.254978 -0.219196 -0.182363 -0.145165 -0.108426 -0.0731589 -0.0363863 0.00154529 0.0399449 0.0781086 0.115623 0.152081 0.189589 0.227198 0.264107 0.299644 0.333266 0.364557 0.393228 0.422188 0.450838 0.478607 0.504954 0.529435 0.551791 0.571814 0.589403 0.604557 0.617367 0.628006 0.636706 0.643704 0.649246 0.653572 0.656914 0.659485 0.661472 0.663061 0.664354 0.66543 0.666346 0.667137 0.667826 0.668427 0.668946 0.669391 0.669767 0.670081 0.670341 0.670557 0.67074 0.6709 0.67105 
-0.743155 -0.742878 -0.742581 -0.742242 -0.741837 -0.741344 -0.74074 -0.740001 -0.739104 -0.738025 -0.736739 -0.735217 -0.733429 -0.731337 -0.728898 -0.726052 -0.72273 -0.718826 -0.714159 -0.708571 -0.701881 -0.693896 -0.684411 -0.673216 -0.660101 -0.644861 -0.627354 -0.607518 -0.58538 -0.561059 -0.534775 -0.506905 -0.477835 -0.448018 -0.417988 -0.38831 -0.355783 -0.320622 -0.283157 -0.243839 -0.203248 -0.162096 -0.121238 -0.0817254 -0.0406433 0.00162093 0.0443396 0.0867751 0.128478 0.169005 0.210391 0.251656 0.291976 0.330665 0.367169 0.401067 0.432069 0.463469 0.49463 0.524938 0.553813 0.580762 0.605488 0.627747 0.647414 0.664476 0.679017 0.691215 0.701314 0.709564 0.716219 0.721525 0.72572 0.72902 0.731618 0.733712 0.73541 0.736801 0.737953 0.738916 0.739725 0.740406 0.740977 0.741453 0.741847 0.742171 0.742437 0.742657 0.742842 0.743003 0.743155 
-0.82247 -0.822198 -0.821906 -0.821573 -0.821176 -0.820692 -0.820098 -0.819367 -0.818473 -0.817386 -0.816074 -0.814501 -0.812626 -0.810401 -0.807768 -0.804658 -0.800989 -0.796643 -0.791432 -0.785183 -0.777706 -0.768794 -0.758225 -0.745772 -0.731208 -0.714303 -0.694905 -0.672948 -0.64847 -0.621611 -0.592626 -0.561935 -0.529975 -0.497256 -0.46437 -0.431934 -0.396301 -0.357693 -0.316449 -0.273039 -0.228064 -0.182266 -0.136536 -0.0919692 -0.0457509 0.00167824 0.0495452 0.0970692 0.143754 0.189109 0.23507 0.280619 0.324909 0.367238 0.407042 0.443898 0.477516 0.511631 0.54556 0.57864 0.610241 0.639825 0.667047 0.691633 0.713433 0.732421 0.748685 0.762411 0.773861 0.783301 0.790999 0.797213 0.802187 0.806147 0.809292 0.811832 0.813885 0.815548 0.816901 0.818007 0.818913 0.819656 0.820264 0.820761 0.821164 0.821492 0.821758 0.821977 0.82216 0.82232 0.82247 
-0.909718 -0.909456 -0.909176 -0.908857 -0.908478 -0.908016 -0.907447 -0.906744 -0.905876 -0.904811 -0.903512 -0.901934 -0.900029 -0.897738 -0.89499 -0.891707 -0.887792 -0.883116 -0.877483 -0.870706 -0.862579 -0.852879 -0.841362 -0.827778 -0.811871 -0.793384 -0.772139 -0.748061 -0.721191 -0.691687 -0.659837 -0.626107 -0.590991 -0.555068 -0.518994 -0.483451 -0.444284 -0.401714 -0.356089 -0.307896 -0.257763 -0.206463 -0.154927 -0.104298 -0.051917 0.00170925 0.0557519 0.109377 0.162027 0.213155 0.264551 0.315163 0.364115 0.410687 0.454307 0.494549 0.531132 0.568291 0.605286 0.641394 0.67593 0.708302 0.738118 0.765071 0.788994 0.809858 0.827758 0.842901 0.855576 0.866073 0.874677 0.881664 0.887291 0.891795 0.895384 0.898278 0.900604 0.902472 0.903971 0.905175 0.906143 0.906921 0.907546 0.908047 0.908448 0.90877 0.909029 0.909241 0.909418 0.909573 0.909718 
-1.00569 -1.00545 -1.00519 -1.00489 -1.00454 -1.00412 -1.00359 -1.00294 -1.00213 -1.00112 -0.999885 -0.998363 -0.996502 -0.994235 -0.991482 -0.988153 -0.98414 -0.979302 -0.973434 -0.966338 -0.957789 -0.94754 -0.935324 -0.920857 -0.903843 -0.883982 -0.861058 -0.834967 -0.805739 -0.773542 -0.738693 -0.701703 -0.663136 -0.623649 -0.583981 -0.544897 -0.501654 -0.45447 -0.403701 -0.349853 -0.293585 -0.235707 -0.177193 -0.119237 -0.0594088 0.0017022 0.0632016 0.124191 0.184039 0.242125 0.30004 0.356695 0.411184 0.462764 0.510851 0.555021 0.595001 0.635607 0.676021 0.715447 0.753127 0.788413 0.820862 0.850138 0.876068 0.898634 0.917957 0.934281 0.947935 0.959243 0.968519 0.976059 0.982139 0.987007 0.990884 0.993995 0.996479 0.998454 1.00002 1.00126 1.00224 1.00302 1.00363 1.00412 1.0045 1.0048 1.00505 1.00524 1.00541 1.00555 1.00569 
-1.11126 -1.11104 -1.11082 -1.11056 -1.11025 -1.10988 -1.10942 -1.10884 -1.10812 -1.10722 -1.1061 -1.10471 -1.10299 -1.10086 -1.09825 -1.09504 -1.09114 -1.08637 -1.08055 -1.07345 -1.06483 -1.05442 -1.04193 -1.02702 -1.00934 -0.988537 -0.964312 -0.936506 -0.905108 -0.870277 -0.832353 -0.79189 -0.749534 -0.70604 -0.662256 -0.619059 -0.571025 -0.518363 -0.461443 -0.400802 -0.337138 -0.271308 -0.204334 -0.137452 -0.0685652 0.00163924 0.0721942 0.142131 0.210727 0.277275 0.343094 0.407057 0.468222 0.525816 0.579235 0.628048 0.671997 0.716569 0.76084 0.803913 0.844942 0.883211 0.918224 0.949627 0.97726 1.00114 1.02146 1.03852 1.05272 1.06443 1.07399 1.08174 1.08797 1.09294 1.09688 1.10002 1.1025 1.10446 1.10599 1.10718 1.10812 1.10884 1.10941 1.10985 1.1102 1.11047 1.11069 1.11086 1.11101 1.11114 1.11126 
-1.22738 -1.22721 -1.22702 -1.22681 -1.22656 -1.22626 -1.22589 -1.22542 -1.22483 -1.22408 -1.22315 -1.22197 -1.2205 -1.21866 -1.21636 -1.21351 -1.20998 -1.20562 -1.20023 -1.19359 -1.18544 -1.17549 -1.16341 -1.14881 -1.13128 -1.11034 -1.08558 -1.0567 -1.02361 -0.986403 -0.945437 -0.901306 -0.85475 -0.806654 -0.75802 -0.709888 -0.656026 -0.596649 -0.532168 -0.463176 -0.39044 -0.314874 -0.237549 -0.159732 -0.0797865 0.00149236 0.0830698 0.163913 0.243202 0.320129 0.39565 0.468603 0.538001 0.603019 0.663005 0.717496 0.766236 0.815505 0.864223 0.911345 0.955912 0.997125 1.03444 1.06749 1.09618 1.12062 1.14112 1.15812 1.17211 1.18354 1.1928 1.20024 1.20617 1.21087 1.21457 1.21747 1.21975 1.22151 1.22288 1.22394 1.22475 1.22537 1.22585 1.22622 1.22651 1.22674 1.22692 1.22706 1.22718 1.22729 1.22738 
-1.35512 -1.355 -1.35486 -1.35471 -1.35454 -1.35432 -1.35406 -1.35372 -1.3533 -1.35276 -1.35208 -1.35122 -1.35012 -1.34872 -1.34696 -1.34473 -1.34193 -1.33842 -1.334 -1.32848 -1.32161 -1.31308 -1.30255 -1.28959 -1.27368 -1.25419 -1.23041 -1.20177 -1.16796 -1.12901 -1.08523 -1.03725 -0.98593 -0.932308 -0.877611 -0.823144 -0.761711 -0.69361 -0.619388 -0.539779 -0.455667 -0.368043 -0.27801 -0.186814 -0.0934437 0.00121702 0.0961047 0.190161 0.28249 0.372199 0.459761 0.544011 0.623906 0.698522 0.767079 0.828988 0.883914 0.939088 0.99317 1.0449 1.09317 1.1371 1.17609 1.20982 1.23826 1.26174 1.28086 1.29634 1.30884 1.31887 1.32688 1.33324 1.33824 1.34215 1.34518 1.34753 1.34935 1.35073 1.35179 1.35259 1.3532 1.35367 1.35402 1.35429 1.3545 1.35466 1.35479 1.35489 1.35498 1.35505 1.35512 
-1.49563 -1.49557 -1.4955 -1.49542 -1.49533 -1.49522 -1.49508 -1.4949 -1.49468 -1.4944 -1.49404 -1.49357 -1.49297 -1.4922 -1.4912 -1.48992 -1.48827 -1.48616 -1.48346 -1.48002 -1.47564 -1.47007 -1.46302 -1.45408 -1.4427 -1.42802 -1.40839 -1.38254 -1.34993 -1.31046 -1.26443 -1.21245 -1.15539 -1.09445 -1.03112 -0.967111 -0.894298 -0.813559 -0.725873 -0.632245 -0.533685 -0.431206 -0.325842 -0.21869 -0.109529 0.00074543 0.111148 0.220701 0.328513 0.433682 0.53611 0.63473 0.728509 0.816421 0.897438 0.970557 1.03486 1.0985 1.15971 1.217 1.26914 1.31523 1.35468 1.38721 1.41289 1.43229 1.4467 1.4578 1.46646 1.47322 1.47849 1.48258 1.48573 1.48816 1.49 1.4914 1.49245 1.49325 1.49384 1.49428 1.49462 1.49487 1.49505 1.4952 1.49531 1.49539 1.49546 1.49551 1.49556 1.4956 1.49563 
-1.6502 -1.6502 -1.6502 -1.6502 -1.6502 -1.6502 -1.6502 -1.6502 -1.6502 -1.6502 -1.6502 -1.6502 -1.6502 -1.6502 -1.6502 -1.6502 -1.6502 -1.6502 -1.6502 -1.6502 -1.6502 -1.6502 -1.6502 -1.6502 -1.6502 -1.64925 -1.6401 -1.62126 -1.59285 -1.55504 -1.50806 -1.45217 -1.38771 -1.31506 -1.23465 -1.14694 -1.05247 -0.951792 -0.845491 -0.7342 -0.618575 -0.499299 -0.377076 -0.252628 -0.126688 0 0.126688 0.252628 0.377076 0.499299 0.618575 0.7342 0.845491 0.951792 1.05247 1.14694 1.23465 1.31506 1.38771 1.45217 1.50806 1.55504 1.59285 1.62126 1.6401 1.64925 1.6502 1.6502 1.6502 1.6502 1.6502 1.6502 1.6502 1.6502 1.6502 1.6502 1.6502 1.6502 1.6502 1.6502 1.6502 1.6502 1.6502 1.6502 1.6502 1.6502 1.6502 1.6502 1.6502 1.6502 1.6502 
