1.1 1.1 1.1 1.1 1.1 1.1 1.1 1.1 1.1 1.1 1.1 1.1 1.1 1.1 1.1 1.09996 1.10012 1.09987 1.10004 1.1 1.1 1.1 1.1 1.1 1.1 1.1 1.1 1.1 1.09999 1.09999 1.1 1.1 1.09999 1.09999 1.09999 1.09999 1.09999 1.09999 1.09998 1.09998 1.09998 1.09999 1.09999 1.1 1.10002 1.10003 1.10002 1.1 1.09999 1.09998 1.09999 1.09998 1.09998 1.09998 1.09998 1.09998 1.09998 1.09999 1.09999 1.09998 1.09998 1.09999 1.09999 1.09999 1.09999 1.09999 1.1 1.1 1.1 1.1 1.1 1.09999 1.10006 1.09984 1.10012 1.09996 1.1 1.1 1.1 1.1 1.1 1.1 1.1 1.1 1.1 1.1 1.1 1.1 1.1 1.1 1.1 
1.1 1.1 1.1 1.1 1.1 1.1 1.1 1.1 1.1 1.1 1.1 1.1 1.1 1.1 1.1 1.09997 1.10011 1.09987 1.10004 1.1 1.1 1.1 1.1 1.1 1.1 1.1 1.1 1.1 1.09999 1.09999 1.1 1.1 1.09999 1.09999 1.09999 1.09999 1.09999 1.09999 1.09998 1.09998 1.09998 1.09999 1.09999 1.1 1.10002 1.10003 1.10002 1.1 1.09999 1.09998 1.09999 1.09998 1.09998 1.09998 1.09998 1.09998 1.09998 1.09999 1.09999 1.09998 1.09998 1.09999 1.09999 1.09999 1.09999 1.09999 1.1 1.1 1.1 1.1 1.1 1.09999 1.10006 1.09984 1.10014 1.09996 1.1 1.1 1.1 1.1 1.1 1.1 1.1 1.1 1.1 1.1 1.1 1.1 1.1 1.1 1.1 
1.1 1.1 1.1 1.1 1.1 1.1 1.1 1.1 1.1 1.1 1.1 1.1 1.1 1.1 1.1 1.09997 1.1001 1.09989 1.10004 1.1 1.1 1.1 1.1 1.1 1.1 1.1 1.1 1.1 1.1 1.09999 1.1 1.09999 1.09999 1.09999 1.09999 1.09999 1.09999 1.09999 1.09998 1.09998 1.09998 1.09999 1.09999 1.1 1.10002 1.10003 1.10002 1.1 1.09999 1.09998 1.09999 1.09998 1.09998 1.09998 1.09998 1.09998 1.09998 1.09999 1.09999 1.09998 1.09999 1.09999 1.09999 1.09999 1.09999 1.09999 1.1 1.1 1.1 1.1 1.1 1.09999 1.10005 1.09987 1.1001 1.09997 1.1 1.1 1.1 1.1 1.1 1.1 1.1 1.1 1.1 1.1 1.1 1.1 1.1 1.1 1.1 
1.1 1.1 1.1 1.1 1.1 1.1 1.1 1.1 1.1 1.1 1.1 1.1 1.1 1.1 1.1 1.09997 1.10009 1.0999 1.10004 1.1 1.1 1.1 1.1 1.1 1.1 1.1 1.1 1.1 1.1 1.09999 1.1 1.09999 1.09999 1.09999 1.09999 1.09999 1.09999 1.09999 1.09998 1.09998 1.09998 1.09999 1.09999 1.1 1.10002 1.10003 1.10002 1.1 1.09999 1.09998 1.09999 1.09998 1.09998 1.09998 1.09998 1.09998 1.09998 1.09999 1.09999 1.09999 1.09999 1.09999 1.09999 1.09999 1.09999 1.09999 1.1 1.1 1.1 1.1 1.1 1.09999 1.10005 1.09987 1.10011 1.09997 1.1 1.1 1.1 1.1 1.1 1.1 1.1 1.1 1.1 1.1 1.1 1.1 1.1 1.1 1.1 
1.1 1.1 1.1 1.1 1.1 1.1 1.1 1.1 1.1 1.1 1.1 1.1 1.1 1.1 1.1 1.09998 1.10008 1.09991 1.10003 1.1 1.1 1.1 1.1 1.1 1.1 1.1 1.1 1.1 1.1 1.09999 1.1 1.09999 1.09999 1.09999 1.09999 1.09999 1.09999 1.09999 1.09999 1.09998 1.09998 1.1 1.09999 1.1 1.10002 1.10003 1.10002 1.1 1.09999 1.09998 1.09999 1.09998 1.09998 1.09998 1.09998 1.09999 1.09999 1.09999 1.09999 1.09999 1.09999 1.09999 1.09999 1.09999 1.09999 1.09999 1.1 1.1 1.1 1.1 1.1 1.09999 1.10004 1.0999 1.10008 1.09997 1.1 1.1 1.1 1.1 1.1 1.1 1.1 1.1 1.1 1.1 1.1 1.1 1.1 1.1 1.1 
1.1 1.1 1.1 1.1 1.1 1.1 1.1 1.1 1.1 1.1 1.1 1.1 1.1 1.1 1.1 1.09998 1.10007 1.09992 1.10003 1.1 1.1 1.1 1.1 1.1 1.1 1.1 1.1 1.1 1.1 1.1 1.1 1.09999 1.09999 1.09999 1.09999 1.09999 1.09999 1.09999 1.09999 1.09998 1.09998 1.1 1.09999 1.1 1.10002 1.10003 1.10002 1.1 1.09999 1.09999 1.09999 1.09999 1.09998 1.09998 1.09998 1.09999 1.09999 1.09999 1.09999 1.09999 1.09999 1.09999 1.09999 1.09999 1.09999 1.09999 1.1 1.1 1.1 1.1 1.1 1.09999 1.10004 1.0999 1.10008 1.09998 1.1 1.1 1.1 1.1 1.1 1.1 1.1 1.1 1.1 1.1 1.1 1.1 1.1 1.1 1.1 
1.1 1.1 1.1 1.1 1.1 1.1 1.1 1.1 1.1 1.1 1.1 1.1 1.1 1.1 1.1 1.09998 1.10006 1.09993 1.10002 1.1 1.1 1.1 1.1 1.1 1.1 1.1 1.1 1.1 1.1 1.1 1.1 1.1 1.09999 1.09999 1.09999 1.09999 1.09999 1.09999 1.09999 1.09999 1.09999 1.1 1.1 1.1 1.10002 1.10003 1.10002 1.10001 1.09999 1.09999 1.09999 1.09999 1.09999 1.09999 1.09999 1.09999 1.09999 1.09999 1.09999 1.09999 1.09999 1.09999 1.09999 1.09999 1.09999 1.09999 1.1 1.1 1.1 1.1 1.1 1.09999 1.10003 1.09992 1.10006 1.09998 1.1 1.1 1.1 1.1 1.1 1.1 1.1 1.1 1.1 1.1 1.1 1.1 1.1 1.1 1.1 
1.1 1.1 1.1 1.1 1.1 1.1 1.1 1.1 1.1 1.1 1.1 1.1 1.1 1.1 1.1 1.09999 1.10005 1.09994 1.10002 1.1 1.1 1.1 1.1 1.1 1.1 1.1 1.1 1.1 1.1 1.1 1.1 1.1 1.09999 1.09999 1.09999 1.09999 1.09999 1.09999 1.09999 1.09999 1.09999 1.1 1.1 1.10001 1.10002 1.10003 1.10002 1.10001 1.1 1.09999 1.1 1.09999 1.09999 1.09999 1.09999 1.09999 1.09999 1.09999 1.09999 1.09999 1.09999 1.09999 1.09999 1.09999 1.09999 1.09999 1.1 1.1 1.1 1.1 1.1 1.09999 1.10003 1.09993 1.10006 1.09998 1.1 1.1 1.1 1.1 1.1 1.1 1.1 1.1 1.1 1.1 1.1 1.1 1.1 1.1 1.1 
1.1 1.1 1.1 1.1 1.1 1.1 1.1 1.1 1.1 1.1 1.1 1.1 1.1 1.1 1.1 1.09999 1.10005 1.09995 1.10002 1.1 1.1 1.1 1.1 1.1 1.1 1.1 1.1 1.1 1.1 1.1 1.1 1.1 1.09999 1.09999 1.09999 1.09999 1.09999 1.09999 1.09999 1.09999 1.09999 1.1 1.1 1.10001 1.10002 1.10003 1.10002 1.10001 1.1 1.09999 1.1 1.09999 1.09999 1.09999 1.09999 1.09999 1.09999 1.09999 1.09999 1.09999 1.09999 1.09999 1.09999 1.09999 1.09999 1.09999 1.1 1.1 1.1 1.1 1.1 1.09999 1.10002 1.09994 1.10004 1.09999 1.1 1.1 1.1 1.1 1.1 1.1 1.1 1.1 1.1 1.1 1.1 1.1 1.1 1.1 1.1 
1.1 1.1 1.1 1.1 1.1 1.1 1.1 1.1 1.1 1.1 1.1 1.1 1.1 1.1 1.1 1.09999 1.10004 1.09996 1.10002 1.1 1.1 1.1 1.1 1.1 1.1 1.1 1.1 1.1 1.1 1.1 1.1 1.1 1.09999 1.09999 1.09999 1.09999 1.09999 1.09999 1.09999 1.09999 1.09999 1.10001 1.1 1.10001 1.10002 1.10003 1.10002 1.10001 1.1 1.1 1.1 1.09999 1.09999 1.09999 1.09999 1.09999 1.09999 1.09999 1.09999 1.09999 1.09999 1.09999 1.09999 1.09999 1.09999 1.09999 1.1 1.1 1.1 1.1 1.1 1.09999 1.10002 1.09995 1.10004 1.09999 1.1 1.1 1.1 1.1 1.1 1.1 1.1 1.1 1.1 1.1 1.1 1.1 1.1 1.1 1.1 
1.1 1.1 1.1 1.1 1.1 1.1 1.1 1.1 1.1 1.1 1.1 1.1 1.1 1.1 1.1 1.09999 1.10003 1.09997 1.10001 1.1 1.1 1.1 1.1 1.1 1.1 1.1 1.1 1.1 1.1 1.1 1.1 1.1 1.09999 1.09999 1.09999 1.09999 1.09999 1.09999 1.09999 1.09999 1.1 1.10001 1.1 1.10001 1.10002 1.10003 1.10002 1.10001 1.1 1.1 1.1 1.09999 1.09999 1.09999 1.09999 1.09999 1.09999 1.09999 1.09999 1.09999 1.09999 1.09999 1.09999 1.09999 1.09999 1.09999 1.1 1.1 1.1 1.1 1.1 1.1 1.10002 1.09996 1.10003 1.09999 1.1 1.1 1.1 1.1 1.1 1.1 1.1 1.1 1.1 1.1 1.1 1.1 1.1 1.1 1.1 
1.1 1.1 1.1 1.1 1.1 1.1 1.1 1.1 1.1 1.1 1.1 1.1 1.1 1.1 1.1 1.09999 1.10003 1.09997 1.10001 1.1 1.1 1.1 1.1 1.1 1.1 1.1 1.1 1.1 1.1 1.1 1.1 1.1 1.09999 1.1 1.09999 1.09999 1.09999 1.09999 1.09999 1.09999 1.1 1.10001 1.10001 1.10001 1.10002 1.10003 1.10002 1.10001 1.1 1.1 1.1 1.09999 1.09999 1.09999 1.09999 1.09999 1.09999 1.09999 1.09999 1.09999 1.09999 1.09999 1.09999 1.09999 1.09999 1.09999 1.1 1.1 1.1 1.1 1.1 1.1 1.10001 1.09997 1.10003 1.09999 1.1 1.1 1.1 1.1 1.1 1.1 1.1 1.1 1.1 1.1 1.1 1.1 1.1 1.1 1.1 
1.1 1.1 1.1 1.1 1.1 1.1 1.1 1.1 1.1 1.1 1.1 1.1 1.1 1.1 1.1 1.1 1.10002 1.09998 1.10001 1.1 1.1 1.1 1.1 1.1 1.1 1.1 1.1 1.1 1.1 1.1 1.1 1.1 1.1 1.1 1.1 1.1 1.09999 1.09999 1.09999 1.1 1.1 1.10001 1.10001 1.10001 1.10002 1.10002 1.10002 1.10001 1.1 1.1 1.1 1.1 1.09999 1.09999 1.09999 1.09999 1.09999 1.09999 1.09999 1.09999 1.09999 1.09999 1.09999 1.09999 1.09999 1.09999 1.1 1.1 1.1 1.1 1.1 1.1 1.10001 1.09998 1.10002 1.1 1.1 1.1 1.1 1.1 1.1 1.1 1.1 1.1 1.1 1.1 1.1 1.1 1.1 1.1 1.1 
1.1 1.1 1.1 1.1 1.1 1.1 1.1 1.1 1.1 1.1 1.1 1.1 1.1 1.1 1.1 1.1 1.10002 1.09999 1.10001 1.1 1.1 1.1 1.1 1.1 1.1 1.1 1.1 1.1 1.1 1.1 1.1 1.1 1.1 1.1 1.1 1.1 1.09999 1.1 1.1 1.1 1.1 1.10001 1.10001 1.10001 1.10002 1.10002 1.10002 1.10001 1.1 1.1 1.1 1.1 1.09999 1.09999 1.09999 1.09999 1.09999 1.09999 1.09999 1.09999 1.09999 1.09999 1.09999 1.09999 1.09999 1.09999 1.1 1.1 1.1 1.1 1.1 1.1 1.10001 1.09998 1.10002 1.1 1.1 1.1 1.1 1.1 1.1 1.1 1.1 1.1 1.1 1.1 1.1 1.1 1.1 1.1 1.1 
1.1 1.1 1.1 1.1 1.1 1.1 1.1 1.1 1.1 1.1 1.1 1.1 1.1 1.1 1.1 1.1 1.10001 1.09999 1.1 1.1 1.1 1.1 1.1 1.1 1.1 1.1 1.1 1.1 1.1 1.1 1.1 1.1 1.1 1.1 1.1 1.1 1.1 1.1 1.1 1.1 1.1 1.10001 1.10001 1.10001 1.10002 1.10002 1.10002 1.10001 1.1 1.1 1.1 1.1 1.1 1.09999 1.09999 1.09999 1.09999 1.09999 1.09999 1.09999 1.09999 1.09999 1.09999 1.09999 1.09999 1.1 1.1 1.1 1.1 1.1 1.1 1.1 1.10001 1.09999 1.10001 1.1 1.1 1.1 1.1 1.1 1.1 1.1 1.1 1.1 1.1 1.1 1.1 1.1 1.1 1.1 1.1 
1.1 1.1 1.1 1.1 1.1 1.1 1.1 1.1 1.1 1.1 1.1 1.1 1.1 1.1 1.1 1.1 1.10001 1.09999 1.1 1.1 1.1 1.1 1.1 1.1 1.1 1.1 1.1 1.1 1.1 1.1 1.1 1.1 1.1 1.1 1.1 1.1 1.1 1.1 1.1 1.1 1.1 1.10001 1.10001 1.10001 1.10002 1.10002 1.10002 1.10001 1.1 1.1 1.1 1.1 1.1 1.09999 1.09999 1.09999 1.09999 1.09999 1.09999 1.09999 1.09999 1.09999 1.09999 1.09999 1.09999 1.1 1.1 1.1 1.1 1.1 1.1 1.1 1.1 1.09999 1.10001 1.1 1.1 1.1 1.1 1.1 1.1 1.1 1.1 1.1 1.1 1.1 1.1 1.1 1.1 1.1 1.1 
1.1 1.1 1.1 1.1 1.1 1.1 1.1 1.1 1.1 1.1 1.1 1.1 1.1 1.1 1.1 1.1 1.10001 1.1 1.1 1.1 1.1 1.1 1.1 1.1 1.1 1.1 1.1 1.1 1.1 1.1 1.1 1.1 1.1 1.1 1.1 1.1 1.1 1.1 1.1 1.1 1.1 1.10001 1.10001 1.10001 1.10002 1.10002 1.10001 1.10001 1.1 1.1 1.1 1.1 1.1 1.1 1.09999 1.09999 1.09999 1.09999 1.09999 1.09999 1.09999 1.09999 1.09999 1.09999 1.09999 1.1 1.1 1.1 1.1 1.1 1.1 1.1 1.1 1.09999 1.10001 1.1 1.1 1.1 1.1 1.1 1.1 1.1 1.1 1.1 1.1 1.1 1.1 1.1 1.1 1.1 1.1 
1.1 1.1 1.1 1.1 1.1 1.1 1.1 1.1 1.1 1.1 1.1 1.1 1.1 1.1 1.1 1.1 1.10001 1.1 1.1 1.1 1.1 1.1 1.1 1.1 1.1 1.1 1.1 1.1 1.1 1.1 1.1 1.1 1.1 1.1 1.1 1.1 1.1 1.1 1.1 1.1 1.1 1.10001 1.10001 1.10001 1.10002 1.10002 1.10001 1.10001 1.1 1.1 1.1 1.1 1.1 1.1 1.09999 1.09999 1.09999 1.09999 1.09999 1.09999 1.09999 1.09999 1.09999 1.09999 1.09999 1.1 1.1 1.1 1.1 1.1 1.1 1.1 1.1 1.1 1.1 1.1 1.1 1.1 1.1 1.1 1.1 1.1 1.1 1.1 1.1 1.1 1.1 1.1 1.1 1.1 1.1 
1.1 1.1 1.1 1.1 1.1 1.1 1.1 1.1 1.1 1.1 1.1 1.1 1.1 1.1 1.1 1.1 1.1 1.1 1.1 1.1 1.1 1.1 1.1 1.1 1.1 1.1 1.1 1.1 1.1 1.1 1.1 1.1 1.1 1.1 1.1 1.1 1.1 1.1 1.1 1.1 1.1 1.10001 1.10001 1.10001 1.10002 1.10001 1.10001 1.10001 1.10001 1.1 1.1 1.1 1.1 1.1 1.1 1.09999 1.09999 1.09999 1.09999 1.09999 1.09999 1.09999 1.09999 1.09999 1.09999 1.1 1.1 1.1 1.1 1.1 1.1 1.1 1.1 1.1 1.1 1.1 1.1 1.1 1.1 1.1 1.1 1.1 1.1 1.1 1.1 1.1 1.1 1.1 1.1 1.1 1.1 
1.1 1.1 1.1 1.1 1.1 1.1 1.1 1.1 1.1 1.1 1.1 1.1 1.1 1.1 1.1 1.1 1.1 1.1 1.1 1.1 1.1 1.1 1.1 1.1 1.1 1.1 1.1 1.1 1.1 1.1 1.1 1.1 1.1 1.1 1.1 1.1 1.1 1.1 1.1 1.1 1.1 1.10001 1.10001 1.10001 1.10001 1.10001 1.10001 1.10001 1.1 1.1 1.1 1.1 1.1 1.1 1.1 1.1 1.09999 1.09999 1.09999 1.09999 1.09999 1.09999 1.09999 1.09999 1.1 1.1 1.1 1.1 1.1 1.1 1.1 1.1 1.1 1.1 1.1 1.1 1.1 1.1 1.1 1.1 1.1 1.1 1.1 1.1 1.1 1.1 1.1 1.1 1.1 1.1 1.1 
1.1 1.1 1.1 1.1 1.1 1.1 1.1 1.1 1.1 1.1 1.1 1.1 1.1 1.1 1.1 1.1 1.1 1.1 1.1 1.1 1.1 1.1 1.1 1.1 1.1 1.1 1.1 1.1 1.1 1.1 1.1 1.1 1.1 1.1 1.1 1.1 1.1 1.1 1.1 1.1 1.10001 1.10001 1.10001 1.10001 1.10001 1.10001 1.10001 1.10001 1.10001 1.1 1.1 1.1 1.1 1.1 1.1 1.1 1.1 1.09999 1.09999 1.09999 1.09999 1.09999 1.09999 1.09999 1.1 1.1 1.1 1.1 1.1 1.1 1.1 1.1 1.1 1.1 1.1 1.1 1.1 1.1 1.1 1.1 1.1 1.1 1.1 1.1 1.1 1.1 1.1 1.1 1.1 1.1 1.1 
1.1 1.1 1.1 1.1 1.1 1.1 1.1 1.1 1.1 1.1 1.1 1.1 1.1 1.1 1.1 1.1 1.1 1.1 1.1 1.1 1.1 1.1 1.1 1.1 1.1 1.1 1.1 1.1 1.1 1.1 1.1 1.1 1.1 1.1 1.1 1.1 1.1 1.1 1.1 1.1 1.1 1.10001 1.10001 1.10001 1.10001 1.10001 1.10001 1.10001 1.1 1.1 1.1 1.1 1.1 1.1 1.1 1.1 1.1 1.1 1.09999 1.09999 1.09999 1.09999 1.09999 1.1 1.1 1.1 1.1 1.1 1.1 1.1 1.1 1.1 1.1 1.1 1.1 1.1 1.1 1.1 1.1 1.1 1.1 1.1 1.1 1.1 1.1 1.1 1.1 1.1 1.1 1.1 1.1 
1.1 1.1 1.1 1.1 1.1 1.1 1.1 1.1 1.1 1.1 1.1 1.1 1.1 1.1 1.1 1.1 1.1 1.1 1.1 1.1 1.1 1.1 1.1 1.1 1.1 1.1 1.1 1.1 1.1 1.1 1.1 1.1 1.1 1.1 1.1 1.1 1.1 1.1 1.1 1.1 1.10001 1.10001 1.10001 1.10001 1.10001 1.10001 1.10001 1.10001 1.1 1.1 1.1 1.1 1.1 1.1 1.1 1.1 1.1 1.1 1.1 1.1 1.1 1.1 1.1 1.1 1.1 1.1 1.1 1.1 1.1 1.1 1.1 1.1 1.1 1.1 1.1 1.1 1.1 1.1 1.1 1.1 1.1 1.1 1.1 1.1 1.1 1.1 1.1 1.1 1.1 1.1 1.1 
1.1 1.1 1.1 1.1 1.1 1.1 1.1 1.1 1.1 1.1 1.1 1.1 1.1 1.1 1.1 1.1 1.1 1.1 1.1 1.1 1.1 1.1 1.1 1.1 1.1 1.1 1.1 1.1 1.1 1.1 1.1 1.1 1.1 1.1 1.1 1.1 1.1 1.1 1.1 1.1 1.1 1.10001 1.10001 1.10001 1.10001 1.10001 1.10001 1.10001 1.1 1.1 1.1 1.1 1.1 1.1 1.1 1.1 1.1 1.1 1.1 1.1 1.1 1.1 1.1 1.1 1.1 1.1 1.1 1.1 1.1 1.1 1.1 1.1 1.1 1.1 1.1 1.1 1.1 1.1 1.1 1.1 1.1 1.1 1.1 1.1 1.1 1.1 1.1 1.1 1.1 1.1 1.1 
1.1 1.1 1.1 1.1 1.1 1.1 1.1 1.1 1.1 1.1 1.1 1.1 1.1 1.1 1.1 1.1 1.1 1.1 1.1 1.1 1.1 1.1 1.1 1.1 1.1 1.1 1.1 1.1 1.1 1.1 1.1 1.1 1.1 1.1 1.1 1.1 1.1 1.1 1.1 1.1 1.1 1.10001 1.10001 1.10001 1.10001 1.10001 1.10001 1.10001 1.1 1.1 1.1 1.1 1.1 1.1 1.1 1.1 1.1 1.1 1.1 1.1 1.1 1.1 1.1 1.1 1.1 1.1 1.1 1.1 1.1 1.1 1.1 1.1 1.1 1.1 1.1 1.1 1.1 1.1 1.1 1.1 1.1 1.1 1.1 1.1 1.1 1.1 1.1 1.1 1.1 1.1 1.1 
1.1 1.1 1.1 1.1 1.1 1.1 1.1 1.1 1.1 1.1 1.1 1.1 1.1 1.1 1.1 1.1 1.1 1.1 1.1 1.1 1.1 1.1 1.1 1.1 1.1 1.1 1.1 1.1 1.1 1.1 1.1 1.1 1.1 1.1 1.1 1.1 1.1 1.1 1.1 1.1 1.1 1.10001 1.1 1.1 1.10001 1.10001 1.10001 1.10001 1.1 1.1 1.1 1.1 1.1 1.1 1.1 1.1 1.1 1.1 1.1 1.1 1.1 1.1 1.1 1.1 1.1 1.1 1.1 1.1 1.1 1.1 1.1 1.1 1.1 1.1 1.1 1.1 1.1 1.1 1.1 1.1 1.1 1.1 1.1 1.1 1.1 1.1 1.1 1.1 1.1 1.1 1.1 
1.1 1.1 1.1 1.1 1.1 1.1 1.1 1.1 1.1 1.1 1.1 1.1 1.1 1.1 1.1 1.1 1.1 1.1 1.1 1.1 1.1 1.1 1.1 1.1 1.1 1.1 1.1 1.1 1.1 1.1 1.1 1.1 1.1 1.1 1.1 1.1 1.1 1.1 1.1 1.1 1.1 1.10001 1.1 1.1 1.10001 1.10001 1.10001 1.10001 1.1 1.1 1.1 1.1 1.1 1.1 1.1 1.1 1.1 1.1 1.1 1.1 1.1 1.1 1.1 1.1 1.1 1.1 1.1 1.1 1.1 1.1 1.1 1.1 1.1 1.1 1.1 1.1 1.1 1.1 1.1 1.1 1.1 1.1 1.1 1.1 1.1 1.1 1.1 1.1 1.1 1.1 1.1 
1.1 1.1 1.1 1.1 1.1 1.1 1.1 1.1 1.1 1.1 1.1 1.1 1.1 1.1 1.1 1.1 1.1 1.1 1.1 1.1 1.1 1.1 1.1 1.1 1.1 1.1 1.1 1.1 1.1 1.1 1.1 1.1 1.1 1.1 1.1 1.1 1.1 1.1 1.1 1.1 1.1 1.1 1.1 1.1 1.1 1.1 1.1 1.1 1.1 1.1 1.1 1.1 1.1 1.1 1.1 1.1 1.1 1.1 1.1 1.1 1.1 1.1 1.1 1.1 1.1 1.1 1.1 1.1 1.1 1.1 1.1 1.1 1.1 1.1 1.1 1.1 1.1 1.1 1.1 1.1 1.1 1.1 1.1 1.1 1.1 1.1 1.1 1.1 1.1 1.1 1.1 
1.1 1.1 1.1 1.1 1.1 1.1 1.1 1.1 1.1 1.1 1.1 1.1 1.1 1.1 1.1 1.1 1.1 1.1 1.1 1.1 1.1 1.1 1.1 1.1 1.1 1.1 1.1 1.1 1.1 1.1 1.1 1.1 1.1 1.1 1.1 1.1 1.1 1.1 1.1 1.1 1.1 1.1 1.1 1.1 1.1 1.1 1.1 1.1 1.1 1.1 1.1 1.1 1.1 1.1 1.1 1.1 1.1 1.1 1.1 1.1 1.1 1.1 1.1 1.1 1.1 1.1 1.1 1.1 1.1 1.1 1.1 1.1 1.1 1.1 1.1 1.1 1.1 1.1 1.1 1.1 1.1 1.1 1.1 1.1 1.1 1.1 1.1 1.1 1.1 1.1 1.1 
1.1 1.1 1.1 1.1 1.1 1.1 1.1 1.1 1.1 1.1 1.1 1.1 1.1 1.1 1.1 1.1 1.1 1.1 1.1 1.1 1.1 1.1 1.1 1.1 1.1 1.1 1.1 1.1 1.1 1.1 1.1 1.1 1.1 1.1 1.1 1.1 1.1 1.1 1.1 1.1 1.1 1.1 1.1 1.1 1.1 1.1 1.1 1.1 1.1 1.1 1.1 1.1 1.1 1.1 1.1 1.1 1.1 1.1 1.1 1.1 1.1 1.1 1.1 1.1 1.1 1.1 1.1 1.1 1.1 1.1 1.1 1.1 1.1 1.1 1.1 1.1 1.1 1.1 1.1 1.1 1.1 1.1 1.1 1.1 1.1 1.1 1.1 1.1 1.1 1.1 1.1 
1.1 1.1 1.1 1.1 1.1 1.1 1.1 1.1 1.1 1.1 1.1 1.1 1.1 1.1 1.1 1.1 1.1 1.1 1.1 1.1 1.1 1.1 1.1 1.1 1.1 1.1 1.1 1.1 1.1 1.1 1.1 1.1 1.1 1.1 1.1 1.1 1.1 1.1 1.1 1.1 1.1 1.1 1.1 1.1 1.1 1.1 1.1 1.1 1.1 1.1 1.1 1.1 1.1 1.1 1.1 1.1 1.1 1.1 1.1 1.1 1.1 1.1 1.1 1.1 1.1 1.1 1.1 1.1 1.1 1.1 1.1 1.1 1.1 1.1 1.1 1.1 1.1 1.1 1.1 1.1 1.1 1.1 1.1 1.1 1.1 1.1 1.1 1.1 1.1 1.1 1.1 
1.1 1.1 1.1 1.1 1.1 1.1 1.1 1.1 1.1 1.1 1.1 1.1 1.1 1.1 1.1 1.1 1.1 1.1 1.1 1.1 1.1 1.1 1.1 1.1 1.1 1.1 1.1 1.1 1.1 1.1 1.1 1.1 1.1 1.1 1.1 1.1 1.1 1.1 1.1 1.1 1.1 1.1 1.1 1.1 1.1 1.1 1.1 1.1 1.1 1.1 1.1 1.1 1.1 1.1 1.1 1.1 1.1 1.1 1.1 1.1 1.1 1.1 1.1 1.1 1.1 1.1 1.1 1.1 1.1 1.1 1.1 1.1 1.1 1.1 1.1 1.1 1.1 1.1 1.1 1.1 1.1 1.1 1.1 1.1 1.1 1.1 1.1 1.1 1.1 1.1 1.1 
1.1 1.1 1.1 1.1 1.1 1.1 1.1 1.1 1.1 1.1 1.1 1.1 1.1 1.1 1.1 1.1 1.1 1.1 1.1 1.1 1.1 1.1 1.1 1.1 1.1 1.1 1.1 1.1 1.1 1.1 1.1 1.1 1.1 1.1 1.1 1.1 1.1 1.1 1.1 1.1 1.1 1.1 1.1 1.1 1.1 1.1 1.1 1.1 1.1 1.1 1.1 1.1 1.1 1.1 1.1 1.1 1.1 1.1 1.1 1.1 1.1 1.1 1.1 1.1 1.1 1.1 1.1 1.1 1.1 1.1 1.1 1.1 1.1 1.1 1.1 1.1 1.1 1.1 1.1 1.1 1.1 1.1 1.1 1.1 1.1 1.1 1.1 1.1 1.1 1.1 1.1 
1.1 1.1 1.1 1.1 1.1 1.1 1.1 1.1 1.1 1.1 1.1 1.1 1.1 1.1 1.1 1.1 1.1 1.1 1.1 1.1 1.1 1.1 1.1 1.1 1.1 1.1 1.1 1.1 1.1 1.1 1.1 1.1 1.1 1.1 1.1 1.1 1.1 1.1 1.1 1.1 1.1 1.1 1.1 1.1 1.1 1.1 1.1 1.1 1.1 1.1 1.1 1.1 1.1 1.1 1.1 1.1 1.1 1.1 1.1 1.1 1.1 1.1 1.1 1.1 1.1 1.1 1.1 1.1 1.1 1.1 1.1 1.1 1.1 1.1 1.1 1.1 1.1 1.1 1.1 1.1 1.1 1.1 1.1 1.1 1.1 1.1 1.1 1.1 1.1 1.1 1.1 
1.1 1.1 1.1 1.1 1.1 1.1 1.1 1.1 1.1 1.1 1.1 1.1 1.1 1.1 1.1 1.1 1.1 1.1 1.1 1.1 1.1 1.1 1.1 1.1 1.1 1.1 1.1 1.1 1.1 1.1 1.1 1.1 1.1 1.1 1.1 1.1 1.1 1.1 1.1 1.1 1.1 1.1 1.1 1.1 1.1 1.1 1.1 1.1 1.1 1.1 1.1 1.1 1.1 1.1 1.1 1.1 1.1 1.1 1.1 1.1 1.1 1.1 1.1 1.1 1.1 1.1 1.1 1.1 1.1 1.1 1.1 1.1 1.1 1.1 1.1 1.1 1.1 1.1 1.1 1.1 1.1 1.1 1.1 1.1 1.1 1.1 1.1 1.1 1.1 1.1 1.1 
1.1 1.1 1.1 1.1 1.1 1.1 1.1 1.1 1.1 1.1 1.1 1.1 1.1 1.1 1.1 1.1 1.1 1.1 1.1 1.1 1.1 1.1 1.1 1.1 1.1 1.1 1.1 1.1 1.1 1.1 1.1 1.1 1.1 1.1 1.1 1.1 1.1 1.1 1.1 1.1 1.1 1.1 1.1 1.1 1.1 1.1 1.1 1.1 1.1 1.1 1.1 1.1 1.1 1.1 1.1 1.1 1.1 1.1 1.1 1.1 1.1 1.1 1.1 1.1 1.1 1.1 1.1 1.1 1.1 1.1 1.1 1.1 1.1 1.1 1.1 1.1 1.1 1.1 1.1 1.1 1.1 1.1 1.1 1.1 1.1 1.1 1.1 1.1 1.1 1.1 1.1 
1.1 1.1 1.1 1.1 1.1 1.1 1.1 1.1 1.1 1.1 1.1 1.1 1.1 1.1 1.1 1.1 1.1 1.1 1.1 1.1 1.1 1.1 1.1 1.1 1.1 1.1 1.1 1.1 1.1 1.1 1.1 1.1 1.1 1.1 1.1 1.1 1.1 1.1 1.1 1.1 1.1 1.1 1.1 1.1 1.1 1.1 1.1 1.1 1.1 1.1 1.1 1.1 1.1 1.1 1.1 1.1 1.1 1.1 1.1 1.1 1.1 1.1 1.1 1.1 1.1 1.1 1.1 1.1 1.1 1.1 1.1 1.1 1.1 1.1 1.1 1.1 1.1 1.1 1.1 1.1 1.1 1.1 1.1 1.1 1.1 1.1 1.1 1.1 1.1 1.1 1.1 
1.1 1.1 1.1 1.1 1.1 1.1 1.1 1.1 1.1 1.1 1.1 1.1 1.1 1.1 1.1 1.1 1.1 1.1 1.1 1.1 1.1 1.1 1.1 1.1 1.1 1.1 1.1 1.1 1.1 1.1 1.1 1.1 1.1 1.1 1.1 1.1 1.1 1.1 1.1 1.1 1.1 1.1 1.1 1.1 1.1 1.1 1.1 1.1 1.1 1.1 1.1 1.1 1.1 1.1 1.1 1.1 1.1 1.1 1.1 1.1 1.1 1.1 1.1 1.1 1.1 1.1 1.1 1.1 1.1 1.1 1.1 1.1 1.1 1.1 1.1 1.1 1.1 1.1 1.1 1.1 1.1 1.1 1.1 1.1 1.1 1.1 1.1 1.1 1.1 1.1 1.1 
