    0 124.790788
    1 161.501127
    2 202.639114
    3 231.303843
    4 252.280104
    5 269.923710
    6 285.842658
    7 300.307580
    8 313.281798
    9 324.766201
   10 334.833751
   11 343.571627
   12 351.041951
   13 357.281043
   14 362.330021
   15 366.254763
   16 369.163129
   17 371.185964
   18 372.464101
   19 373.142132
   20 373.348538
   21 373.186169
   22 372.733834
   23 372.053515
   24 371.182290
   25 370.149513
   26 368.968670
   27 367.655063
   28 366.217798
   29 364.670296
   30 363.023371
   31 361.293960
   32 359.497179
   33 357.646696
   34 355.757878
   35 353.839517
   36 351.895913
   37 349.932165
   38 347.943906
   39 345.926674
   40 343.877165
   41 341.787491
   42 339.653068
   43 337.475138
   44 335.254527
   45 332.995901
   46 330.707485
   47 328.403833
   48 326.097779
   49 323.801808
   50 321.530148
   51 319.294378
   52 317.104335
   53 314.964585
   54 312.877029
   55 310.841544
   56 308.855891
   57 306.914952
   58 305.010932
   59 303.137504
   60 301.287286
   61 299.453835
   62 297.631800
   63 295.815757
   64 294.001725
   65 292.186689
   66 290.368421
   67 288.545779
   68 286.716238
   69 284.880647
   70 283.040492
   71 281.196452
   72 279.349196
   73 277.499820
   74 275.648957
   75 273.798118
   76 271.948241
   77 270.099913
   78 268.256416
   79 266.419094
   80 264.589224
   81 262.767125
   82 260.954051
   83 259.150707
   84 257.357528
   85 255.574610
   86 253.801878
   87 252.038019
   88 250.283775
   89 248.539343
   90 246.803932
   91 245.077453
   92 243.360360
   93 241.652437
   94 239.953031
   95 238.262079
   96 236.579366
   97 234.904796
   98 233.238237
   99 231.579557
  100 229.927666
  101 228.284056
  102 226.649421
  103 225.024392
  104 223.409255
  105 221.804158
  106 220.209344
  107 218.625702
  108 217.053622
  109 215.493773
  110 213.946718
  111 212.412944
  112 210.892897
  113 209.386924
  114 207.895641
  115 206.419643
  116 204.958263
  117 203.512125
  118 202.082441
  119 200.669410
  120 199.273584
  121 197.894681
  122 196.533016
  123 195.188611
  124 193.861393
  125 192.551298
  126 191.258172
  127 189.981898
  128 188.722286
  129 187.479026
  130 186.251805
  131 185.040264
  132 183.843765
  133 182.662089
  134 181.495298
  135 180.341515
  136 179.201654
  137 178.075423
  138 176.962394
  139 175.862082
  140 174.773992
  141 173.697557
  142 172.632214
  143 171.577472
  144 170.532824
  145 169.497963
  146 168.472685
  147 167.455916
  148 166.447176
  149 165.445971
  150 164.451830
  151 163.464295
  152 162.482920
  153 161.507029
  154 160.536139
  155 159.569702
  156 158.607493
  157 157.649802
  158 156.696239
  159 155.746416
  160 154.799961
  161 153.856496
  162 152.915709
  163 151.977288
  164 151.040924
  165 150.106325
  166 149.173214
  167 148.241334
  168 147.310445
  169 146.380324
  170 145.450755
  171 144.521548
  172 143.592517
  173 142.663508
  174 141.734423
  175 140.805046
  176 139.874543
  177 138.943381
  178 138.011736
  179 137.079504
  180 136.146571
  181 135.212887
  182 134.278385
  183 133.343012
  184 132.406750
  185 131.469529
  186 130.531431
  187 129.592610
  188 128.652722
  189 127.711762
  190 126.769740
  191 125.826670
  192 124.882578
  193 123.937503
  194 122.991488
  195 122.044584
  196 121.096305
  197 120.147126
  198 119.197387
  199 118.247161
  200 117.296428
  201 116.345410
  202 115.394223
  203 114.442948
  204 113.491671
  205 112.540483
  206 111.589490
  207 110.638798
  208 109.688514
  209 108.738749
  210 107.789638
  211 106.841302
  212 105.893851
  213 104.947413
  214 104.001949
  215 103.057348
  216 102.114263
  217 101.172829
  218 100.233185
  219 99.295471
  220 98.359827
  221 97.426394
  222 96.495316
  223 95.566737
  224 94.640802
  225 93.717709
  226 92.797542
  227 91.880453
  228 90.966587
  229 90.056092
  230 89.149109
  231 88.245467
  232 87.345489
  233 86.449526
  234 85.557724
  235 84.670233
  236 83.787199
  237 82.908774
  238 82.035176
  239 81.166473
  240 80.302818
  241 79.444362
  242 78.591263
  243 77.743677
  244 76.901763
  245 76.065684
  246 75.235388
  247 74.411027
  248 73.593070
  249 72.781652
  250 71.976890
  251 71.178968
  252 70.388053
  253 69.604313
  254 68.827921
  255 68.059045
  256 67.297902
  257 66.544680
  258 65.799493
  259 65.062515
  260 64.333552
  261 63.613147
  262 62.901621
  263 62.199079
  264 61.505724
  265 60.821727
  266 60.147248
  267 59.482414
  268 58.827369
  269 58.182287
  270 57.547338
  271 56.922535
  272 56.308011
  273 55.704161
  274 55.111144
  275 54.529110
  276 53.958208
  277 53.398542
  278 52.850255
  279 52.313512
  280 51.788438
  281 51.274835
  282 50.773159
  283 50.283502
  284 49.805949
  285 49.340579
  286 48.887459
  287 48.446645
  288 48.018005
  289 47.601684
  290 47.197806
  291 46.806385
  292 46.427418
  293 46.060771
  294 45.706421
  295 45.364482
  296 45.034818
  297 44.717280
  298 44.411900
  299 44.118677
  300 43.837489
  301 43.568224
  302 43.310750
  303 43.064911
  304 42.830538
  305 42.607453
  306 42.395485
  307 42.194451
  308 42.004131
  309 41.824323
  310 41.654782
  311 41.495280
  312 41.345584
  313 41.205444
  314 41.074601
  315 40.952793
  316 40.839749
  317 40.735193
  318 40.638846
  319 40.550427
  320 40.469646
  321 40.396216
  322 40.329845
  323 40.270242
  324 40.217113
  325 40.170167
  326 40.129111
  327 40.093654
  328 40.063509
  329 40.038388
  330 40.018008
  331 40.002089
  332 39.990355
  333 39.982533
  334 39.978357
  335 39.977570
  336 39.979908
  337 39.985117
  338 39.992951
  339 40.003167
  340 40.015531
  341 40.029813
  342 40.045791
  343 40.063246
  344 40.081966
  345 40.101747
  346 40.122390
  347 40.143702
  348 40.165496
  349 40.187593
  350 40.209818
  351 40.232004
  352 40.253988
  353 40.275616
  354 40.296738
  355 40.317211
  356 40.336900
  357 40.355670
  358 40.373395
  359 40.389954
  360 40.405232
  361 40.419118
  362 40.431508
  363 40.442302
  364 40.451403
  365 40.458724
  366 40.464170
  367 40.467665
  368 40.469130
  369 40.468496
  370 40.465699
  371 40.460676
  372 40.453357
  373 40.443699
  374 40.431649
  375 40.417162
  376 40.400194
  377 40.380691
  378 40.358625
  379 40.333967
  380 40.306690
  381 40.276767
  382 40.244182
  383 40.208905
  384 40.170910
  385 40.130195
  386 40.086748
  387 40.040561
  388 39.991627
  389 39.939943
  390 39.885498
  391 39.828293
  392 39.768340
  393 39.705643
  394 39.640210
  395 39.572049
  396 39.501165
  397 39.427568
  398 39.351282
  399 39.272325
  400 39.190715
  401 39.106463
  402 39.019595
  403 38.930140
  404 38.838111
  405 38.743536
  406 38.646454
  407 38.546895
  408 38.444888
  409 38.340465
  410 38.233661
  411 38.124509
  412 38.013045
  413 37.899304
  414 37.783325
  415 37.665146
  416 37.544805
  417 37.422344
  418 37.297804
  419 37.171225
  420 37.042651
  421 36.912125
  422 36.779690
  423 36.645392
  424 36.509275
  425 36.371384
  426 36.231767
  427 36.090468
  428 35.947497
  429 35.802723
  430 35.656475
  431 35.508800
  432 35.359742
  433 35.209346
  434 35.057657
  435 34.904718
  436 34.750571
  437 34.595259
  438 34.438824
  439 34.281307
  440 34.122749
  441 33.963192
  442 33.802676
  443 33.641245
  444 33.478938
  445 33.315800
  446 33.151872
  447 32.987198
  448 32.821821
  449 32.655785
  450 32.489136
  451 32.321916
  452 32.154167
  453 31.985938
  454 31.817274
  455 31.648220
  456 31.478818
  457 31.309114
  458 31.139152
  459 30.968976
  460 30.798628
  461 30.628150
  462 30.457581
  463 30.286963
  464 30.116335
  465 29.945734
  466 29.775198
  467 29.604765
  468 29.434469
  469 29.264345
  470 29.094429
  471 28.924753
  472 28.755350
  473 28.586252
  474 28.417490
  475 28.249095
  476 28.081096
  477 27.913521
  478 27.746400
  479 27.579761
  480 27.413630
  481 27.248033
  482 27.082996
  483 26.918545
  484 26.754705
  485 26.591496
  486 26.428939
  487 26.267062
  488 26.105887
  489 25.945436
  490 25.785728
  491 25.626784
  492 25.468623
  493 25.311264
  494 25.154724
  495 24.999022
  496 24.844174
  497 24.690196
  498 24.537106
  499 24.384919
  500 24.233648
  501 24.083310
  502 23.933917
  503 23.785485
  504 23.638024
  505 23.491548
  506 23.346065
  507 23.201586
  508 23.058122
  509 22.915684
  510 22.774279
  511 22.633908
  512 22.494573
  513 22.356300
  514 22.219095
  515 22.082964
  516 21.947914
  517 21.813950
  518 21.681079
  519 21.549305
  520 21.418633
  521 21.289066
  522 21.160612
  523 21.033274
  524 20.907054
  525 20.781956
  526 20.657982
  527 20.535133
  528 20.413411
  529 20.292815
  530 20.173348
  531 20.055010
  532 19.937799
  533 19.821717
  534 19.706761
  535 19.592931
  536 19.480225
  537 19.368642
  538 19.258178
  539 19.148832
  540 19.040602
  541 18.933484
  542 18.827476
  543 18.722573
  544 18.618771
  545 18.516066
  546 18.414454
  547 18.313931
  548 18.214491
  549 18.116129
  550 18.018840
  551 17.922618
  552 17.827456
  553 17.733348
  554 17.640287
  555 17.548266
  556 17.457278
  557 17.367315
  558 17.278370
  559 17.190434
  560 17.103499
  561 17.017555
  562 16.932596
  563 16.848612
  564 16.765594
  565 16.683532
  566 16.602419
  567 16.522242
  568 16.442994
  569 16.364664
  570 16.287241
  571 16.210716
  572 16.135077
  573 16.060315
  574 15.986417
  575 15.913375
  576 15.841175
  577 15.769807
  578 15.699258
  579 15.629514
  580 15.560569
  581 15.492411
  582 15.425028
  583 15.358408
  584 15.292538
  585 15.227406
  586 15.163000
  587 15.099308
  588 15.036316
  589 14.974014
  590 14.912387
  591 14.851424
  592 14.791113
  593 14.731440
  594 14.672394
  595 14.613961
  596 14.556129
  597 14.498886
  598 14.442219
  599 14.386111
  600 14.330541
  601 14.275511
  602 14.221009
  603 14.167022
  604 14.113540
  605 14.060551
  606 14.008044
  607 13.956007
  608 13.904426
  609 13.853290
  610 13.802585
  611 13.752298
  612 13.702418
  613 13.652932
  614 13.603824
  615 13.555086
  616 13.506706
  617 13.458672
  618 13.410973
  619 13.363597
  620 13.316533
  621 13.269785
  622 13.223341
  623 13.177176
  624 13.131280
  625 13.085642
  626 13.040251
  627 12.995097
  628 12.950168
  629 12.905459
  630 12.860958
  631 12.816658
  632 12.772552
  633 12.728631
  634 12.684883
  635 12.641301
  636 12.597876
  637 12.554601
  638 12.511469
  639 12.468473
  640 12.425606
  641 12.382861
  642 12.340232
  643 12.297711
  644 12.255289
  645 12.212959
  646 12.170714
  647 12.128546
  648 12.086450
  649 12.044417
  650 12.002443
  651 11.960521
  652 11.918646
  653 11.876812
  654 11.835014
  655 11.793248
  656 11.751508
  657 11.709791
  658 11.668092
  659 11.626407
  660 11.584732
  661 11.543064
  662 11.501398
  663 11.459739
  664 11.418076
  665 11.376406
  666 11.334725
  667 11.293031
  668 11.251321
  669 11.209599
  670 11.167988
  671 11.126342
  672 11.084659
  673 11.042936
  674 11.001169
  675 10.959356
  676 10.917498
  677 10.875591
  678 10.833634
  679 10.791627
  680 10.749568
  681 10.707458
  682 10.665297
  683 10.623084
  684 10.580820
  685 10.538506
  686 10.496141
  687 10.453727
  688 10.411264
  689 10.368752
  690 10.326192
  691 10.283585
  692 10.240931
  693 10.198230
  694 10.155484
  695 10.112693
  696 10.069856
  697 10.026976
  698 9.984053
  699 9.941087
  700 9.898079
  701 9.855030
  702 9.811940
  703 9.768811
  704 9.725644
  705 9.682439
  706 9.639197
  707 9.595919
  708 9.552608
  709 9.509264
  710 9.465888
  711 9.422482
  712 9.379047
  713 9.335585
  714 9.292097
  715 9.248586
  716 9.205051
  717 9.161496
  718 9.117918
  719 9.074324
  720 9.030715
  721 8.987092
  722 8.943456
  723 8.899809
  724 8.856154
  725 8.812493
  726 8.768828
  727 8.725161
  728 8.681495
  729 8.637832
  730 8.594174
  731 8.550523
  732 8.506880
  733 8.463249
  734 8.419630
  735 8.376025
  736 8.332438
  737 8.288869
  738 8.245321
  739 8.201796
  740 8.158297
  741 8.114825
  742 8.071384
  743 8.027974
  744 7.984599
  745 7.941261
  746 7.897963
  747 7.854705
  748 7.811492
  749 7.768324
  750 7.725205
  751 7.682137
  752 7.639122
  753 7.596163
  754 7.553261
  755 7.510419
  756 7.467640
  757 7.424927
  758 7.382283
  759 7.339711
  760 7.297213
  761 7.254792
  762 7.212449
  763 7.170188
  764 7.128011
  765 7.085917
  766 7.043910
  767 7.001989
  768 6.960157
  769 6.918416
  770 6.876768
  771 6.835216
  772 6.793760
  773 6.752404
  774 6.711150
  775 6.669999
  776 6.628955
  777 6.588019
  778 6.547193
  779 6.506481
  780 6.465883
  781 6.425402
  782 6.385040
  783 6.344800
  784 6.304684
  785 6.264693
  786 6.224829
  787 6.185096
  788 6.145494
  789 6.106026
  790 6.066694
  791 6.027500
  792 5.988447
  793 5.949535
  794 5.910768
  795 5.872146
  796 5.833673
  797 5.795350
  798 5.757179
  799 5.719162
  800 5.681300
  801 5.643597
  802 5.606054
  803 5.568672
  804 5.531453
  805 5.494400
  806 5.457514
  807 5.420796
  808 5.384249
  809 5.347875
  810 5.311675
  811 5.275650
  812 5.239803
  813 5.204135
  814 5.168648
  815 5.133343
  816 5.098222
  817 5.063287
  818 5.028538
  819 4.993979
  820 4.959610
  821 4.925433
  822 4.891449
  823 4.857659
  824 4.824066
  825 4.790670
  826 4.757473
  827 4.724477
  828 4.691682
  829 4.659091
  830 4.626704
  831 4.594522
  832 4.562548
  833 4.530782
  834 4.499225
  835 4.467879
  836 4.436745
  837 4.405823
  838 4.375116
  839 4.344624
  840 4.314348
  841 4.284289
  842 4.254448
  843 4.224827
  844 4.195426
  845 4.166247
  846 4.137289
  847 4.108554
  848 4.080044
  849 4.051758
  850 4.023697
  851 3.995863
  852 3.968256
  853 3.940876
  854 3.913725
  855 3.886804
  856 3.860112
  857 3.833650
  858 3.807420
  859 3.781421
  860 3.755654
  861 3.730119
  862 3.704818
  863 3.679750
  864 3.654916
  865 3.630316
  866 3.605950
  867 3.581820
  868 3.557924
  869 3.534264
  870 3.510840
  871 3.487651
  872 3.464697
  873 3.441980
  874 3.419499
  875 3.397253
  876 3.375244
  877 3.353470
  878 3.331932
  879 3.310629
  880 3.289562
  881 3.268730
  882 3.248133
  883 3.227771
  884 3.207643
  885 3.187749
  886 3.168088
  887 3.148661
  888 3.129467
  889 3.110505
  890 3.091775
  891 3.073276
  892 3.055008
  893 3.036969
  894 3.019160
  895 3.001579
  896 2.984225
  897 2.967098
  898 2.950196
  899 2.933519
  900 2.917066
  901 2.900836
  902 2.884828
  903 2.869040
  904 2.853472
  905 2.838122
  906 2.822990
  907 2.808074
  908 2.793372
  909 2.778884
  910 2.764608
  911 2.750543
  912 2.736687
  913 2.723040
  914 2.709598
  915 2.696362
  916 2.683329
  917 2.670497
  918 2.657866
  919 2.645433
  920 2.633197
  921 2.621156
  922 2.609309
  923 2.597653
  924 2.586187
  925 2.574907
  926 2.563812
  927 2.552902
  928 2.542174
  929 2.531627
  930 2.521259
  931 2.511068
  932 2.501051
  933 2.491206
  934 2.481532
  935 2.472027
  936 2.462688
  937 2.453513
  938 2.444500
  939 2.435647
  940 2.426952
  941 2.418412
  942 2.410025
  943 2.401789
  944 2.393702
  945 2.385761
  946 2.377964
  947 2.370310
  948 2.362795
  949 2.355417
  950 2.348174
  951 2.341064
  952 2.334085
  953 2.327234
  954 2.320509
  955 2.313907
  956 2.307427
  957 2.301066
  958 2.294822
  959 2.288693
  960 2.282676
  961 2.276769
  962 2.270970
  963 2.265277
  964 2.259687
  965 2.254198
  966 2.248809
  967 2.243516
  968 2.238317
  969 2.233211
  970 2.228195
  971 2.223267
  972 2.218425
  973 2.213666
  974 2.208990
  975 2.204393
  976 2.199873
  977 2.195429
  978 2.191058
  979 2.186758
  980 2.182527
  981 2.178364
  982 2.174266
  983 2.170232
  984 2.166258
  985 2.162344
  986 2.158488
  987 2.154688
  988 2.150941
  989 2.147246
  990 2.143601
  991 2.140005
  992 2.136455
  993 2.132950
  994 2.129488
  995 2.126067
  996 2.122686
  997 2.119344
  998 2.116037
  999 2.112765
 1000 2.109526
 1001 2.106319
 1002 2.103142
 1003 2.099994
 1004 2.096872
 1005 2.093776
 1006 2.090704
 1007 2.087655
 1008 2.084627
 1009 2.081619
 1010 2.078629
 1011 2.075656
 1012 2.072700
 1013 2.069757
 1014 2.066828
 1015 2.063912
 1016 2.061005
 1017 2.058109
 1018 2.055221
 1019 2.052340
 1020 2.049465
 1021 2.046596
 1022 2.043730
 1023 2.040867
 1024 2.038006
 1025 2.035146
 1026 2.032285
 1027 2.029424
 1028 2.026560
 1029 2.023693
 1030 2.020823
 1031 2.017947
 1032 2.015066
 1033 2.012178
 1034 2.009282
 1035 2.006379
 1036 2.003466
 1037 2.000544
 1038 1.997611
 1039 1.994667
 1040 1.991710
 1041 1.988741
 1042 1.985759
 1043 1.982762
 1044 1.979751
 1045 1.976725
 1046 1.973682
 1047 1.970623
 1048 1.967547
 1049 1.964454
 1050 1.961342
 1051 1.958212
 1052 1.955062
 1053 1.951893
 1054 1.948703
 1055 1.945493
 1056 1.942262
 1057 1.939009
 1058 1.935735
 1059 1.932439
 1060 1.929119
 1061 1.925777
 1062 1.922412
 1063 1.919022
 1064 1.915609
 1065 1.912172
 1066 1.908710
 1067 1.905223
 1068 1.901711
 1069 1.898173
 1070 1.894610
 1071 1.891021
 1072 1.887405
 1073 1.883764
 1074 1.880095
 1075 1.876401
 1076 1.872679
 1077 1.868930
 1078 1.865154
 1079 1.861351
 1080 1.857521
 1081 1.853663
 1082 1.849778
 1083 1.845865
 1084 1.841925
 1085 1.837957
 1086 1.833961
 1087 1.829937
 1088 1.825885
 1089 1.821806
 1090 1.817699
 1091 1.813563
 1092 1.809400
 1093 1.805209
 1094 1.800990
 1095 1.796744
 1096 1.792469
 1097 1.788167
 1098 1.783837
 1099 1.779480
 1100 1.775095
 1101 1.770683
 1102 1.766243
 1103 1.761776
 1104 1.757282
 1105 1.752761
 1106 1.748213
 1107 1.743638
 1108 1.739036
 1109 1.734408
 1110 1.729754
 1111 1.725073
 1112 1.720366
 1113 1.715634
 1114 1.710876
 1115 1.706092
 1116 1.701283
 1117 1.696448
 1118 1.691589
 1119 1.686705
 1120 1.681796
 1121 1.676863
 1122 1.671906
 1123 1.666925
 1124 1.661920
 1125 1.656892
 1126 1.651840
 1127 1.646766
 1128 1.641669
 1129 1.636549
 1130 1.631407
 1131 1.626243
 1132 1.621058
 1133 1.615851
 1134 1.610623
 1135 1.605374
 1136 1.600104
 1137 1.594814
 1138 1.589504
 1139 1.584175
 1140 1.578825
 1141 1.573457
 1142 1.568070
 1143 1.562664
 1144 1.557240
 1145 1.551797
 1146 1.546338
 1147 1.540861
 1148 1.535367
 1149 1.529856
 1150 1.524328
 1151 1.518785
 1152 1.513226
 1153 1.507652
 1154 1.502062
 1155 1.496458
 1156 1.490839
 1157 1.485206
 1158 1.479559
 1159 1.473899
 1160 1.468226
 1161 1.462540
 1162 1.456841
 1163 1.451131
 1164 1.445408
 1165 1.439675
 1166 1.433930
 1167 1.428174
 1168 1.422408
 1169 1.416632
 1170 1.410846
 1171 1.405051
 1172 1.399247
 1173 1.393435
 1174 1.387614
 1175 1.381785
 1176 1.375948
 1177 1.370105
 1178 1.364254
 1179 1.358397
 1180 1.352534
 1181 1.346665
 1182 1.340790
 1183 1.334911
 1184 1.329026
 1185 1.323138
 1186 1.317245
 1187 1.311348
 1188 1.305449
 1189 1.299546
 1190 1.293640
 1191 1.287732
 1192 1.281823
 1193 1.275911
 1194 1.269999
 1195 1.264085
 1196 1.258171
 1197 1.252257
 1198 1.246343
 1199 1.240429
 1200 1.234517
 1201 1.228605
 1202 1.222695
 1203 1.216787
 1204 1.210881
 1205 1.204977
 1206 1.199076
 1207 1.193179
 1208 1.187285
 1209 1.181395
 1210 1.175509
 1211 1.169627
 1212 1.163751
 1213 1.157879
 1214 1.152013
 1215 1.146153
 1216 1.140299
 1217 1.134452
 1218 1.128611
 1219 1.122778
 1220 1.116952
 1221 1.111133
 1222 1.105323
 1223 1.099521
 1224 1.093728
 1225 1.087944
 1226 1.082169
 1227 1.076404
 1228 1.070648
 1229 1.064903
 1230 1.059168
 1231 1.053445
 1232 1.047732
 1233 1.042031
 1234 1.036341
 1235 1.030664
 1236 1.024999
 1237 1.019346
 1238 1.013706
 1239 1.008080
 1240 1.002467
 1241 0.996867
 1242 0.991282
 1243 0.985711
 1244 0.980154
 1245 0.974612
 1246 0.969086
 1247 0.963574
 1248 0.958079
 1249 0.952599
 1250 0.947135
 1251 0.941688
 1252 0.936258
 1253 0.930844
 1254 0.925448
 1255 0.920069
 1256 0.914708
 1257 0.909365
 1258 0.904040
 1259 0.898733
 1260 0.893445
 1261 0.888176
 1262 0.882927
 1263 0.877696
 1264 0.872485
 1265 0.867294
 1266 0.862124
 1267 0.856973
 1268 0.851843
 1269 0.846734
 1270 0.841646
 1271 0.836579
 1272 0.831533
 1273 0.826509
 1274 0.821507
 1275 0.816527
 1276 0.811569
 1277 0.806634
 1278 0.801721
 1279 0.796831
 1280 0.791965
 1281 0.787121
 1282 0.782301
 1283 0.777505
 1284 0.772732
 1285 0.767984
 1286 0.763259
 1287 0.758559
 1288 0.753884
 1289 0.749233
 1290 0.744608
 1291 0.740007
 1292 0.735432
 1293 0.730882
 1294 0.726357
 1295 0.721859
 1296 0.717386
 1297 0.712939
 1298 0.708519
 1299 0.704125
 1300 0.699757
 1301 0.695417
 1302 0.691102
 1303 0.686815
 1304 0.682555
 1305 0.678322
 1306 0.674117
 1307 0.669939
 1308 0.665789
 1309 0.661666
 1310 0.657571
 1311 0.653505
 1312 0.649466
 1313 0.645455
 1314 0.641473
 1315 0.637520
 1316 0.633594
 1317 0.629698
 1318 0.625830
 1319 0.621991
 1320 0.618181
 1321 0.614400
 1322 0.610648
 1323 0.606925
 1324 0.603231
 1325 0.599567
 1326 0.595932
 1327 0.592327
 1328 0.588751
 1329 0.585205
 1330 0.581688
 1331 0.578201
 1332 0.574744
 1333 0.571317
 1334 0.567920
 1335 0.564552
 1336 0.561215
 1337 0.557907
 1338 0.554630
 1339 0.551382
 1340 0.548165
 1341 0.544977
 1342 0.541820
 1343 0.538693
 1344 0.535596
 1345 0.532528
 1346 0.529492
 1347 0.526485
 1348 0.523508
 1349 0.520561
 1350 0.517645
 1351 0.514758
 1352 0.511902
 1353 0.509075
 1354 0.506278
 1355 0.503511
 1356 0.500775
 1357 0.498067
 1358 0.495390
 1359 0.492742
 1360 0.490124
 1361 0.487536
 1362 0.484977
 1363 0.482447
 1364 0.479947
 1365 0.477475
 1366 0.475033
 1367 0.472621
 1368 0.470237
 1369 0.467881
 1370 0.465555
 1371 0.463257
 1372 0.460988
 1373 0.458747
 1374 0.456535
 1375 0.454350
 1376 0.452194
 1377 0.450065
 1378 0.447964
 1379 0.445890
 1380 0.443844
 1381 0.441825
 1382 0.439834
 1383 0.437869
 1384 0.435931
 1385 0.434019
 1386 0.432134
 1387 0.430274
 1388 0.428441
 1389 0.426634
 1390 0.424852
 1391 0.423096
 1392 0.421365
 1393 0.419658
 1394 0.417977
 1395 0.416320
 1396 0.414687
 1397 0.413079
 1398 0.411494
 1399 0.409933
 1400 0.408395
 1401 0.406881
 1402 0.405389
 1403 0.403920
 1404 0.402474
 1405 0.401049
 1406 0.399647
 1407 0.398266
 1408 0.396907
 1409 0.395569
 1410 0.394251
 1411 0.392955
 1412 0.391678
 1413 0.390422
 1414 0.389185
 1415 0.387968
 1416 0.386771
 1417 0.385592
 1418 0.384432
 1419 0.383290
 1420 0.382167
 1421 0.381061
 1422 0.379973
 1423 0.378903
 1424 0.377849
 1425 0.376812
 1426 0.375792
 1427 0.374787
 1428 0.373799
 1429 0.372826
 1430 0.371868
 1431 0.370926
 1432 0.369998
 1433 0.369085
 1434 0.368186
 1435 0.367300
 1436 0.366429
 1437 0.365571
 1438 0.364725
 1439 0.363893
 1440 0.363073
 1441 0.362265
 1442 0.361469
 1443 0.360685
 1444 0.359912
 1445 0.359150
 1446 0.358400
 1447 0.357659
 1448 0.356929
 1449 0.356209
 1450 0.355499
 1451 0.354798
 1452 0.354107
 1453 0.353425
 1454 0.352751
 1455 0.352086
 1456 0.351429
 1457 0.350780
 1458 0.350138
 1459 0.349504
 1460 0.348878
 1461 0.348258
 1462 0.347646
 1463 0.347039
 1464 0.346439
 1465 0.345846
 1466 0.345257
 1467 0.344675
 1468 0.344098
 1469 0.343526
 1470 0.342959
 1471 0.342397
 1472 0.341840
 1473 0.341287
 1474 0.340737
 1475 0.340192
 1476 0.339651
 1477 0.339113
 1478 0.338578
 1479 0.338047
 1480 0.337519
 1481 0.336993
 1482 0.336470
 1483 0.335950
 1484 0.335431
 1485 0.334915
 1486 0.334401
 1487 0.333888
 1488 0.333377
 1489 0.332868
 1490 0.332359
 1491 0.331852
 1492 0.331346
 1493 0.330841
 1494 0.330336
 1495 0.329832
 1496 0.329328
 1497 0.328824
 1498 0.328321
 1499 0.327817
 1500 0.327314
 1501 0.326810
 1502 0.326306
 1503 0.325801
 1504 0.325296
 1505 0.324790
 1506 0.324283
 1507 0.323775
 1508 0.323266
 1509 0.322756
 1510 0.322244
 1511 0.321731
 1512 0.321217
 1513 0.320701
 1514 0.320184
 1515 0.319665
 1516 0.319143
 1517 0.318621
 1518 0.318096
 1519 0.317569
 1520 0.317039
 1521 0.316508
 1522 0.315974
 1523 0.315438
 1524 0.314900
 1525 0.314359
 1526 0.313815
 1527 0.313269
 1528 0.312720
 1529 0.312169
 1530 0.311614
 1531 0.311057
 1532 0.310497
 1533 0.309934
 1534 0.309368
 1535 0.308799
 1536 0.308227
 1537 0.307651
 1538 0.307073
 1539 0.306491
 1540 0.305906
 1541 0.305318
 1542 0.304727
 1543 0.304132
 1544 0.303534
 1545 0.302932
 1546 0.302327
 1547 0.301719
 1548 0.301107
 1549 0.300492
 1550 0.299873
 1551 0.299250
 1552 0.298624
 1553 0.297995
 1554 0.297362
 1555 0.296725
 1556 0.296085
 1557 0.295441
 1558 0.294794
 1559 0.294143
 1560 0.293488
 1561 0.292830
 1562 0.292168
 1563 0.291503
 1564 0.290834
 1565 0.290161
 1566 0.289485
 1567 0.288805
 1568 0.288121
 1569 0.287434
 1570 0.286743
 1571 0.286049
 1572 0.285351
 1573 0.284649
 1574 0.283944
 1575 0.283235
 1576 0.282523
 1577 0.281807
 1578 0.281088
 1579 0.280365
 1580 0.279639
 1581 0.278909
 1582 0.278176
 1583 0.277439
 1584 0.276699
 1585 0.275955
 1586 0.275209
 1587 0.274458
 1588 0.273705
 1589 0.272948
 1590 0.272188
 1591 0.271424
 1592 0.270658
 1593 0.269888
 1594 0.269115
 1595 0.268338
 1596 0.267559
 1597 0.266777
 1598 0.265991
 1599 0.265203
 1600 0.264411
 1601 0.263616
 1602 0.262819
 1603 0.262018
 1604 0.261215
 1605 0.260409
 1606 0.259600
 1607 0.258788
 1608 0.257973
 1609 0.257156
 1610 0.256336
 1611 0.255513
 1612 0.254688
 1613 0.253860
 1614 0.253030
 1615 0.252197
 1616 0.251361
 1617 0.250523
 1618 0.249683
 1619 0.248840
 1620 0.247995
 1621 0.247148
 1622 0.246299
 1623 0.245447
 1624 0.244593
 1625 0.243737
 1626 0.242879
 1627 0.242019
 1628 0.241156
 1629 0.240292
 1630 0.239426
 1631 0.238558
 1632 0.237688
 1633 0.236816
 1634 0.235943
 1635 0.235068
 1636 0.234191
 1637 0.233313
 1638 0.232432
 1639 0.231551
 1640 0.230668
 1641 0.229783
 1642 0.228897
 1643 0.228009
 1644 0.227120
 1645 0.226230
 1646 0.225339
 1647 0.224446
 1648 0.223552
 1649 0.222658
 1650 0.221761
 1651 0.220864
 1652 0.219966
 1653 0.219067
 1654 0.218167
 1655 0.217266
 1656 0.216365
 1657 0.215462
 1658 0.214559
 1659 0.213655
 1660 0.212750
 1661 0.211845
 1662 0.210939
 1663 0.210033
 1664 0.209126
 1665 0.208219
 1666 0.207311
 1667 0.206403
 1668 0.205495
 1669 0.204586
 1670 0.203678
 1671 0.202769
 1672 0.201859
 1673 0.200950
 1674 0.200041
 1675 0.199132
 1676 0.198222
 1677 0.197313
 1678 0.196404
 1679 0.195495
 1680 0.194586
 1681 0.193678
 1682 0.192769
 1683 0.191861
 1684 0.190954
 1685 0.190047
 1686 0.189140
 1687 0.188234
 1688 0.187328
 1689 0.186423
 1690 0.185518
 1691 0.184615
 1692 0.183711
 1693 0.182809
 1694 0.181907
 1695 0.181007
 1696 0.180107
 1697 0.179208
 1698 0.178310
 1699 0.177412
 1700 0.176516
 1701 0.175621
 1702 0.174727
 1703 0.173835
 1704 0.172943
 1705 0.172053
 1706 0.171163
 1707 0.170276
 1708 0.169389
 1709 0.168504
 1710 0.167620
 1711 0.166738
 1712 0.165857
 1713 0.164978
 1714 0.164100
 1715 0.163224
 1716 0.162350
 1717 0.161477
 1718 0.160606
 1719 0.159737
 1720 0.158869
 1721 0.158003
 1722 0.157140
 1723 0.156278
 1724 0.155418
 1725 0.154560
 1726 0.153704
 1727 0.152850
 1728 0.151998
 1729 0.151148
 1730 0.150301
 1731 0.149455
 1732 0.148612
 1733 0.147771
 1734 0.146932
 1735 0.146096
 1736 0.145262
 1737 0.144430
 1738 0.143601
 1739 0.142774
 1740 0.141950
 1741 0.141128
 1742 0.140309
 1743 0.139492
 1744 0.138678
 1745 0.137867
 1746 0.137058
 1747 0.136253
 1748 0.135449
 1749 0.134649
 1750 0.133851
 1751 0.133057
 1752 0.132265
 1753 0.131476
 1754 0.130690
 1755 0.129906
 1756 0.129126
 1757 0.128349
 1758 0.127575
 1759 0.126804
 1760 0.126036
 1761 0.125272
 1762 0.124510
 1763 0.123752
 1764 0.122997
 1765 0.122245
 1766 0.121496
 1767 0.120751
 1768 0.120009
 1769 0.119270
 1770 0.118535
 1771 0.117803
 1772 0.117075
 1773 0.116350
 1774 0.115629
 1775 0.114911
 1776 0.114196
 1777 0.113485
 1778 0.112778
 1779 0.112075
 1780 0.111375
 1781 0.110678
 1782 0.109986
 1783 0.109297
 1784 0.108612
 1785 0.107931
 1786 0.107253
 1787 0.106579
 1788 0.105909
 1789 0.105243
 1790 0.104581
 1791 0.103922
 1792 0.103268
 1793 0.102617
 1794 0.101971
 1795 0.101328
 1796 0.100690
 1797 0.100055
 1798 0.099425
 1799 0.098798
 1800 0.098176
 1801 0.097557
 1802 0.096943
 1803 0.096333
 1804 0.095727
 1805 0.095125
 1806 0.094527
 1807 0.093934
 1808 0.093345
 1809 0.092759
 1810 0.092179
 1811 0.091602
 1812 0.091030
 1813 0.090462
 1814 0.089898
 1815 0.089338
 1816 0.088783
 1817 0.088232
 1818 0.087686
 1819 0.087144
 1820 0.086606
 1821 0.086073
 1822 0.085544
 1823 0.085019
 1824 0.084499
 1825 0.083983
 1826 0.083471
 1827 0.082964
 1828 0.082462
 1829 0.081963
 1830 0.081470
 1831 0.080980
 1832 0.080496
 1833 0.080015
 1834 0.079539
 1835 0.079068
 1836 0.078601
 1837 0.078138
 1838 0.077680
 1839 0.077226
 1840 0.076777
 1841 0.076332
 1842 0.075892
 1843 0.075456
 1844 0.075025
 1845 0.074598
 1846 0.074176
 1847 0.073758
 1848 0.073344
 1849 0.072935
 1850 0.072530
 1851 0.072130
 1852 0.071734
 1853 0.071343
 1854 0.070956
 1855 0.070573
 1856 0.070195
 1857 0.069821
 1858 0.069451
 1859 0.069086
 1860 0.068725
 1861 0.068369
 1862 0.068016
 1863 0.067668
 1864 0.067325
 1865 0.066985
 1866 0.066650
 1867 0.066319
 1868 0.065992
 1869 0.065669
 1870 0.065351
 1871 0.065036
 1872 0.064726
 1873 0.064420
 1874 0.064118
 1875 0.063820
 1876 0.063526
 1877 0.063236
 1878 0.062950
 1879 0.062667
 1880 0.062389
 1881 0.062115
 1882 0.061844
 1883 0.061578
 1884 0.061315
 1885 0.061056
 1886 0.060801
 1887 0.060549
 1888 0.060301
 1889 0.060057
 1890 0.059816
 1891 0.059579
 1892 0.059345
 1893 0.059115
 1894 0.058889
 1895 0.058666
 1896 0.058446
 1897 0.058229
 1898 0.058016
 1899 0.057807
 1900 0.057600
 1901 0.057397
 1902 0.057197
 1903 0.057000
 1904 0.056806
 1905 0.056615
 1906 0.056427
 1907 0.056242
 1908 0.056060
 1909 0.055881
 1910 0.055705
 1911 0.055532
 1912 0.055361
 1913 0.055193
 1914 0.055028
 1915 0.054866
 1916 0.054706
 1917 0.054548
 1918 0.054394
 1919 0.054241
 1920 0.054091
 1921 0.053944
 1922 0.053799
 1923 0.053656
 1924 0.053515
 1925 0.053377
 1926 0.053240
 1927 0.053106
 1928 0.052974
 1929 0.052844
 1930 0.052716
 1931 0.052590
 1932 0.052466
 1933 0.052344
 1934 0.052224
 1935 0.052105
 1936 0.051988
 1937 0.051873
 1938 0.051760
 1939 0.051648
 1940 0.051538
 1941 0.051429
 1942 0.051322
 1943 0.051217
 1944 0.051112
 1945 0.051009
 1946 0.050908
 1947 0.050808
 1948 0.050709
 1949 0.050611
 1950 0.050515
 1951 0.050420
 1952 0.050325
 1953 0.050232
 1954 0.050140
 1955 0.050049
 1956 0.049959
 1957 0.049870
 1958 0.049782
 1959 0.049695
 1960 0.049609
 1961 0.049523
 1962 0.049438
 1963 0.049354
 1964 0.049271
 1965 0.049188
 1966 0.049106
 1967 0.049025
 1968 0.048944
 1969 0.048864
 1970 0.048785
 1971 0.048705
 1972 0.048627
 1973 0.048549
 1974 0.048471
 1975 0.048393
 1976 0.048316
 1977 0.048240
 1978 0.048163
 1979 0.048087
 1980 0.048012
 1981 0.047936
 1982 0.047861
 1983 0.047786
 1984 0.047711
 1985 0.047636
 1986 0.047562
 1987 0.047487
 1988 0.047413
 1989 0.047338
 1990 0.047264
 1991 0.047190
 1992 0.047115
 1993 0.047041
 1994 0.046967
 1995 0.046893
 1996 0.046818
 1997 0.046744
 1998 0.046669
 1999 0.046594
 2000 0.046520
 2001 0.046445
 2002 0.046370
 2003 0.046294
 2004 0.046219
 2005 0.046143
 2006 0.046067
 2007 0.045991
 2008 0.045915
 2009 0.045838
 2010 0.045761
 2011 0.045684
 2012 0.045606
 2013 0.045529
 2014 0.045450
 2015 0.045372
 2016 0.045293
 2017 0.045214
 2018 0.045135
 2019 0.045055
 2020 0.044975
 2021 0.044894
 2022 0.044813
 2023 0.044732
 2024 0.044650
 2025 0.044568
 2026 0.044485
 2027 0.044402
 2028 0.044319
 2029 0.044235
 2030 0.044150
 2031 0.044065
 2032 0.043980
 2033 0.043894
 2034 0.043808
 2035 0.043722
 2036 0.043634
 2037 0.043547
 2038 0.043459
 2039 0.043370
 2040 0.043281
 2041 0.043191
 2042 0.043101
 2043 0.043011
 2044 0.042919
 2045 0.042828
 2046 0.042736
 2047 0.042643
 2048 0.042550
 2049 0.042456
 2050 0.042362
 2051 0.042268
 2052 0.042172
 2053 0.042077
 2054 0.041980
 2055 0.041884
 2056 0.041786
 2057 0.041689
 2058 0.041590
 2059 0.041492
 2060 0.041392
 2061 0.041292
 2062 0.041192
 2063 0.041091
 2064 0.040990
 2065 0.040888
 2066 0.040785
 2067 0.040683
 2068 0.040579
 2069 0.040475
 2070 0.040371
 2071 0.040266
 2072 0.040160
 2073 0.040054
 2074 0.039948
 2075 0.039841
 2076 0.039734
 2077 0.039626
 2078 0.039517
 2079 0.039409
 2080 0.039299
 2081 0.039189
 2082 0.039079
 2083 0.038968
 2084 0.038857
 2085 0.038746
 2086 0.038634
 2087 0.038521
 2088 0.038408
 2089 0.038295
 2090 0.038181
 2091 0.038066
 2092 0.037952
 2093 0.037836
 2094 0.037721
 2095 0.037605
 2096 0.037488
 2097 0.037371
 2098 0.037254
 2099 0.037137
 2100 0.037019
 2101 0.036900
 2102 0.036781
 2103 0.036662
 2104 0.036543
 2105 0.036423
 2106 0.036302
 2107 0.036182
 2108 0.036061
 2109 0.035939
 2110 0.035818
 2111 0.035696
 2112 0.035573
 2113 0.035451
 2114 0.035328
 2115 0.035204
 2116 0.035081
 2117 0.034957
 2118 0.034832
 2119 0.034708
 2120 0.034583
 2121 0.034458
 2122 0.034333
 2123 0.034207
 2124 0.034081
 2125 0.033955
 2126 0.033829
 2127 0.033702
 2128 0.033575
 2129 0.033448
 2130 0.033321
 2131 0.033193
 2132 0.033065
 2133 0.032937
 2134 0.032809
 2135 0.032681
 2136 0.032552
 2137 0.032424
 2138 0.032295
 2139 0.032166
 2140 0.032036
 2141 0.031907
 2142 0.031777
 2143 0.031648
 2144 0.031518
 2145 0.031388
 2146 0.031258
 2147 0.031128
 2148 0.030997
 2149 0.030867
 2150 0.030736
 2151 0.030606
 2152 0.030475
 2153 0.030344
 2154 0.030213
 2155 0.030083
 2156 0.029952
 2157 0.029821
 2158 0.029689
 2159 0.029558
 2160 0.029427
 2161 0.029296
 2162 0.029165
 2163 0.029033
 2164 0.028902
 2165 0.028771
 2166 0.028640
 2167 0.028508
 2168 0.028377
 2169 0.028246
 2170 0.028115
 2171 0.027983
 2172 0.027852
 2173 0.027721
 2174 0.027590
 2175 0.027459
 2176 0.027328
 2177 0.027197
 2178 0.027067
 2179 0.026936
 2180 0.026805
 2181 0.026675
 2182 0.026544
 2183 0.026414
 2184 0.026284
 2185 0.026154
 2186 0.026024
 2187 0.025894
 2188 0.025764
 2189 0.025635
 2190 0.025505
 2191 0.025376
 2192 0.025247
 2193 0.025118
 2194 0.024989
 2195 0.024861
 2196 0.024732
 2197 0.024604
 2198 0.024476
 2199 0.024348
 2200 0.024221
 2201 0.024093
 2202 0.023966
 2203 0.023839
 2204 0.023712
 2205 0.023586
 2206 0.023460
 2207 0.023334
 2208 0.023208
 2209 0.023082
 2210 0.022957
 2211 0.022832
 2212 0.022707
 2213 0.022583
 2214 0.022459
 2215 0.022335
 2216 0.022211
 2217 0.022088
 2218 0.021965
 2219 0.021842
 2220 0.021720
 2221 0.021598
 2222 0.021476
 2223 0.021355
 2224 0.021234
 2225 0.021113
 2226 0.020993
 2227 0.020873
 2228 0.020753
 2229 0.020634
 2230 0.020515
 2231 0.020396
 2232 0.020278
 2233 0.020160
 2234 0.020043
 2235 0.019926
 2236 0.019809
 2237 0.019693
 2238 0.019577
 2239 0.019462
 2240 0.019347
 2241 0.019232
 2242 0.019118
 2243 0.019004
 2244 0.018891
 2245 0.018778
 2246 0.018666
 2247 0.018554
 2248 0.018442
 2249 0.018331
 2250 0.018220
 2251 0.018110
 2252 0.018000
 2253 0.017891
 2254 0.017782
 2255 0.017674
 2256 0.017566
 2257 0.017459
 2258 0.017352
 2259 0.017246
 2260 0.017140
 2261 0.017034
 2262 0.016930
 2263 0.016825
 2264 0.016721
 2265 0.016618
 2266 0.016515
 2267 0.016413
 2268 0.016311
 2269 0.016210
 2270 0.016110
 2271 0.016009
 2272 0.015910
 2273 0.015811
 2274 0.015712
 2275 0.015614
 2276 0.015517
 2277 0.015420
 2278 0.015324
 2279 0.015228
 2280 0.015133
 2281 0.015039
 2282 0.014945
 2283 0.014851
 2284 0.014758
 2285 0.014666
 2286 0.014574
 2287 0.014483
 2288 0.014393
 2289 0.014303
 2290 0.014214
 2291 0.014125
 2292 0.014037
 2293 0.013950
 2294 0.013863
 2295 0.013776
 2296 0.013691
 2297 0.013606
 2298 0.013521
 2299 0.013438
 2300 0.013354
 2301 0.013272
 2302 0.013190
 2303 0.013109
 2304 0.013028
 2305 0.012948
 2306 0.012869
 2307 0.012790
 2308 0.012712
 2309 0.012634
 2310 0.012557
 2311 0.012481
 2312 0.012405
 2313 0.012331
 2314 0.012256
 2315 0.012183
 2316 0.012110
 2317 0.012037
 2318 0.011966
 2319 0.011894
 2320 0.011824
 2321 0.011754
 2322 0.011685
 2323 0.011617
 2324 0.011549
 2325 0.011482
 2326 0.011415
 2327 0.011349
 2328 0.011284
 2329 0.011220
 2330 0.011156
 2331 0.011092
 2332 0.011030
 2333 0.010968
 2334 0.010907
 2335 0.010846
 2336 0.010786
 2337 0.010726
 2338 0.010668
 2339 0.010610
 2340 0.010552
 2341 0.010495
 2342 0.010439
 2343 0.010384
 2344 0.010329
 2345 0.010275
 2346 0.010221
 2347 0.010168
 2348 0.010116
 2349 0.010064
 2350 0.010013
 2351 0.009962
 2352 0.009912
 2353 0.009863
 2354 0.009815
 2355 0.009767
 2356 0.009719
 2357 0.009672
 2358 0.009626
 2359 0.009581
 2360 0.009536
 2361 0.009491
 2362 0.009447
 2363 0.009404
 2364 0.009362
 2365 0.009320
 2366 0.009278
 2367 0.009237
 2368 0.009197
 2369 0.009157
 2370 0.009118
 2371 0.009079
 2372 0.009041
 2373 0.009004
 2374 0.008967
 2375 0.008930
 2376 0.008894
 2377 0.008859
 2378 0.008824
 2379 0.008790
 2380 0.008756
 2381 0.008722
 2382 0.008690
 2383 0.008657
 2384 0.008625
 2385 0.008594
 2386 0.008563
 2387 0.008533
 2388 0.008503
 2389 0.008473
 2390 0.008444
 2391 0.008416
 2392 0.008388
 2393 0.008360
 2394 0.008333
 2395 0.008306
 2396 0.008280
 2397 0.008254
 2398 0.008228
 2399 0.008203
 2400 0.008178
 2401 0.008154
 2402 0.008130
 2403 0.008106
 2404 0.008083
 2405 0.008060
 2406 0.008038
 2407 0.008016
 2408 0.007994
 2409 0.007973
 2410 0.007952
 2411 0.007931
 2412 0.007910
 2413 0.007890
 2414 0.007870
 2415 0.007851
 2416 0.007832
 2417 0.007813
 2418 0.007794
 2419 0.007776
 2420 0.007758
 2421 0.007740
 2422 0.007723
 2423 0.007706
 2424 0.007689
 2425 0.007672
 2426 0.007655
 2427 0.007639
 2428 0.007623
 2429 0.007607
 2430 0.007592
 2431 0.007576
 2432 0.007561
 2433 0.007546
 2434 0.007531
 2435 0.007517
 2436 0.007502
 2437 0.007488
 2438 0.007474
 2439 0.007460
 2440 0.007446
 2441 0.007433
 2442 0.007419
 2443 0.007406
 2444 0.007393
 2445 0.007380
 2446 0.007367
 2447 0.007354
 2448 0.007342
 2449 0.007329
 2450 0.007317
 2451 0.007305
 2452 0.007292
 2453 0.007280
 2454 0.007268
 2455 0.007256
 2456 0.007245
 2457 0.007233
 2458 0.007221
 2459 0.007210
 2460 0.007198
 2461 0.007187
 2462 0.007175
 2463 0.007164
 2464 0.007153
 2465 0.007141
 2466 0.007130
 2467 0.007119
 2468 0.007108
 2469 0.007097
 2470 0.007086
 2471 0.007075
 2472 0.007064
 2473 0.007053
 2474 0.007042
 2475 0.007031
 2476 0.007020
 2477 0.007009
 2478 0.006998
 2479 0.006987
 2480 0.006976
 2481 0.006965
 2482 0.006954
 2483 0.006943
 2484 0.006932
 2485 0.006921
 2486 0.006910
 2487 0.006899
 2488 0.006888
 2489 0.006877
 2490 0.006866
 2491 0.006855
 2492 0.006844
 2493 0.006833
 2494 0.006821
 2495 0.006810
 2496 0.006799
 2497 0.006788
 2498 0.006776
 2499 0.006765
 2500 0.006753
 2501 0.006742
 2502 0.006730
 2503 0.006719
 2504 0.006707
 2505 0.006696
 2506 0.006684
 2507 0.006672
 2508 0.006660
 2509 0.006648
 2510 0.006636
 2511 0.006624
 2512 0.006612
 2513 0.006600
 2514 0.006588
 2515 0.006576
 2516 0.006563
 2517 0.006551
 2518 0.006538
 2519 0.006526
 2520 0.006513
 2521 0.006501
 2522 0.006488
 2523 0.006475
 2524 0.006462
 2525 0.006449
 2526 0.006436
 2527 0.006423
 2528 0.006410
 2529 0.006397
 2530 0.006383
 2531 0.006370
 2532 0.006356
 2533 0.006343
 2534 0.006329
 2535 0.006316
 2536 0.006302
 2537 0.006288
 2538 0.006274
 2539 0.006260
 2540 0.006246
 2541 0.006232
 2542 0.006218
 2543 0.006203
 2544 0.006189
 2545 0.006174
 2546 0.006160
 2547 0.006145
 2548 0.006131
 2549 0.006116
 2550 0.006101
 2551 0.006086
 2552 0.006071
 2553 0.006056
 2554 0.006041
 2555 0.006026
 2556 0.006010
 2557 0.005995
 2558 0.005980
 2559 0.005964
 2560 0.005948
 2561 0.005933
 2562 0.005917
 2563 0.005901
 2564 0.005885
 2565 0.005869
 2566 0.005853
 2567 0.005837
 2568 0.005821
 2569 0.005805
 2570 0.005789
 2571 0.005772
 2572 0.005756
 2573 0.005739
 2574 0.005723
 2575 0.005706
 2576 0.005689
 2577 0.005673
 2578 0.005656
 2579 0.005639
 2580 0.005622
 2581 0.005605
 2582 0.005588
 2583 0.005571
 2584 0.005553
 2585 0.005536
 2586 0.005519
 2587 0.005501
 2588 0.005484
 2589 0.005466
 2590 0.005449
 2591 0.005431
 2592 0.005414
 2593 0.005396
 2594 0.005378
 2595 0.005360
 2596 0.005342
 2597 0.005324
 2598 0.005306
 2599 0.005288
 2600 0.005270
 2601 0.005252
 2602 0.005234
 2603 0.005216
 2604 0.005197
 2605 0.005179
 2606 0.005161
 2607 0.005142
 2608 0.005124
 2609 0.005105
 2610 0.005087
 2611 0.005068
 2612 0.005050
 2613 0.005031
 2614 0.005012
 2615 0.004993
 2616 0.004975
 2617 0.004956
 2618 0.004937
 2619 0.004918
 2620 0.004899
 2621 0.004880
 2622 0.004861
 2623 0.004842
 2624 0.004823
 2625 0.004804
 2626 0.004785
 2627 0.004766
 2628 0.004747
 2629 0.004728
 2630 0.004709
 2631 0.004690
 2632 0.004670
 2633 0.004651
 2634 0.004632
 2635 0.004613
 2636 0.004593
 2637 0.004574
 2638 0.004555
 2639 0.004535
 2640 0.004516
 2641 0.004497
 2642 0.004477
 2643 0.004458
 2644 0.004439
 2645 0.004419
 2646 0.004400
 2647 0.004380
 2648 0.004361
 2649 0.004342
 2650 0.004322
 2651 0.004303
 2652 0.004283
 2653 0.004264
 2654 0.004245
 2655 0.004225
 2656 0.004206
 2657 0.004186
 2658 0.004167
 2659 0.004147
 2660 0.004128
 2661 0.004109
 2662 0.004089
 2663 0.004070
 2664 0.004050
 2665 0.004031
 2666 0.004012
 2667 0.003992
 2668 0.003973
 2669 0.003954
 2670 0.003934
 2671 0.003915
 2672 0.003896
 2673 0.003877
 2674 0.003857
 2675 0.003838
 2676 0.003819
 2677 0.003800
 2678 0.003781
 2679 0.003761
 2680 0.003742
 2681 0.003723
 2682 0.003704
 2683 0.003685
 2684 0.003666
 2685 0.003647
 2686 0.003628
 2687 0.003609
 2688 0.003590
 2689 0.003572
 2690 0.003553
 2691 0.003534
 2692 0.003515
 2693 0.003496
 2694 0.003478
 2695 0.003459
 2696 0.003440
 2697 0.003422
 2698 0.003403
 2699 0.003385
 2700 0.003366
 2701 0.003348
 2702 0.003329
 2703 0.003311
 2704 0.003293
 2705 0.003274
 2706 0.003256
 2707 0.003238
 2708 0.003220
 2709 0.003202
 2710 0.003184
 2711 0.003166
 2712 0.003148
 2713 0.003130
 2714 0.003112
 2715 0.003094
 2716 0.003077
 2717 0.003059
 2718 0.003041
 2719 0.003024
 2720 0.003006
 2721 0.002989
 2722 0.002971
 2723 0.002954
 2724 0.002937
 2725 0.002919
 2726 0.002902
 2727 0.002885
 2728 0.002868
 2729 0.002851
 2730 0.002834
 2731 0.002817
 2732 0.002800
 2733 0.002784
 2734 0.002767
 2735 0.002750
 2736 0.002734
 2737 0.002717
 2738 0.002701
 2739 0.002685
 2740 0.002668
 2741 0.002652
 2742 0.002636
 2743 0.002620
 2744 0.002604
 2745 0.002588
 2746 0.002572
 2747 0.002556
 2748 0.002541
 2749 0.002525
 2750 0.002509
 2751 0.002494
 2752 0.002478
 2753 0.002463
 2754 0.002448
 2755 0.002433
 2756 0.002418
 2757 0.002402
 2758 0.002388
 2759 0.002373
 2760 0.002358
 2761 0.002343
 2762 0.002328
 2763 0.002314
 2764 0.002299
 2765 0.002285
 2766 0.002271
 2767 0.002257
 2768 0.002242
 2769 0.002228
 2770 0.002214
 2771 0.002200
 2772 0.002187
 2773 0.002173
 2774 0.002159
 2775 0.002146
 2776 0.002132
 2777 0.002119
 2778 0.002106
 2779 0.002092
 2780 0.002079
 2781 0.002066
 2782 0.002053
 2783 0.002041
 2784 0.002028
 2785 0.002015
 2786 0.002003
 2787 0.001990
 2788 0.001978
 2789 0.001965
 2790 0.001953
 2791 0.001941
 2792 0.001929
 2793 0.001917
 2794 0.001905
 2795 0.001894
 2796 0.001882
 2797 0.001870
 2798 0.001859
 2799 0.001848
 2800 0.001836
 2801 0.001825
 2802 0.001814
 2803 0.001803
 2804 0.001792
 2805 0.001781
 2806 0.001771
 2807 0.001760
 2808 0.001749
 2809 0.001739
 2810 0.001729
 2811 0.001719
 2812 0.001708
 2813 0.001698
 2814 0.001688
 2815 0.001679
 2816 0.001669
 2817 0.001659
 2818 0.001650
 2819 0.001640
 2820 0.001631
 2821 0.001622
 2822 0.001612
 2823 0.001603
 2824 0.001594
 2825 0.001585
 2826 0.001577
 2827 0.001568
 2828 0.001559
 2829 0.001551
 2830 0.001542
 2831 0.001534
 2832 0.001526
 2833 0.001518
 2834 0.001510
 2835 0.001502
 2836 0.001494
 2837 0.001486
 2838 0.001479
 2839 0.001471
 2840 0.001464
 2841 0.001456
 2842 0.001449
 2843 0.001442
 2844 0.001435
 2845 0.001428
 2846 0.001421
 2847 0.001414
 2848 0.001407
 2849 0.001400
 2850 0.001394
 2851 0.001387
 2852 0.001381
 2853 0.001375
 2854 0.001368
 2855 0.001362
 2856 0.001356
 2857 0.001350
 2858 0.001344
 2859 0.001339
 2860 0.001333
 2861 0.001327
 2862 0.001322
 2863 0.001316
 2864 0.001311
 2865 0.001305
 2866 0.001300
 2867 0.001295
 2868 0.001290
 2869 0.001285
 2870 0.001280
 2871 0.001275
 2872 0.001270
 2873 0.001266
 2874 0.001261
 2875 0.001256
 2876 0.001252
 2877 0.001247
 2878 0.001243
 2879 0.001239
 2880 0.001234
 2881 0.001230
 2882 0.001226
 2883 0.001222
 2884 0.001218
 2885 0.001214
 2886 0.001210
 2887 0.001207
 2888 0.001203
 2889 0.001199
 2890 0.001196
 2891 0.001192
 2892 0.001189
 2893 0.001185
 2894 0.001182
 2895 0.001179
 2896 0.001175
 2897 0.001172
 2898 0.001169
 2899 0.001166
 2900 0.001163
 2901 0.001160
 2902 0.001157
 2903 0.001154
 2904 0.001151
 2905 0.001148
 2906 0.001145
 2907 0.001142
 2908 0.001140
 2909 0.001137
 2910 0.001134
 2911 0.001132
 2912 0.001129
 2913 0.001127
 2914 0.001124
 2915 0.001122
 2916 0.001120
 2917 0.001117
 2918 0.001115
 2919 0.001112
 2920 0.001110
 2921 0.001108
 2922 0.001106
 2923 0.001104
 2924 0.001101
 2925 0.001099
 2926 0.001097
 2927 0.001095
 2928 0.001093
 2929 0.001091
 2930 0.001089
 2931 0.001087
 2932 0.001085
 2933 0.001083
 2934 0.001081
 2935 0.001079
 2936 0.001077
 2937 0.001076
 2938 0.001074
 2939 0.001072
 2940 0.001070
 2941 0.001068
 2942 0.001067
 2943 0.001065
 2944 0.001063
 2945 0.001061
 2946 0.001060
 2947 0.001058
 2948 0.001056
 2949 0.001054
 2950 0.001053
 2951 0.001051
 2952 0.001049
 2953 0.001048
 2954 0.001046
 2955 0.001044
 2956 0.001043
 2957 0.001041
 2958 0.001040
 2959 0.001038
 2960 0.001036
 2961 0.001035
 2962 0.001033
 2963 0.001031
 2964 0.001030
 2965 0.001028
 2966 0.001027
 2967 0.001025
 2968 0.001023
 2969 0.001022
 2970 0.001020
 2971 0.001019
 2972 0.001017
 2973 0.001015
 2974 0.001014
 2975 0.001012
 2976 0.001011
 2977 0.001009
 2978 0.001007
 2979 0.001006
 2980 0.001004
 2981 0.001002
 2982 0.001001
 2983 0.000999
 2984 0.000998
 2985 0.000996
 2986 0.000994
 2987 0.000993
 2988 0.000991
 2989 0.000989
 2990 0.000988
 2991 0.000986
 2992 0.000984
 2993 0.000982
 2994 0.000981
 2995 0.000979
 2996 0.000977
 2997 0.000976
 2998 0.000974
 2999 0.000972
 3000 0.000970
 3001 0.000969
 3002 0.000967
 3003 0.000965
 3004 0.000963
 3005 0.000961
 3006 0.000960
 3007 0.000958
 3008 0.000956
 3009 0.000954
 3010 0.000952
 3011 0.000950
 3012 0.000948
 3013 0.000947
 3014 0.000945
 3015 0.000943
 3016 0.000941
 3017 0.000939
 3018 0.000937
 3019 0.000935
 3020 0.000933
 3021 0.000931
 3022 0.000929
 3023 0.000927
 3024 0.000925
 3025 0.000923
 3026 0.000921
 3027 0.000919
 3028 0.000917
 3029 0.000915
 3030 0.000913
 3031 0.000911
 3032 0.000909
 3033 0.000907
 3034 0.000904
 3035 0.000902
 3036 0.000900
 3037 0.000898
 3038 0.000896
 3039 0.000894
 3040 0.000892
 3041 0.000889
 3042 0.000887
 3043 0.000885
 3044 0.000883
 3045 0.000880
 3046 0.000878
 3047 0.000876
 3048 0.000874
 3049 0.000871
 3050 0.000869
 3051 0.000867
 3052 0.000864
 3053 0.000862
 3054 0.000860
 3055 0.000857
 3056 0.000855
 3057 0.000853
 3058 0.000850
 3059 0.000848
 3060 0.000846
 3061 0.000843
 3062 0.000841
 3063 0.000838
 3064 0.000836
 3065 0.000833
 3066 0.000831
 3067 0.000829
 3068 0.000826
 3069 0.000824
 3070 0.000821
 3071 0.000819
 3072 0.000816
 3073 0.000814
 3074 0.000811
 3075 0.000808
 3076 0.000806
 3077 0.000803
 3078 0.000801
 3079 0.000798
 3080 0.000796
 3081 0.000793
 3082 0.000790
 3083 0.000788
 3084 0.000785
 3085 0.000783
 3086 0.000780
 3087 0.000777
 3088 0.000775
 3089 0.000772
 3090 0.000769
 3091 0.000767
 3092 0.000764
 3093 0.000761
 3094 0.000759
 3095 0.000756
 3096 0.000753
 3097 0.000751
 3098 0.000748
 3099 0.000745
 3100 0.000742
 3101 0.000740
 3102 0.000737
 3103 0.000734
 3104 0.000732
 3105 0.000729
 3106 0.000726
 3107 0.000723
 3108 0.000721
 3109 0.000718
 3110 0.000715
 3111 0.000712
 3112 0.000709
 3113 0.000707
 3114 0.000704
 3115 0.000701
 3116 0.000698
 3117 0.000695
 3118 0.000693
 3119 0.000690
 3120 0.000687
 3121 0.000684
 3122 0.000681
 3123 0.000679
 3124 0.000676
 3125 0.000673
 3126 0.000670
 3127 0.000667
 3128 0.000664
 3129 0.000662
 3130 0.000659
 3131 0.000656
 3132 0.000653
 3133 0.000650
 3134 0.000647
 3135 0.000645
 3136 0.000642
 3137 0.000639
 3138 0.000636
 3139 0.000633
 3140 0.000630
 3141 0.000628
 3142 0.000625
 3143 0.000622
 3144 0.000619
 3145 0.000616
 3146 0.000613
 3147 0.000610
 3148 0.000608
 3149 0.000605
 3150 0.000602
 3151 0.000599
 3152 0.000596
 3153 0.000593
 3154 0.000591
 3155 0.000588
 3156 0.000585
 3157 0.000582
 3158 0.000579
 3159 0.000576
 3160 0.000574
 3161 0.000571
 3162 0.000568
 3163 0.000565
 3164 0.000562
 3165 0.000560
 3166 0.000557
 3167 0.000554
 3168 0.000551
 3169 0.000548
 3170 0.000546
 3171 0.000543
 3172 0.000540
 3173 0.000537
 3174 0.000534
 3175 0.000532
 3176 0.000529
 3177 0.000526
 3178 0.000523
 3179 0.000521
 3180 0.000518
 3181 0.000515
 3182 0.000512
 3183 0.000510
 3184 0.000507
 3185 0.000504
 3186 0.000501
 3187 0.000499
 3188 0.000496
 3189 0.000493
 3190 0.000491
 3191 0.000488
 3192 0.000485
 3193 0.000482
 3194 0.000480
 3195 0.000477
 3196 0.000474
 3197 0.000472
 3198 0.000469
 3199 0.000466
 3200 0.000464
 3201 0.000461
 3202 0.000459
 3203 0.000456
 3204 0.000453
 3205 0.000451
 3206 0.000448
 3207 0.000446
 3208 0.000443
 3209 0.000440
 3210 0.000438
 3211 0.000435
 3212 0.000433
 3213 0.000430
 3214 0.000428
 3215 0.000425
 3216 0.000423
 3217 0.000420
 3218 0.000418
 3219 0.000415
 3220 0.000413
 3221 0.000410
 3222 0.000408
 3223 0.000405
 3224 0.000403
 3225 0.000401
 3226 0.000398
 3227 0.000396
 3228 0.000393
 3229 0.000391
 3230 0.000389
 3231 0.000386
 3232 0.000384
 3233 0.000382
 3234 0.000379
 3235 0.000377
 3236 0.000375
 3237 0.000372
 3238 0.000370
 3239 0.000368
 3240 0.000365
 3241 0.000363
 3242 0.000361
 3243 0.000359
 3244 0.000357
 3245 0.000354
 3246 0.000352
 3247 0.000350
 3248 0.000348
 3249 0.000346
 3250 0.000343
 3251 0.000341
 3252 0.000339
 3253 0.000337
 3254 0.000335
 3255 0.000333
 3256 0.000331
 3257 0.000329
 3258 0.000327
 3259 0.000325
 3260 0.000323
 3261 0.000321
 3262 0.000318
 3263 0.000317
 3264 0.000315
 3265 0.000313
 3266 0.000311
 3267 0.000309
 3268 0.000307
 3269 0.000305
 3270 0.000303
 3271 0.000301
 3272 0.000299
 3273 0.000297
 3274 0.000295
 3275 0.000294
 3276 0.000292
 3277 0.000290
 3278 0.000288
 3279 0.000286
 3280 0.000285
 3281 0.000283
 3282 0.000281
 3283 0.000279
 3284 0.000278
 3285 0.000276
 3286 0.000274
 3287 0.000273
 3288 0.000271
 3289 0.000269
 3290 0.000268
 3291 0.000266
 3292 0.000264
 3293 0.000263
 3294 0.000261
 3295 0.000260
 3296 0.000258
 3297 0.000257
 3298 0.000255
 3299 0.000254
 3300 0.000252
 3301 0.000251
 3302 0.000249
 3303 0.000248
 3304 0.000246
 3305 0.000245
 3306 0.000243
 3307 0.000242
 3308 0.000241
 3309 0.000239
 3310 0.000238
 3311 0.000237
 3312 0.000235
 3313 0.000234
 3314 0.000233
 3315 0.000231
 3316 0.000230
 3317 0.000229
 3318 0.000228
 3319 0.000226
 3320 0.000225
 3321 0.000224
 3322 0.000223
 3323 0.000222
 3324 0.000220
 3325 0.000219
 3326 0.000218
 3327 0.000217
 3328 0.000216
 3329 0.000215
 3330 0.000214
 3331 0.000213
 3332 0.000212
 3333 0.000211
 3334 0.000210
 3335 0.000209
 3336 0.000208
 3337 0.000207
 3338 0.000206
 3339 0.000205
 3340 0.000204
 3341 0.000203
 3342 0.000202
 3343 0.000201
 3344 0.000200
 3345 0.000199
 3346 0.000198
 3347 0.000197
 3348 0.000197
 3349 0.000196
 3350 0.000195
 3351 0.000194
 3352 0.000193
 3353 0.000193
 3354 0.000192
 3355 0.000191
 3356 0.000190
 3357 0.000189
 3358 0.000189
 3359 0.000188
 3360 0.000187
 3361 0.000187
 3362 0.000186
 3363 0.000185
 3364 0.000185
 3365 0.000184
 3366 0.000183
 3367 0.000183
 3368 0.000182
 3369 0.000181
 3370 0.000181
 3371 0.000180
 3372 0.000180
 3373 0.000179
 3374 0.000178
 3375 0.000178
 3376 0.000177
 3377 0.000177
 3378 0.000176
 3379 0.000176
 3380 0.000175
 3381 0.000175
 3382 0.000174
 3383 0.000174
 3384 0.000173
 3385 0.000173
 3386 0.000172
 3387 0.000172
 3388 0.000171
 3389 0.000171
 3390 0.000170
 3391 0.000170
 3392 0.000170
 3393 0.000169
 3394 0.000169
 3395 0.000168
 3396 0.000168
 3397 0.000168
 3398 0.000167
 3399 0.000167
 3400 0.000166
 3401 0.000166
 3402 0.000166
 3403 0.000165
 3404 0.000165
 3405 0.000165
 3406 0.000164
 3407 0.000164
 3408 0.000164
 3409 0.000163
 3410 0.000163
 3411 0.000163
 3412 0.000162
 3413 0.000162
 3414 0.000162
 3415 0.000161
 3416 0.000161
 3417 0.000161
 3418 0.000160
 3419 0.000160
 3420 0.000160
 3421 0.000160
 3422 0.000159
 3423 0.000159
 3424 0.000159
 3425 0.000158
 3426 0.000158
 3427 0.000158
 3428 0.000158
 3429 0.000157
 3430 0.000157
 3431 0.000157
 3432 0.000157
 3433 0.000156
 3434 0.000156
 3435 0.000156
 3436 0.000156
 3437 0.000155
 3438 0.000155
 3439 0.000155
 3440 0.000155
 3441 0.000154
 3442 0.000154
 3443 0.000154
 3444 0.000154
 3445 0.000153
 3446 0.000153
 3447 0.000153
 3448 0.000153
 3449 0.000152
 3450 0.000152
 3451 0.000152
 3452 0.000152
 3453 0.000151
 3454 0.000151
 3455 0.000151
 3456 0.000151
 3457 0.000151
 3458 0.000150
 3459 0.000150
 3460 0.000150
 3461 0.000150
 3462 0.000149
 3463 0.000149
 3464 0.000149
 3465 0.000149
 3466 0.000148
 3467 0.000148
 3468 0.000148
 3469 0.000148
 3470 0.000147
 3471 0.000147
 3472 0.000147
 3473 0.000147
 3474 0.000146
 3475 0.000146
 3476 0.000146
 3477 0.000146
 3478 0.000146
 3479 0.000145
 3480 0.000145
 3481 0.000145
 3482 0.000145
 3483 0.000144
 3484 0.000144
 3485 0.000144
 3486 0.000143
 3487 0.000143
 3488 0.000143
 3489 0.000143
 3490 0.000142
 3491 0.000142
 3492 0.000142
 3493 0.000142
 3494 0.000141
 3495 0.000141
 3496 0.000141
 3497 0.000141
 3498 0.000140
 3499 0.000140
 3500 0.000140
 3501 0.000140
 3502 0.000139
 3503 0.000139
 3504 0.000139
 3505 0.000138
 3506 0.000138
 3507 0.000138
 3508 0.000138
 3509 0.000137
 3510 0.000137
 3511 0.000137
 3512 0.000136
 3513 0.000136
 3514 0.000136
 3515 0.000135
 3516 0.000135
 3517 0.000135
 3518 0.000135
 3519 0.000134
 3520 0.000134
 3521 0.000134
 3522 0.000133
 3523 0.000133
 3524 0.000133
 3525 0.000132
 3526 0.000132
 3527 0.000132
 3528 0.000131
 3529 0.000131
 3530 0.000131
 3531 0.000130
 3532 0.000130
 3533 0.000130
 3534 0.000129
 3535 0.000129
 3536 0.000129
 3537 0.000128
 3538 0.000128
 3539 0.000128
 3540 0.000127
 3541 0.000127
 3542 0.000127
 3543 0.000126
 3544 0.000126
 3545 0.000126
 3546 0.000125
 3547 0.000125
 3548 0.000125
