ni
101

nj
48

x_vals
4.58381 4.2071 3.86464 3.55332 3.27029 3.013 2.77909 2.56645 2.37314 2.19741 2.03765 1.89241 1.76038 1.64035 1.53123 1.43203 1.34185 1.25987 1.18534 1.11759 1.05599 1 0.942627 0.886081 0.830462 0.775872 0.722413 0.670192 0.61931 0.569867 0.521961 0.47568 0.431111 0.388333 0.34742 0.308442 0.271467 0.236558 0.203778 0.179348 0.156861 0.135327 0.114729 0.0951201 0.0766129 0.0593701 0.0435938 0.0295147 0.0173823 0.00745608 0 -0.00452291 -0.00565818 -0.00316778 0.00316508 0.0135299 0.0280807 0.0469265 0.0701204 0.0976493 0.129424 0.165274 0.204036 0.239118 0.276542 0.316159 0.357807 0.401319 0.446515 0.493212 0.541223 0.590355 0.640414 0.691205 0.74253 0.794187 0.845974 0.897681 0.949096 1 1.05599 1.11759 1.18534 1.25987 1.34185 1.43203 1.53123 1.64035 1.76038 1.89241 2.03765 2.19741 2.37314 2.56645 2.77909 3.013 3.27029 3.55332 3.86464 4.2071 4.58381 
4.58381 4.20783 3.86582 3.55479 3.27195 3.01475 2.78089 2.56825 2.37491 2.19911 2.03928 1.89396 1.76183 1.6417 1.53248 1.43317 1.34288 1.26078 1.18614 1.11827 1.05655 1.00042 0.942933 0.886261 0.830517 0.775804 0.722229 0.669895 0.618906 0.569364 0.521363 0.474997 0.430351 0.387506 0.34654 0.307527 0.270554 0.23565 0.202897 0.178429 0.155895 0.134319 0.113691 0.0940741 0.0756423 0.0584014 0.0426071 0.0285051 0.0163513 0.00640964 -0.00105045 -0.00556118 -0.00667487 -0.00415671 0.00220793 0.0126047 0.0271788 0.0460153 0.0690769 0.0965672 0.12832 0.164154 0.202917 0.238054 0.275498 0.31513 0.356832 0.400413 0.445692 0.492485 0.5406 0.589847 0.640031 0.690954 0.74242 0.794228 0.846173 0.898047 0.949632 1.00069 1.05676 1.11845 1.1863 1.26092 1.343 1.43328 1.53258 1.64179 1.76191 1.89403 2.03934 2.19916 2.37495 2.56828 2.78092 3.01477 3.27196 3.5548 3.86583 4.20783 4.58381 
4.58381 4.20862 3.86712 3.55641 3.27376 3.01668 2.78286 2.57022 2.37684 2.20099 2.04108 1.89566 1.76343 1.64319 1.53385 1.43442 1.34401 1.26179 1.18702 1.11901 1.05716 1.00088 0.943261 0.886452 0.830569 0.775723 0.722018 0.669562 0.618456 0.568804 0.520701 0.47424 0.42951 0.386593 0.345569 0.30652 0.269551 0.234651 0.201927 0.177417 0.15483 0.133209 0.112549 0.0929243 0.0745683 0.0573291 0.0415155 0.0273889 0.0152121 0.00525389 -0.00221022 -0.00670757 -0.00779764 -0.00524912 0.00115025 0.0115818 0.026181 0.0450072 0.0679311 0.0953779 0.127106 0.162923 0.201685 0.236882 0.274349 0.313996 0.355754 0.399411 0.444782 0.491678 0.539908 0.589281 0.6396 0.690668 0.742289 0.79426 0.846378 0.898433 0.950203 1.00143 1.0576 1.11939 1.18735 1.26208 1.34427 1.43465 1.53405 1.64337 1.76359 1.8958 2.0412 2.2011 2.37693 2.5703 2.78292 3.01673 3.2738 3.55643 3.86714 4.20863 4.58381 
4.58381 4.20949 3.86854 3.55818 3.27575 3.01879 2.78503 2.57239 2.37898 2.20306 2.04306 1.89754 1.7652 1.64483 1.53536 1.43581 1.34526 1.2629 1.18798 1.11983 1.05783 1.00137 0.943612 0.886651 0.830618 0.775624 0.721779 0.669187 0.617954 0.568181 0.519966 0.473402 0.42858 0.385584 0.344499 0.30541 0.268446 0.233553 0.200858 0.1763 0.153656 0.131986 0.111292 0.09166 0.0733794 0.0561418 0.0403074 0.0261542 0.0139528 0.0039769 -0.00349115 -0.00797382 -0.00903807 -0.00645633 -1.90608e-05 0.0104503 0.0250764 0.0438914 0.0666728 0.0940704 0.125771 0.161568 0.200328 0.23559 0.273083 0.312747 0.354565 0.398304 0.443773 0.490782 0.539138 0.588648 0.639115 0.690342 0.742131 0.794281 0.846587 0.898838 0.950809 1.00223 1.05853 1.12043 1.1885 1.26336 1.34566 1.43617 1.53568 1.64512 1.76545 1.89776 2.04325 2.20322 2.37912 2.57251 2.78513 3.01887 3.27581 3.55822 3.86857 4.20951 4.58381 
4.58381 4.21045 3.8701 3.56013 3.27794 3.02112 2.78742 2.57478 2.38132 2.20533 2.04524 1.89961 1.76714 1.64664 1.53703 1.43733 1.34663 1.26412 1.18905 1.12074 1.05856 1.00191 0.943986 0.886858 0.83066 0.775506 0.721505 0.668766 0.617392 0.567487 0.519149 0.472473 0.427551 0.384469 0.343317 0.304188 0.267231 0.232345 0.199681 0.175068 0.152361 0.130638 0.109907 0.0902693 0.0720625 0.0548264 0.0389697 0.0247879 0.0125599 0.00256536 -0.00490649 -0.00937304 -0.0104091 -0.00779101 -0.0013124 0.00919793 0.023853 0.0426557 0.0652906 0.0926331 0.124303 0.160078 0.198834 0.234165 0.271688 0.311369 0.353251 0.397078 0.442655 0.489787 0.538281 0.58794 0.638569 0.689969 0.741942 0.794286 0.846797 0.899262 0.951451 1.00308 1.05954 1.12157 1.18978 1.26476 1.3472 1.43783 1.53748 1.64704 1.76749 1.89992 2.04551 2.20556 2.38152 2.57494 2.78755 3.02123 3.27803 3.56019 3.87014 4.21046 4.58381 
4.58381 4.21149 3.87181 3.56227 3.28035 3.02367 2.79004 2.5774 2.3839 2.20784 2.04764 1.90188 1.76927 1.64863 1.53887 1.439 1.34814 1.26546 1.19022 1.12173 1.05936 1.00249 0.944383 0.887073 0.830693 0.775362 0.721192 0.668291 0.616763 0.566713 0.518241 0.471442 0.426411 0.383237 0.342013 0.302841 0.265893 0.231016 0.198384 0.173709 0.150933 0.129152 0.108382 0.0887387 0.0706035 0.0533682 0.0374875 0.023275 0.0110188 0.00100438 -0.00647104 -0.0109199 -0.0119251 -0.00926736 -0.00274369 0.00781111 0.0224973 0.0412865 0.0637716 0.0910526 0.122688 0.158439 0.197187 0.232593 0.270151 0.30985 0.351799 0.395722 0.441415 0.488681 0.537325 0.587148 0.637953 0.689542 0.741716 0.794272 0.847006 0.899703 0.952129 1.00401 1.06064 1.12283 1.19118 1.2663 1.34889 1.43967 1.53946 1.64915 1.76973 1.90229 2.04799 2.20814 2.38416 2.57762 2.79022 3.02382 3.28046 3.56234 3.87186 4.21151 4.58381 
4.58381 4.21263 3.87368 3.56461 3.28299 3.02648 2.79292 2.58029 2.38674 2.21059 2.05027 1.90439 1.77163 1.65082 1.54089 1.44085 1.34981 1.26694 1.19151 1.12282 1.06024 1.00311 0.944805 0.887292 0.830713 0.77519 0.720833 0.667754 0.616058 0.56585 0.51723 0.470298 0.425148 0.381874 0.340573 0.301357 0.264419 0.229552 0.196952 0.172208 0.149357 0.127513 0.106701 0.0870532 0.0689859 0.0517508 0.0358444 0.021599 0.00931246 -0.000722751 -0.00820137 -0.0126308 -0.0136023 -0.0109013 -0.00432857 0.00627438 0.0209938 0.0397685 0.0621017 0.0893145 0.120912 0.156635 0.195373 0.230859 0.268456 0.308174 0.350194 0.39422 0.44004 0.487452 0.536258 0.58626 0.637258 0.689053 0.741446 0.794233 0.84721 0.900159 0.952845 1.00499 1.06183 1.1242 1.19271 1.268 1.35075 1.44168 1.54163 1.65148 1.77221 1.90489 2.05072 2.21097 2.38707 2.58056 2.79314 3.02666 3.28312 3.56471 3.87374 4.21266 4.58381 
4.58381 4.21388 3.87573 3.56718 3.28588 3.02956 2.79608 2.58346 2.38986 2.21361 2.05318 1.90714 1.77422 1.65323 1.54311 1.44288 1.35164 1.26857 1.19293 1.12402 1.0612 1.00379 0.94525 0.887515 0.830717 0.774982 0.720421 0.667147 0.615267 0.564885 0.516105 0.469027 0.423748 0.380365 0.338982 0.299722 0.262796 0.22794 0.195372 0.17055 0.147617 0.125705 0.104848 0.0851959 0.0671917 0.0499556 0.0340216 0.0197411 0.00742229 -0.00263477 -0.0101161 -0.0145242 -0.015459 -0.0127108 -0.00608466 0.00457038 0.0193253 0.0380846 0.060265 0.0874025 0.118957 0.154649 0.193375 0.228945 0.266585 0.306324 0.34842 0.392557 0.438513 0.486083 0.535067 0.585263 0.636471 0.688491 0.741123 0.794162 0.847402 0.900626 0.953596 1.00605 1.06313 1.12569 1.19439 1.26987 1.35279 1.4439 1.54402 1.65404 1.77493 1.90776 2.05372 2.21408 2.39026 2.58379 2.79635 3.02978 3.28605 3.56729 3.8758 4.21391 4.58381 
4.58381 4.21524 3.87797 3.56999 3.28905 3.03294 2.79955 2.58694 2.39329 2.21694 2.05637 1.91017 1.77706 1.65588 1.54556 1.44511 1.35365 1.27036 1.19448 1.12533 1.06224 1.00451 0.945718 0.887737 0.8307 0.774731 0.719947 0.66646 0.614377 0.563806 0.514851 0.467614 0.422195 0.378696 0.337225 0.297919 0.261007 0.226164 0.193625 0.168718 0.145694 0.123709 0.102804 0.0831475 0.0652005 0.0479617 0.0319982 0.0176801 0.00532708 -0.00475275 -0.0122362 -0.0166209 -0.0175156 -0.0147159 -0.00803181 0.00267948 0.0174724 0.0362154 0.0582434 0.0852986 0.116806 0.152463 0.191172 0.226831 0.264521 0.304282 0.346457 0.390712 0.436816 0.484559 0.533735 0.584143 0.635581 0.687846 0.740737 0.794051 0.847579 0.901102 0.954383 1.00717 1.06453 1.12733 1.19624 1.27191 1.35503 1.44634 1.54665 1.65685 1.77792 1.91092 2.05702 2.2175 2.39377 2.58734 2.79988 3.0332 3.28925 3.57013 3.87805 4.21528 4.58381 
4.58381 4.21672 3.88041 3.57307 3.29253 3.03664 2.80336 2.59076 2.39705 2.2206 2.05987 1.9135 1.78019 1.6588 1.54825 1.44756 1.35586 1.27231 1.19618 1.12675 1.06337 1.00529 0.946207 0.887954 0.830653 0.77443 0.719401 0.66568 0.613376 0.562598 0.513452 0.466041 0.420471 0.376846 0.335283 0.29593 0.259035 0.224204 0.191693 0.166691 0.143569 0.121504 0.100549 0.0808866 0.0629891 0.0457457 0.0297503 0.0153923 0.00300299 -0.00710044 -0.0145851 -0.0189441 -0.0197952 -0.0169395 -0.0101925 0.000579503 0.0154129 0.034139 0.0560167 0.0829825 0.114437 0.150055 0.188744 0.224497 0.262242 0.302027 0.344285 0.388667 0.43493 0.482859 0.532245 0.582884 0.634571 0.687103 0.740278 0.793891 0.847732 0.901581 0.955204 1.00836 1.06604 1.1291 1.19825 1.27415 1.35749 1.44902 1.54954 1.65994 1.7812 1.91438 2.06065 2.22126 2.39762 2.59123 2.80375 3.03695 3.29276 3.57323 3.88052 4.21677 4.58381 
4.58381 4.21834 3.88308 3.57643 3.29633 3.0407 2.80754 2.59495 2.40119 2.22461 2.06373 1.91715 1.78363 1.662 1.5512 1.45026 1.35828 1.27446 1.19804 1.12831 1.06458 1.00611 0.946716 0.888162 0.830571 0.774068 0.718771 0.664794 0.612248 0.561244 0.511889 0.464291 0.418556 0.374797 0.333136 0.293734 0.256857 0.22204 0.189554 0.164446 0.141219 0.119068 0.0980577 0.0783883 0.0605317 0.0432808 0.027251 0.0128505 0.000423063 -0.00970466 -0.0171895 -0.0215204 -0.0223239 -0.0194072 -0.012592 -0.00175472 0.0131219 0.0318307 0.0535619 0.0804317 0.111828 0.147402 0.186067 0.221916 0.259722 0.299535 0.34188 0.386397 0.432832 0.480962 0.530576 0.581466 0.633424 0.686248 0.739731 0.793669 0.847851 0.902057 0.956054 1.00962 1.06766 1.13102 1.20044 1.2766 1.36018 1.45195 1.55271 1.66334 1.78481 1.91819 2.06463 2.22539 2.40185 2.59551 2.80799 3.04106 3.29661 3.57663 3.8832 4.21839 4.58381 
4.58381 4.22009 3.886 3.58011 3.3005 3.04515 2.81212 2.59956 2.40572 2.22902 2.06796 1.92117 1.78741 1.66552 1.55444 1.45321 1.36094 1.27681 1.20006 1.12999 1.06589 1.00699 0.94724 0.888354 0.830444 0.773634 0.718042 0.663785 0.610975 0.559724 0.510142 0.462339 0.416428 0.372524 0.33076 0.29131 0.254453 0.219648 0.187183 0.16196 0.138616 0.116373 0.0953048 0.0756249 0.0577987 0.0405367 0.0244699 0.0100244 -0.0024432 -0.0125957 -0.0200795 -0.0243794 -0.0251313 -0.0221484 -0.0152594 -0.00435179 0.0105708 0.0292626 0.0508531 0.0776206 0.108952 0.144479 0.183114 0.219064 0.256937 0.29678 0.339216 0.383877 0.430496 0.478844 0.528705 0.579867 0.632121 0.685261 0.739081 0.793374 0.847927 0.902522 0.956931 1.01095 1.06939 1.1331 1.20283 1.27927 1.36313 1.45517 1.55618 1.66706 1.78877 1.92237 2.069 2.22992 2.40649 2.6002 2.81265 3.04557 3.30081 3.58034 3.88614 4.22016 4.58381 
4.58381 4.222 3.88918 3.58413 3.30505 3.05002 2.81714 2.6046 2.4107 2.23385 2.0726 1.92558 1.79155 1.66938 1.55799 1.45645 1.36384 1.27937 1.20227 1.13181 1.06729 1.00792 0.947775 0.888521 0.83026 0.773112 0.717198 0.662635 0.609536 0.558015 0.508186 0.460163 0.41406 0.370002 0.328131 0.288631 0.251795 0.217002 0.184552 0.159202 0.135734 0.113391 0.0922592 0.0725643 0.0547567 0.0374793 0.0213723 0.00687905 -0.00563042 -0.0158081 -0.0232891 -0.0275551 -0.0282508 -0.0251961 -0.0182273 -0.00724426 0.00772743 0.026403 0.0478602 0.0745203 0.105782 0.141255 0.179856 0.215908 0.253855 0.293732 0.336264 0.381077 0.427894 0.476477 0.526605 0.578062 0.630638 0.684122 0.738308 0.792987 0.847946 0.902966 0.957827 1.01234 1.07124 1.13534 1.20541 1.28218 1.36635 1.45868 1.55999 1.67115 1.79312 1.92695 2.0738 2.23489 2.41158 2.60533 2.81774 3.0505 3.30541 3.58439 3.88934 4.22207 4.58381 
4.58381 4.22408 3.89264 3.58851 3.31003 3.05535 2.82263 2.61012 2.41615 2.23916 2.07769 1.93042 1.7961 1.6736 1.56189 1.45999 1.36702 1.28216 1.20466 1.13378 1.06879 1.0089 0.948314 0.888653 0.830005 0.772488 0.716221 0.661321 0.607907 0.556093 0.505996 0.457732 0.411424 0.367202 0.325217 0.285668 0.248853 0.214071 0.181628 0.15614 0.132536 0.110087 0.0888862 0.0691701 0.051368 0.0340696 0.0179189 0.00337514 -0.00917795 -0.0193808 -0.0268572 -0.0310859 -0.0317206 -0.0285881 -0.0215332 -0.0104693 0.00455478 0.0232156 0.0445494 0.071098 0.102283 0.137697 0.176259 0.212416 0.250442 0.290358 0.33299 0.377964 0.424992 0.473828 0.524245 0.576023 0.628947 0.682807 0.737391 0.79249 0.847891 0.903377 0.958734 1.01379 1.07319 1.13774 1.20821 1.28534 1.36986 1.46253 1.56415 1.67562 1.79788 1.93198 2.07905 2.24033 2.41715 2.61096 2.82332 3.05589 3.31044 3.5888 3.89281 4.22415 4.58381 
4.58381 4.22632 3.8964 3.59329 3.31546 3.06117 2.82864 2.61617 2.42212 2.24496 2.08327 1.93571 1.80108 1.67823 1.56615 1.46386 1.37048 1.2852 1.20725 1.13589 1.07038 1.00992 0.94885 0.888738 0.829664 0.77174 0.715086 0.659819 0.60606 0.553927 0.503538 0.455016 0.408488 0.364091 0.321987 0.282388 0.245593 0.210819 0.178374 0.152737 0.128987 0.106421 0.0851457 0.0654004 0.0475891 0.030263 0.0140646 -0.000532388 -0.0131307 -0.0233584 -0.0308281 -0.0350158 -0.0355842 -0.0323675 -0.0252199 -0.0140695 0.00101066 0.0196592 0.0408813 0.0673163 0.0984189 0.133768 0.172286 0.208548 0.246659 0.286619 0.329357 0.374501 0.421754 0.470862 0.52159 0.573716 0.627019 0.681285 0.736303 0.791861 0.847744 0.90374 0.959641 1.01529 1.07525 1.1403 1.21122 1.28877 1.37368 1.46672 1.5687 1.68051 1.80309 1.93748 2.08481 2.24629 2.42325 2.61712 2.82941 3.06178 3.31592 3.59361 3.8966 4.22641 4.58381 
4.58381 4.22875 3.90048 3.59848 3.32138 3.06752 2.83521 2.62278 2.42866 2.25132 2.08937 1.94151 1.80652 1.6833 1.5708 1.46807 1.37425 1.28849 1.21004 1.13815 1.07206 1.01098 0.94937 0.88876 0.829216 0.770846 0.713767 0.658099 0.603964 0.551483 0.500778 0.451977 0.405212 0.36063 0.318403 0.278751 0.241977 0.207205 0.174748 0.148948 0.125041 0.102351 0.0809918 0.061207 0.0433706 0.0260088 0.00975825 -0.00489502 -0.0175399 -0.0277919 -0.0352521 -0.0393948 -0.0398916 -0.0365839 -0.0293366 -0.0180936 -0.00295334 0.0156867 0.0368109 0.063132 0.0941474 0.129426 0.167894 0.204261 0.242464 0.282472 0.325321 0.370645 0.418137 0.467537 0.518602 0.571102 0.624816 0.679525 0.735015 0.791072 0.847483 0.904036 0.960535 1.01684 1.07742 1.14303 1.21446 1.29248 1.37783 1.47129 1.57367 1.68585 1.80879 1.9435 2.0911 2.25281 2.42992 2.62384 2.83607 3.0682 3.3219 3.59885 3.9007 4.22885 4.58381 
4.58381 4.23136 3.9049 3.60413 3.32782 3.07444 2.84237 2.63001 2.43579 2.25827 2.09605 1.94785 1.81248 1.68883 1.57587 1.47267 1.37834 1.29206 1.21305 1.14056 1.07383 1.01207 0.94986 0.888699 0.828637 0.769776 0.712233 0.656127 0.601582 0.548722 0.497675 0.448573 0.401555 0.356777 0.31442 0.274715 0.237957 0.203182 0.170702 0.144726 0.120649 0.0978233 0.0763714 0.0565344 0.0386557 0.0212488 0.00494083 -0.00977175 -0.0224643 -0.0327397 -0.0401874 -0.0442807 -0.0446998 -0.0412941 -0.0339398 -0.0225978 -0.00739285 0.0112437 0.032286 0.0584957 0.0894197 0.124623 0.163035 0.199507 0.237806 0.277869 0.320835 0.366347 0.414095 0.463806 0.515233 0.568139 0.622298 0.677488 0.733491 0.790092 0.847078 0.904242 0.961397 1.01842 1.07968 1.14592 1.21792 1.29647 1.38232 1.47625 1.57908 1.69168 1.815 1.95007 2.09798 2.25994 2.43721 2.63119 2.84334 3.07521 3.3284 3.60454 3.90515 4.23148 4.58381 
4.58381 4.23418 3.90968 3.61025 3.33482 3.08198 2.85018 2.63788 2.44359 2.26586 2.10334 1.95477 1.81897 1.69485 1.58139 1.47766 1.38277 1.2959 1.21627 1.14312 1.07568 1.01317 0.950302 0.888532 0.8279 0.7685 0.710447 0.653861 0.59887 0.545599 0.494182 0.444756 0.397468 0.352483 0.30999 0.270227 0.233482 0.198696 0.166177 0.140011 0.115752 0.0927794 0.0712228 0.0513188 0.033379 0.0159162 -0.00045528 -0.0152304 -0.0279717 -0.038269 -0.0457007 -0.0497397 -0.0500747 -0.0465635 -0.0390945 -0.0276469 -0.012372 0.00626782 0.0272462 0.0533499 0.0841799 0.119302 0.157653 0.19423 0.232629 0.272754 0.315844 0.361554 0.409572 0.459617 0.511432 0.564776 0.619417 0.675128 0.731689 0.788884 0.846499 0.904332 0.962205 1.02 1.08202 1.14896 1.22162 1.30076 1.38717 1.48162 1.58495 1.69802 1.82178 1.95724 2.10549 2.26771 2.44517 2.63921 2.85126 3.08283 3.33547 3.6107 3.90996 4.23431 4.58381 
4.58381 4.23721 3.91485 3.61688 3.34242 3.09017 2.85868 2.64647 2.45208 2.27413 2.11129 1.96231 1.82605 1.70141 1.58739 1.48307 1.38755 1.30002 1.2197 1.14581 1.07759 1.01426 0.950673 0.88823 0.826969 0.766977 0.708365 0.651256 0.595778 0.542061 0.490244 0.44047 0.392894 0.347689 0.305055 0.265229 0.22849 0.193681 0.161109 0.134739 0.110283 0.0871498 0.0654744 0.0454857 0.027465 0.00993373 -0.00650807 -0.0213492 -0.0341399 -0.0444573 -0.051869 -0.0558485 -0.0560926 -0.052468 -0.0448763 -0.033316 -0.0179649 0.000686757 0.021621 0.0476274 0.0783631 0.113401 0.151687 0.188366 0.226869 0.267062 0.310283 0.356203 0.404506 0.454906 0.507139 0.560955 0.616117 0.672394 0.729562 0.787403 0.845706 0.904272 0.962932 1.02158 1.08443 1.15215 1.22553 1.30535 1.39239 1.48743 1.59132 1.70491 1.82916 1.96505 2.11367 2.27619 2.45383 2.64793 2.85988 3.09112 3.34314 3.61738 3.91515 4.23735 4.58381 
4.58381 4.24046 3.92041 3.62405 3.35066 3.09907 2.86792 2.6558 2.46133 2.28313 2.11994 1.97052 1.83374 1.70853 1.59389 1.48891 1.3927 1.30444 1.22334 1.14863 1.07955 1.01533 0.950943 0.887759 0.825804 0.765161 0.705938 0.648257 0.592248 0.538048 0.485799 0.435651 0.387768 0.342331 0.299546 0.259651 0.222909 0.188065 0.155422 0.128831 0.104163 0.0808536 0.0590426 0.0389491 0.0208262 0.00321236 -0.0133077 -0.0282186 -0.0410592 -0.0513944 -0.0587816 -0.0626957 -0.0628419 -0.0590956 -0.0513728 -0.0396921 -0.0242576 -0.00558338 0.0153286 0.0412501 0.0718939 0.106845 0.145063 0.181842 0.220452 0.26072 0.304081 0.350221 0.398826 0.449605 0.502284 0.556609 0.612334 0.669224 0.727052 0.785599 0.844653 0.904021 0.963543 1.02312 1.08688 1.15547 1.22966 1.31024 1.39798 1.4937 1.59821 1.71238 1.83716 1.97354 2.12257 2.28541 2.46326 2.65742 2.86923 3.10011 3.35145 3.6246 3.92074 4.24061 4.58381 
4.58381 4.24393 3.92638 3.63178 3.35956 3.1087 2.87793 2.66594 2.47137 2.29292 2.12934 1.97943 1.84208 1.71624 1.60092 1.4952 1.39822 1.30914 1.22718 1.15157 1.08154 1.01635 0.951076 0.887074 0.824357 0.762998 0.703104 0.644798 0.588213 0.533488 0.480773 0.430225 0.382015 0.336331 0.293385 0.253411 0.216654 0.181759 0.149026 0.122196 0.0972989 0.0737957 0.0518294 0.0316085 0.0133607 -0.00435148 -0.0209588 -0.0359435 -0.0488345 -0.0591846 -0.0665423 -0.0703847 -0.0704253 -0.0665487 -0.058686 -0.0468767 -0.0313503 -0.0126404 0.00827296 0.0341259 0.0646838 0.0995483 0.137696 0.174574 0.213295 0.253644 0.297154 0.343526 0.392451 0.443631 0.496789 0.55166 0.607993 0.665549 0.724095 0.78341 0.843285 0.903531 0.963996 1.02459 1.08934 1.1589 1.234 1.31542 1.40396 1.50042 1.60563 1.72046 1.84584 1.98274 2.13223 2.29541 2.47349 2.66771 2.87938 3.10984 3.36042 3.63238 3.92675 4.2441 4.58381 
4.58381 4.24763 3.93279 3.64009 3.36916 3.11911 2.88877 2.67692 2.48225 2.30353 2.13953 1.98909 1.85111 1.72457 1.60849 1.50196 1.40411 1.31412 1.23121 1.15459 1.08352 1.01726 0.951028 0.886125 0.822567 0.760423 0.699795 0.640806 0.583593 0.528301 0.475083 0.424105 0.375546 0.329599 0.286479 0.246414 0.209626 0.174661 0.141817 0.114729 0.0895823 0.0658647 0.0437201 0.0233464 0.00494956 -0.0128784 -0.0295833 -0.0446464 -0.0575878 -0.0679498 -0.0752725 -0.0790364 -0.0789632 -0.0749473 -0.0669354 -0.0549885 -0.0393599 -0.0205987 0.000341727 0.0261466 0.0566286 0.0914098 0.129488 0.166464 0.205298 0.245737 0.289406 0.336023 0.385285 0.436893 0.490562 0.54602 0.60301 0.661286 0.720612 0.780765 0.841538 0.902745 0.96424 1.02594 1.09179 1.1624 1.23851 1.32089 1.41032 1.50762 1.61361 1.72917 1.85521 1.9927 2.14269 2.30626 2.48458 2.67886 2.89036 3.12036 3.3701 3.64075 3.93319 4.24781 4.58381 
4.58381 4.25156 3.93963 3.649 3.37949 3.13033 2.90048 2.68878 2.49403 2.31501 2.15055 1.99952 1.86086 1.73354 1.61662 1.50918 1.41037 1.31937 1.2354 1.15767 1.08545 1.01804 0.950743 0.88485 0.820367 0.757359 0.695926 0.636193 0.578297 0.522389 0.46863 0.417191 0.368257 0.322029 0.278719 0.238545 0.201708 0.166651 0.133671 0.106304 0.0808847 0.0569285 0.0345796 0.014025 -0.00454666 -0.0225097 -0.0393235 -0.0544702 -0.0674624 -0.0778326 -0.0851143 -0.0887923 -0.0885968 -0.0844321 -0.0762613 -0.0641665 -0.0484238 -0.0295928 -0.00859753 0.0171841 0.0476051 0.0823101 0.120322 0.157398 0.196349 0.236885 0.280724 0.327601 0.37722 0.429282 0.483496 0.539585 0.597283 0.656339 0.716514 0.777581 0.839334 0.901591 0.964213 1.02712 1.09416 1.16595 1.24317 1.32661 1.41705 1.51528 1.62215 1.73852 1.8653 2.00345 2.15398 2.31798 2.49656 2.6909 2.9022 3.13169 3.38051 3.64972 3.94007 4.25176 4.58381 
4.58381 4.25573 3.94692 3.65854 3.39057 3.14239 2.91309 2.70158 2.50673 2.32739 2.16243 2.01076 1.87134 1.74316 1.62531 1.51686 1.41699 1.32487 1.23972 1.16077 1.0873 1.01862 0.950154 0.883171 0.817671 0.753714 0.691401 0.630854 0.572216 0.515641 0.461296 0.409361 0.360027 0.313494 0.269974 0.22967 0.19276 0.157584 0.124442 0.0967711 0.0710536 0.0468313 0.0242481 0.00348211 -0.015292 -0.0334111 -0.0503469 -0.065583 -0.0786263 -0.089001 -0.0962352 -0.0998194 -0.0994926 -0.0951691 -0.0868287 -0.0745748 -0.0587037 -0.0397814 -0.0187012 0.00708629 0.0374667 0.0721078 0.11006 0.14724 0.186313 0.226955 0.270977 0.318131 0.368128 0.420673 0.47547 0.532235 0.590697 0.650598 0.711694 0.773757 0.836581 0.899987 0.96384 1.02806 1.09642 1.16948 1.24795 1.33257 1.42412 1.52341 1.63126 1.74854 1.87614 2.01501 2.16615 2.33061 2.50947 2.70387 2.91495 3.14387 3.39168 3.65931 3.94739 4.25593 4.58381 
4.58381 4.26012 3.95465 3.6687 3.40241 3.15532 2.92662 2.71533 2.52038 2.3407 2.1752 2.02283 1.88257 1.75345 1.63455 1.525 1.42394 1.33057 1.24412 1.16383 1.08898 1.01892 0.949177 0.880997 0.814379 0.749381 0.686102 0.624667 0.56522 0.507922 0.452946 0.400477 0.350709 0.303845 0.260088 0.219628 0.182616 0.147293 0.113958 0.0859535 0.0599079 0.0353876 0.0125366 -0.00847431 -0.0274805 -0.0457784 -0.0628508 -0.0781831 -0.0912781 -0.101653 -0.108833 -0.112315 -0.111848 -0.107355 -0.0988334 -0.0864073 -0.0703907 -0.0513526 -0.0301546 -0.00432757 0.0260386 0.0606338 0.0985401 0.135831 0.175033 0.215791 0.260012 0.30746 0.35786 0.410919 0.466338 0.52383 0.583116 0.643932 0.70603 0.769178 0.833171 0.897833 0.963029 1.02868 1.09847 1.17295 1.25278 1.33872 1.43152 1.53198 1.64093 1.75921 1.88773 2.0274 2.17921 2.34417 2.52334 2.7178 2.92863 3.15691 3.40361 3.66953 3.95516 4.26034 4.58381 
4.58381 4.26473 3.96282 3.67948 3.41503 3.16913 2.94109 2.73005 2.53502 2.35497 2.18888 2.03573 1.89455 1.76439 1.64435 1.53356 1.43118 1.33644 1.24855 1.16678 1.09043 1.01885 0.947713 0.878217 0.810371 0.74423 0.679894 0.617488 0.55716 0.499077 0.443417 0.390368 0.340129 0.292901 0.248876 0.208226 0.17108 0.135573 0.10201 0.0736395 0.0472312 0.0223765 -0.00077976 -0.022072 -0.0413421 -0.0598439 -0.077069 -0.0925056 -0.105653 -0.116026 -0.123144 -0.126515 -0.125896 -0.121223 -0.112508 -0.0998944 -0.0837124 -0.06453 -0.0431784 -0.0172734 0.0131116 0.047686 0.0855646 0.12298 0.162321 0.20321 0.247646 0.295411 0.346242 0.399848 0.455934 0.514206 0.574381 0.636188 0.699374 0.763705 0.828975 0.895008 0.961671 1.02888 1.10024 1.17626 1.25761 1.345 1.43918 1.54095 1.65112 1.77054 1.90007 2.04063 2.19318 2.3587 2.53819 2.73271 2.94326 3.17084 3.41631 3.68038 3.96336 4.26497 4.58381 
4.58381 4.26956 3.97142 3.69089 3.42842 3.18381 2.95652 2.74576 2.55064 2.3702 2.20346 2.04947 1.90728 1.77597 1.65465 1.54249 1.43867 1.3424 1.25293 1.16953 1.09153 1.01831 0.945637 0.874698 0.805501 0.738106 0.67261 0.609142 0.547855 0.488917 0.432513 0.378835 0.328081 0.280446 0.236113 0.195234 0.157913 0.122183 0.0883511 0.0595757 0.0327646 0.007534 -0.0159693 -0.0375827 -0.057151 -0.0758839 -0.0932801 -0.10883 -0.122033 -0.132399 -0.139449 -0.142699 -0.141918 -0.137052 -0.128129 -0.115311 -0.0989399 -0.0795811 -0.0580364 -0.0320098 -0.00156605 0.0330206 0.0708981 0.108457 0.147955 0.188991 0.233665 0.281773 0.333064 0.387258 0.444059 0.50317 0.564305 0.627185 0.691554 0.757175 0.823839 0.891369 0.959633 1.02854 1.10161 1.17933 1.26234 1.35134 1.44706 1.55029 1.66182 1.78248 1.91314 2.05469 2.20805 2.37418 2.55403 2.7486 2.95884 3.18564 3.42979 3.69185 3.972 4.26982 4.58381 
4.58381 4.27459 3.98043 3.70289 3.44256 3.19937 2.97289 2.76245 2.56724 2.38638 2.21895 2.06403 1.92072 1.78814 1.66542 1.55175 1.44632 1.34837 1.25716 1.17198 1.09218 1.01716 0.942799 0.870276 0.799597 0.730824 0.664056 0.599426 0.537088 0.477218 0.420002 0.365634 0.314311 0.266221 0.221531 0.180374 0.142832 0.10683 0.0726831 0.0434573 0.016197 -0.00945659 -0.0333536 -0.0553314 -0.0752356 -0.0942296 -0.111817 -0.127493 -0.140754 -0.151109 -0.158084 -0.161205 -0.160251 -0.155177 -0.14603 -0.132987 -0.116399 -0.0968267 -0.075045 -0.0488476 -0.0182975 0.0163435 0.0542555 0.0919844 0.131663 0.17287 0.217808 0.266291 0.318081 0.372907 0.430477 0.490494 0.552666 0.616711 0.682368 0.749394 0.81758 0.886746 0.956757 1.02752 1.10246 1.18204 1.26687 1.35764 1.45507 1.5599 1.67294 1.795 1.92691 2.06955 2.22381 2.3906 2.57085 2.76547 2.97535 3.20131 3.44402 3.70391 3.98105 4.27487 4.58381 
4.58381 4.27981 3.98983 3.71546 3.45742 3.21576 2.99017 2.78009 2.58479 2.40348 2.23529 2.07936 1.93483 1.80085 1.67659 1.56124 1.45405 1.35424 1.26111 1.17398 1.09221 1.01522 0.939017 0.864755 0.792447 0.722159 0.653995 0.588089 0.524601 0.463709 0.405602 0.350474 0.298517 0.249909 0.204803 0.16331 0.125492 0.0891636 0.054646 0.0249168 -0.00284633 -0.0289766 -0.0533192 -0.0757096 -0.095991 -0.115279 -0.133082 -0.148896 -0.16222 -0.172565 -0.179458 -0.182439 -0.181298 -0.176002 -0.166612 -0.153318 -0.136481 -0.116654 -0.0945858 -0.0681622 -0.0374494 -0.00270206 0.0352905 0.0732272 0.113118 0.154528 0.199765 0.248662 0.300996 0.356507 0.414909 0.475905 0.539201 0.604513 0.671571 0.740132 0.809979 0.880932 0.95285 1.02563 1.10261 1.18422 1.27107 1.36379 1.46309 1.56972 1.68443 1.80802 1.94132 2.08516 2.24041 2.40793 2.5886 2.78328 2.99278 3.21781 3.45896 3.71654 3.99048 4.2801 4.58381 
4.58381 4.28519 3.99956 3.72855 3.47295 3.23293 3.00831 2.79863 2.60324 2.42144 2.25242 2.09539 1.94952 1.814 1.68803 1.57085 1.46171 1.35986 1.26464 1.17536 1.09143 1.01229 0.934068 0.857896 0.783797 0.711843 0.642142 0.574833 0.51008 0.448063 0.388972 0.332999 0.280329 0.231129 0.185534 0.143636 0.105477 0.0687564 0.0338043 0.00350931 -0.0248189 -0.0514871 -0.0763338 -0.09919 -0.119895 -0.139515 -0.15756 -0.173529 -0.186924 -0.197256 -0.204061 -0.206892 -0.205551 -0.200016 -0.19036 -0.176787 -0.159663 -0.139532 -0.117121 -0.090408 -0.0594673 -0.0245501 0.0135814 0.0517754 0.0919234 0.133578 0.179159 0.228519 0.281452 0.337712 0.397018 0.459078 0.523598 0.590287 0.658875 0.729111 0.800775 0.873681 0.947681 1.02267 1.10187 1.18571 1.27475 1.36962 1.471 1.57959 1.69616 1.82145 1.95628 2.10145 2.25778 2.42611 2.60724 2.80198 3.01105 3.23509 3.47457 3.72969 4.00025 4.2855 4.58381 
4.58381 4.2907 4.00959 3.7421 3.48907 3.25081 3.02724 2.81798 2.62251 2.44017 2.27026 2.11202 1.96468 1.82747 1.69963 1.58043 1.46914 1.36506 1.26752 1.1759 1.08961 1.00812 0.927681 0.849408 0.773338 0.699548 0.628153 0.559296 0.493145 0.429882 0.369697 0.312777 0.259298 0.209414 0.163243 0.120858 0.0822796 0.0450907 0.00962832 -0.0213057 -0.0502713 -0.0775476 -0.102965 -0.126347 -0.147527 -0.167521 -0.185841 -0.201986 -0.215461 -0.225784 -0.232496 -0.235166 -0.233609 -0.227814 -0.217866 -0.203978 -0.186521 -0.16603 -0.143213 -0.116139 -0.0848934 -0.0497303 -0.0113874 0.0271276 0.067591 0.109545 0.155528 0.205414 0.259016 0.3161 0.376398 0.439622 0.505476 0.573672 0.643932 0.716001 0.789654 0.864696 0.940971 1.01836 1.1 1.18628 1.27772 1.37495 1.47861 1.58938 1.70798 1.83516 1.97168 2.11831 2.27583 2.44503 2.62667 2.82148 3.03009 3.25307 3.49077 3.74328 4.01032 4.29102 4.58381 
4.58381 4.29632 4.01986 3.75602 3.5057 3.2693 3.04683 2.83803 2.64246 2.45956 2.28867 2.1291 1.98015 1.84109 1.71121 1.58978 1.47614 1.3696 1.26954 1.17534 1.08646 1.00239 0.919522 0.838939 0.760695 0.684877 0.611608 0.541036 0.473333 0.408681 0.347269 0.289277 0.234873 0.184195 0.137343 0.0943715 0.0552829 0.0175343 -0.018528 -0.0501877 -0.0798753 -0.107841 -0.133905 -0.157883 -0.179598 -0.200015 -0.218646 -0.234993 -0.248563 -0.25888 -0.265495 -0.267994 -0.266205 -0.260125 -0.249851 -0.235607 -0.217762 -0.196847 -0.173549 -0.14603 -0.114392 -0.0788917 -0.0402485 -0.00133161 0.0395227 0.0818478 0.128309 0.178801 0.233157 0.291161 0.352555 0.417059 0.48438 0.554228 0.626322 0.700402 0.776234 0.853617 0.932383 1.0124 1.0967 1.18564 1.27973 1.37954 1.4857 1.59886 1.71971 1.84896 1.98734 2.13557 2.29441 2.46458 2.64678 2.84166 3.0498 3.27165 3.50747 3.75725 4.02061 4.29665 4.58381 
4.58381 4.302 4.03029 3.77021 3.52271 3.28826 3.06695 2.85864 2.66295 2.47942 2.30746 2.14646 1.99575 1.85466 1.72252 1.59866 1.48243 1.3732 1.27036 1.17335 1.08163 0.994737 0.909187 0.826055 0.745407 0.667343 0.591992 0.519511 0.450074 0.383863 0.321065 0.261853 0.206381 0.154773 0.107113 0.063437 0.0237292 -0.0146876 -0.0514563 -0.0839446 -0.114454 -0.143205 -0.170005 -0.194657 -0.216978 -0.237877 -0.256864 -0.273445 -0.28713 -0.29745 -0.303966 -0.306282 -0.30424 -0.297846 -0.287207 -0.272554 -0.254258 -0.232841 -0.208975 -0.180914 -0.148778 -0.112832 -0.0737808 -0.0343609 0.00698053 0.0497689 0.096804 0.148004 0.203225 0.262265 0.324884 0.390809 0.459752 0.531423 0.605538 0.68183 0.760058 0.84001 0.921507 1.0044 1.09161 1.18347 1.28045 1.3831 1.49201 1.60779 1.73111 1.86264 2.00306 2.15306 2.31334 2.48456 2.66738 2.86236 3.07001 3.29068 3.52454 3.77149 4.03107 4.30235 4.58381 
4.58381 4.3077 4.04079 3.78456 3.53996 3.30752 3.08742 2.87959 2.68376 2.49953 2.32641 2.16383 2.0112 1.86789 1.73328 1.60676 1.48769 1.37551 1.26963 1.16952 1.07468 0.984683 0.896179 0.810228 0.726914 0.646351 0.568678 0.494059 0.42267 0.354697 0.290319 0.229703 0.17299 0.12029 0.0716685 0.0271444 -0.0133135 -0.0525284 -0.0901313 -0.123572 -0.155022 -0.184671 -0.212312 -0.237735 -0.260744 -0.282195 -0.301594 -0.318449 -0.332275 -0.34261 -0.349027 -0.351149 -0.34883 -0.342086 -0.331033 -0.315908 -0.297082 -0.275072 -0.250535 -0.221817 -0.189059 -0.152539 -0.112947 -0.0728989 -0.0309488 0.0124199 0.0601528 0.112192 0.168414 0.22864 0.292642 0.360159 0.43091 0.504604 0.580957 0.659694 0.740566 0.823348 0.907846 0.993896 1.0843 1.17936 1.27951 1.38527 1.49719 1.61586 1.74189 1.87591 2.01857 2.17051 2.33237 2.50477 2.68827 2.88339 3.09054 3.30999 3.54183 3.78587 4.0416 4.30806 4.58381 
4.58381 4.31337 4.05128 3.79893 3.55727 3.32688 3.108 2.90065 2.70463 2.51963 2.34523 2.18092 2.02618 1.88045 1.74314 1.61368 1.49152 1.37608 1.26686 1.16335 1.06508 0.971661 0.879887 0.790807 0.704525 0.621168 0.540889 0.46386 0.390261 0.320278 0.254085 0.19184 0.133675 0.0796827 0.0299129 -0.0156317 -0.0569975 -0.0971677 -0.135759 -0.170301 -0.202837 -0.233521 -0.262129 -0.288437 -0.312236 -0.334323 -0.354204 -0.371385 -0.385386 -0.395754 -0.402075 -0.403989 -0.401365 -0.394227 -0.3827 -0.367024 -0.347574 -0.324859 -0.299527 -0.270014 -0.236485 -0.199234 -0.158944 -0.118112 -0.0754007 -0.0313037 0.0172839 0.0703278 0.127728 0.189324 0.254907 0.324228 0.397012 0.472971 0.551818 0.633272 0.717074 0.802984 0.890793 0.980316 1.07423 1.1728 1.27643 1.3856 1.50083 1.62266 1.75166 1.88842 2.03354 2.18761 2.35121 2.5249 2.70918 2.90449 3.11116 3.32939 3.55917 3.80027 4.0521 4.31374 4.58381 
4.58381 4.31895 4.06163 3.81315 3.57444 3.3461 3.12843 2.92152 2.72525 2.53937 2.36355 2.19735 2.0403 1.8919 1.75163 1.61897 1.49339 1.37439 1.26149 1.15423 1.05218 0.954968 0.859562 0.766994 0.677387 0.590889 0.507667 0.427901 0.351779 0.279483 0.211187 0.14704 0.0871625 0.0316328 -0.0195137 -0.0662897 -0.108756 -0.150073 -0.189842 -0.225668 -0.259465 -0.291351 -0.321082 -0.348416 -0.373129 -0.395959 -0.416408 -0.433981 -0.448203 -0.458629 -0.464859 -0.466551 -0.463587 -0.456 -0.443922 -0.4276 -0.407408 -0.383853 -0.357573 -0.327099 -0.292619 -0.254448 -0.213264 -0.171455 -0.127793 -0.0827812 -0.0331401 0.0211194 0.0799199 0.143123 0.210535 0.281921 0.357016 0.435533 0.517182 0.601677 0.688744 0.778131 0.869607 0.962965 1.06076 1.16319 1.27065 1.38357 1.50243 1.62772 1.75999 1.89975 2.04757 2.20398 2.3695 2.54463 2.72979 2.92537 3.13161 3.34863 3.57636 3.81451 4.06247 4.31934 4.58381 
4.58381 4.32439 4.07174 3.82705 3.59124 3.3649 3.14839 2.94184 2.74522 2.55834 2.38094 2.21265 2.05306 1.90174 1.75822 1.62203 1.4927 1.36978 1.25282 1.14141 1.03516 0.933742 0.834282 0.737801 0.64445 0.554397 0.467826 0.384927 0.305895 0.230918 0.160163 0.0937751 0.0318629 -0.0255063 -0.078311 -0.126578 -0.170382 -0.213083 -0.254263 -0.2916 -0.326877 -0.360172 -0.391218 -0.419754 -0.445536 -0.469243 -0.490369 -0.50842 -0.522923 -0.533442 -0.539589 -0.541041 -0.537695 -0.529589 -0.516865 -0.499775 -0.478696 -0.454132 -0.426716 -0.395075 -0.359424 -0.320099 -0.277781 -0.234755 -0.189904 -0.143744 -0.0927977 -0.0370549 0.0234294 0.0885369 0.158093 0.231874 0.309624 0.391059 0.475885 0.563809 0.654542 0.747815 0.843376 0.940993 1.04307 1.14979 1.26146 1.37851 1.50136 1.63047 1.76631 1.90938 2.06017 2.21915 2.38679 2.56352 2.74972 2.94566 3.15154 3.36742 3.59315 3.82841 4.07258 4.32478 4.58381 
4.58381 4.32961 4.08145 3.84043 3.6074 3.38297 3.16751 2.96122 2.7641 2.57606 2.39688 2.22627 2.06389 1.90935 1.76225 1.62217 1.48871 1.36144 1.23999 1.12397 1.01304 0.906923 0.802908 0.702011 0.604412 0.510302 0.419885 0.333368 0.250955 0.172835 0.0991803 0.0301287 -0.0342183 -0.0938034 -0.148617 -0.198699 -0.244136 -0.288517 -0.331399 -0.370533 -0.407565 -0.44253 -0.475135 -0.505095 -0.532145 -0.556899 -0.578843 -0.597481 -0.612343 -0.623 -0.629076 -0.630269 -0.626485 -0.617773 -0.604282 -0.586271 -0.564121 -0.538337 -0.50955 -0.476484 -0.439386 -0.398618 -0.354866 -0.310323 -0.263982 -0.216377 -0.163807 -0.106241 -0.0437115 0.0236814 0.0957795 0.172373 0.25321 0.338011 0.426478 0.518304 0.613189 0.71084 0.810982 0.913354 1.02021 1.13167 1.24802 1.36964 1.49689 1.6302 1.76998 1.91669 2.07074 2.23256 2.40257 2.58111 2.7685 2.96496 3.17061 3.38545 3.60929 3.84178 4.0823 4.33001 4.58381 
4.58381 4.33455 4.09063 3.85306 3.62264 3.39995 3.18538 2.97917 2.78138 2.59196 2.41076 2.23756 2.07207 1.91396 1.76291 1.61854 1.48049 1.34841 1.22195 1.10079 0.984619 0.873204 0.764035 0.658114 0.555653 0.456872 0.362 0.271261 0.184875 0.10304 0.0259292 -0.0463174 -0.113604 -0.175879 -0.233144 -0.285449 -0.332892 -0.379326 -0.424282 -0.465576 -0.504716 -0.541684 -0.57616 -0.60783 -0.636401 -0.662422 -0.685367 -0.704735 -0.720058 -0.730913 -0.736936 -0.737842 -0.73355 -0.724119 -0.709706 -0.690578 -0.667124 -0.639851 -0.609393 -0.574576 -0.535682 -0.493105 -0.447543 -0.401101 -0.35289 -0.303464 -0.248863 -0.189036 -0.123999 -0.0538332 0.0213177 0.101253 0.185728 0.27446 0.367144 0.463462 0.563093 0.665721 0.771041 0.878764 0.990973 1.10773 1.2293 1.35597 1.48811 1.62606 1.7702 1.92092 2.07858 2.24357 2.41621 2.59682 2.78562 2.98279 3.18839 3.40236 3.62449 3.85439 4.09147 4.33495 4.58381 
4.58381 4.33913 4.09913 3.86473 3.63664 3.41545 3.20155 2.99519 2.79647 2.6054 2.42188 2.24575 2.07678 1.91472 1.75926 1.61011 1.46695 1.32949 1.19742 1.07048 0.948393 0.830973 0.715922 0.604232 0.496152 0.391938 0.291847 0.19613 0.105025 0.0187457 -0.0625249 -0.138643 -0.209512 -0.275084 -0.335366 -0.390416 -0.440344 -0.489313 -0.53682 -0.580746 -0.622447 -0.661854 -0.698605 -0.732356 -0.762781 -0.790354 -0.814538 -0.834822 -0.850737 -0.861868 -0.86786 -0.868445 -0.863555 -0.853259 -0.837723 -0.817226 -0.792165 -0.763057 -0.730542 -0.693555 -0.652419 -0.607564 -0.559708 -0.510878 -0.460306 -0.408575 -0.351419 -0.28877 -0.220627 -0.147058 -0.0681957 0.0157658 0.104581 0.197964 0.295598 0.397146 0.502264 0.610609 0.721842 0.835637 0.953894 1.07662 1.20402 1.33636 1.47393 1.61705 1.76603 1.9212 2.08289 2.25141 2.42703 2.61 2.8005 2.99864 3.20443 3.41777 3.63843 3.86601 4.09995 4.33952 4.58381 
4.58381 4.34327 4.10679 3.87517 3.64909 3.42908 3.21553 3.00869 2.80872 2.61565 2.42944 2.24998 2.07709 1.91057 1.75018 1.59567 1.44678 1.30326 1.16486 1.03136 0.902534 0.778239 0.656407 0.538021 0.423376 0.312767 0.206491 0.104831 0.00805212 -0.0836077 -0.169948 -0.250813 -0.326098 -0.395754 -0.459788 -0.518265 -0.5713 -0.623432 -0.674117 -0.721293 -0.766157 -0.808572 -0.848133 -0.884453 -0.917169 -0.946672 -0.972406 -0.99385 -1.01053 -1.02204 -1.02803 -1.02825 -1.02264 -1.01129 -0.994364 -0.972168 -0.945107 -0.913712 -0.878636 -0.838931 -0.79497 -0.747228 -0.696449 -0.644593 -0.591021 -0.536355 -0.47596 -0.409754 -0.337723 -0.259927 -0.176494 -0.0876165 0.00645312 0.105417 0.208939 0.31666 0.428205 0.543195 0.661253 0.782012 0.907169 1.03667 1.17066 1.30938 1.45306 1.60196 1.75635 1.91651 2.08271 2.25521 2.43422 2.61993 2.81248 3.01193 3.21824 3.43128 3.65079 3.8764 4.10757 4.34364 4.58381 
4.58381 4.34689 4.11344 3.88416 3.65965 3.4404 3.22679 3.01907 2.81742 2.62191 2.43254 2.24923 2.07187 1.9003 1.73433 1.57377 1.41839 1.26799 1.12238 0.981367 0.844783 0.712529 0.582789 0.456538 0.334123 0.215891 0.102183 -0.00667092 -0.110366 -0.208631 -0.301236 -0.388001 -0.468804 -0.543586 -0.612347 -0.675153 -0.732126 -0.78826 -0.842957 -0.894211 -0.94304 -0.989227 -1.03231 -1.07185 -1.10744 -1.13938 -1.16707 -1.19 -1.20768 -1.21969 -1.22571 -1.2255 -1.21902 -1.20635 -1.1877 -1.16336 -1.13378 -1.0995 -1.0612 -1.01805 -0.97049 -0.919054 -0.86452 -0.808789 -0.751371 -0.692932 -0.62839 -0.55765 -0.480694 -0.397578 -0.308434 -0.213465 -0.112939 -0.00717682 0.103459 0.218572 0.33775 0.46057 0.586609 0.715451 0.848568 0.985838 1.12736 1.27332 1.42391 1.57935 1.73985 1.90564 2.07694 2.25397 2.43688 2.62582 2.82087 3.02204 3.22928 3.44243 3.66123 3.8853 4.11418 4.34725 4.58381 
4.58381 4.34992 4.11893 3.89145 3.66798 3.44898 3.2348 3.02569 2.82182 2.62331 2.43018 2.24239 2.05988 1.88252 1.71018 1.54268 1.37988 1.22159 1.06767 0.917953 0.772332 0.63075 0.491667 0.356052 0.22431 0.0968526 -0.0259188 -0.143616 -0.255879 -0.362384 -0.462855 -0.557074 -0.644886 -0.726207 -0.801022 -0.869388 -0.931427 -0.992706 -1.05256 -1.10902 -1.16291 -1.21391 -1.26149 -1.30513 -1.34438 -1.37941 -1.40962 -1.43445 -1.45341 -1.4661 -1.47219 -1.47147 -1.46389 -1.44958 -1.42873 -1.40168 -1.36889 -1.33092 -1.28848 -1.24091 -1.18872 -1.1325 -1.07308 -1.01233 -0.949908 -0.886561 -0.816637 -0.740037 -0.656746 -0.566829 -0.470436 -0.367793 -0.2592 -0.145014 -0.0256444 0.0984672 0.226854 0.359039 0.494542 0.632894 0.775313 0.921605 1.07183 1.22611 1.38462 1.54751 1.71497 1.88719 2.06434 2.24657 2.43402 2.62678 2.82489 3.02834 3.23703 3.45081 3.66941 3.89248 4.11961 4.35025 4.58381 
4.58381 4.3523 4.12314 3.89681 3.67378 3.45441 3.23903 3.02788 2.82114 2.61892 2.42127 2.22821 2.03967 1.8556 1.67587 1.50036 1.32895 1.16149 0.997856 0.837942 0.681654 0.528983 0.378701 0.231765 0.0886523 -0.0501524 -0.184169 -0.312931 -0.436001 -0.552981 -0.663526 -0.767351 -0.864249 -0.954087 -1.03682 -1.11248 -1.18117 -1.2492 -1.31581 -1.37907 -1.43955 -1.4968 -1.55021 -1.59916 -1.64313 -1.68215 -1.71559 -1.74288 -1.76351 -1.77708 -1.78329 -1.78192 -1.77297 -1.75655 -1.7329 -1.70237 -1.66543 -1.6227 -1.5749 -1.52157 -1.46331 -1.40079 -1.33492 -1.26753 -1.1985 -1.12865 -1.05162 -0.9673 -0.875704 -0.776924 -0.671148 -0.558651 -0.439785 -0.31497 -0.184678 -0.0494202 0.0902674 0.233838 0.380746 0.530455 0.6839 0.840815 1.00121 1.16519 1.33287 1.50439 1.6799 1.85954 2.04345 2.23176 2.42455 2.62188 2.82377 3.03016 3.24096 3.45599 3.67501 3.89772 4.12373 4.35259 4.58381 
4.58381 4.35399 4.12595 3.90009 3.67678 3.45633 3.23901 3.02504 2.81459 2.60778 2.40467 2.2053 2.00963 1.81763 1.62922 1.44429 1.26275 1.08446 0.909333 0.737269 0.568199 0.402144 0.238224 0.077377 -0.0798364 -0.232843 -0.381068 -0.523946 -0.660933 -0.791529 -0.915281 -1.03181 -1.1408 -1.24205 -1.33543 -1.42094 -1.49863 -1.57579 -1.6515 -1.72387 -1.79314 -1.85869 -1.91978 -1.97569 -2.02579 -2.06998 -2.10758 -2.13801 -2.16077 -2.17546 -2.18181 -2.17963 -2.16892 -2.14983 -2.12258 -2.08756 -2.04525 -1.9963 -1.94148 -1.88054 -1.81418 -1.74321 -1.66863 -1.59225 -1.51424 -1.43555 -1.34885 -1.25409 -1.15132 -1.0407 -0.922484 -0.797039 -0.664808 -0.526303 -0.382088 -0.232766 -0.0789608 0.0786952 0.239576 0.403074 0.569798 0.739414 0.911903 1.08734 1.26583 1.44748 1.63243 1.82079 2.01266 2.20815 2.40731 2.61017 2.81672 3.02689 3.24057 3.45761 3.67779 3.90083 4.12643 4.35422 4.58381 
4.58381 4.35496 4.12734 3.90122 3.67687 3.45453 3.23441 3.01669 2.80151 2.58899 2.37919 2.17216 1.96789 1.76637 1.56753 1.3713 1.17758 0.986269 0.797266 0.610474 0.425821 0.243337 0.0625355 -0.115676 -0.290652 -0.461725 -0.628214 -0.789441 -0.944741 -1.09348 -1.23505 -1.36892 -1.49463 -1.61181 -1.72018 -1.81962 -1.91009 -2.00015 -2.08867 -2.17371 -2.25505 -2.33185 -2.40318 -2.46823 -2.52627 -2.57703 -2.61985 -2.65416 -2.67951 -2.69555 -2.70202 -2.69879 -2.68589 -2.66343 -2.63166 -2.59094 -2.54176 -2.48475 -2.42067 -2.34956 -2.27222 -2.1896 -2.10285 -2.01379 -1.92302 -1.83173 -1.73132 -1.62182 -1.5034 -1.37638 -1.24115 -1.09822 -0.948188 -0.791684 -0.629393 -0.462024 -0.290299 -0.11494 0.0633426 0.243861 0.426854 0.611926 0.799047 0.988296 1.17977 1.37358 1.56984 1.76864 1.97008 2.17422 2.3811 2.59072 2.80305 3.01802 3.23554 3.45545 3.6776 3.90175 4.12769 4.35514 4.58381 
4.58381 4.35529 4.12741 3.90031 3.67415 3.44907 3.22519 3.00262 2.78147 2.56181 2.34371 2.12719 1.91228 1.69896 1.48721 1.27697 1.06817 0.860714 0.654504 0.449432 0.245398 0.0424184 -0.159533 -0.359605 -0.557088 -0.751251 -0.941355 -1.12665 -1.30639 -1.47983 -1.64621 -1.80482 -1.95495 -2.09596 -2.22725 -2.34836 -2.45895 -2.56919 -2.67717 -2.78079 -2.87916 -2.97119 -3.05589 -3.13242 -3.20011 -3.25861 -3.30738 -3.34598 -3.37408 -3.39145 -3.3979 -3.39337 -3.37786 -3.3515 -3.31447 -3.26704 -3.2096 -3.14266 -3.06685 -2.98244 -2.89022 -2.79116 -2.68652 -2.57817 -2.46743 -2.35626 -2.23446 -2.10239 -1.96055 -1.80956 -1.65009 -1.48287 -1.30864 -1.12817 -0.94223 -0.751591 -0.557023 -0.359289 -0.159148 0.0426531 0.245913 0.450185 0.655449 0.861805 1.06936 1.27822 1.48848 1.70021 1.91348 2.12833 2.34475 2.56276 2.78231 3.00335 3.2258 3.44957 3.67454 3.9006 4.1276 4.35539 4.58381 
4.58381 4.35516 4.12652 3.89787 3.66922 3.44058 3.21193 2.98329 2.75464 2.526 2.29735 2.0687 1.84006 1.61141 1.38277 1.15412 0.925476 0.69683 0.468184 0.239538 0.0108927 -0.217663 -0.445619 -0.672351 -0.897233 -1.11965 -1.33899 -1.55464 -1.76602 -1.97255 -2.17365 -2.36877 -2.55738 -2.73896 -2.91301 -3.07905 -3.23662 -3.38529 -3.52465 -3.65432 -3.77395 -3.88319 -3.98176 -4.06938 -4.14582 -4.21085 -4.2643 -4.30603 -4.33592 -4.35388 -4.35988 -4.35388 -4.33592 -4.30603 -4.2643 -4.21085 -4.14582 -4.06938 -3.98176 -3.88319 -3.77395 -3.65432 -3.52465 -3.38529 -3.23662 -3.07905 -2.91301 -2.73896 -2.55738 -2.36877 -2.17365 -1.97255 -1.76602 -1.55464 -1.33899 -1.11965 -0.897233 -0.672351 -0.445619 -0.217663 0.0108927 0.239538 0.468184 0.69683 0.925476 1.15412 1.38277 1.61141 1.84006 2.0687 2.29735 2.526 2.75464 2.98329 3.21193 3.44058 3.66922 3.89787 4.12652 4.35516 4.58381 

y_vals
0 0 0 0 0 0 0 0 0 0 0 0 0 0 0 0 0 0 0 0 0 1.65776e-16 -0.0294627 -0.0569797 -0.0826749 -0.106621 -0.12884 -0.149302 -0.167934 -0.184623 -0.199231 -0.211602 -0.221573 -0.228989 -0.233711 -0.235627 -0.23466 -0.230772 -0.223969 -0.214926 -0.204513 -0.192555 -0.178908 -0.163466 -0.146147 -0.12689 -0.105646 -0.0823717 -0.0570299 -0.0295842 0 0.0307532 0.0616508 0.0925634 0.123256 0.153393 0.182544 0.210196 0.235763 0.258606 0.278047 0.293392 0.303967 0.310593 0.313975 0.314051 0.3108 0.304244 0.294444 0.281488 0.265487 0.246562 0.224836 0.200418 0.173399 0.143839 0.11176 0.0771422 0.0399241 -1.3802e-16 0 0 0 0 0 0 0 0 0 0 0 0 0 0 0 0 0 0 0 0 0 
-0.005 -0.00495576 -0.00491352 -0.0048714 -0.00482846 -0.00478442 -0.00473949 -0.00469418 -0.00464932 -0.00460595 -0.00456539 -0.0045292 -0.00449929 -0.00447806 -0.00446871 -0.00447567 -0.00450569 -0.00457002 -0.00468999 -0.00491439 -0.00539768 -0.00715269 -0.0347798 -0.0615632 -0.0868198 -0.110443 -0.132394 -0.152618 -0.171025 -0.187499 -0.201894 -0.214054 -0.223815 -0.231022 -0.235538 -0.237254 -0.236097 -0.232031 -0.225031 -0.215908 -0.205407 -0.19335 -0.179606 -0.164079 -0.146764 -0.12745 -0.106127 -0.0827626 -0.0573225 -0.0297746 -8.97482e-05 0.0307646 0.0617667 0.0927825 0.123574 0.1538 0.183024 0.210719 0.236237 0.259187 0.278776 0.294305 0.305098 0.311873 0.315439 0.315712 0.312669 0.306328 0.296747 0.284014 0.268242 0.249554 0.228078 0.203932 0.177223 0.148035 0.116445 0.0825536 0.0466583 0.0100613 0.00656555 0.00565185 0.00522229 0.00497827 0.00482943 0.00473761 0.00468331 0.00465521 0.00464609 0.004651 0.0046663 0.00468925 0.00471764 0.0047497 0.004784 0.00481942 0.00485516 0.00489077 0.00492625 0.00496219 0.005 
-0.0105 -0.0104073 -0.0103188 -0.0102304 -0.0101404 -0.010048 -0.00995377 -0.0098587 -0.00976454 -0.00967349 -0.00958827 -0.00951217 -0.00944918 -0.00940434 -0.00938429 -0.00939833 -0.00946053 -0.00959432 -0.00984401 -0.0103102 -0.0113036 -0.0146015 -0.040545 -0.0665746 -0.091362 -0.114635 -0.136294 -0.156256 -0.174419 -0.190655 -0.204817 -0.216745 -0.226275 -0.233253 -0.237544 -0.23904 -0.237676 -0.233416 -0.226204 -0.216991 -0.206393 -0.194228 -0.180377 -0.16476 -0.147442 -0.128066 -0.106656 -0.0831915 -0.0576433 -0.0299832 -0.000187618 0.0307779 0.0618948 0.0930242 0.123923 0.154247 0.183553 0.211294 0.236765 0.25983 0.279581 0.295308 0.30634 0.313281 0.317046 0.317535 0.314721 0.308616 0.299274 0.286786 0.271265 0.252837 0.231635 0.207787 0.181414 0.15263 0.121562 0.0884271 0.0538203 0.0200048 0.0137078 0.0118452 0.0109554 0.0104478 0.0101379 0.00994664 0.00983366 0.00977537 0.00975672 0.00976736 0.00979973 0.00984804 0.00990772 0.00997506 0.0100471 0.0101214 0.0101963 0.010271 0.0103454 0.0104208 0.0105 
-0.01655 -0.0164042 -0.0162649 -0.0161259 -0.0159842 -0.0158389 -0.0156905 -0.0155408 -0.0153925 -0.015249 -0.0151146 -0.0149945 -0.0148949 -0.0148237 -0.0147914 -0.0148125 -0.014909 -0.0151175 -0.0155068 -0.0162317 -0.0177567 -0.0223956 -0.0467961 -0.0720514 -0.0963382 -0.119232 -0.140573 -0.160249 -0.178142 -0.194118 -0.208025 -0.219698 -0.228975 -0.235702 -0.239745 -0.241001 -0.239412 -0.234938 -0.2275 -0.218187 -0.20748 -0.195197 -0.18123 -0.165515 -0.148187 -0.128742 -0.107237 -0.0836622 -0.057995 -0.0302115 -0.000294277 0.0307935 0.0620365 0.0932907 0.124309 0.15474 0.184134 0.211927 0.237355 0.260542 0.280468 0.296412 0.307702 0.314829 0.318811 0.319536 0.316973 0.311125 0.302047 0.289828 0.274581 0.256438 0.235536 0.212014 0.186007 0.157659 0.127149 0.0948003 0.061456 0.0300023 0.0214603 0.0186263 0.0172468 0.016456 0.0159722 0.0156736 0.0154974 0.0154068 0.0153783 0.0153957 0.0154471 0.0155235 0.0156176 0.0157238 0.0158372 0.0159543 0.0160723 0.0161898 0.0163069 0.0164254 0.01655 
-0.023205 -0.0230012 -0.0228062 -0.0226117 -0.0224134 -0.0222099 -0.0220021 -0.0217925 -0.0215846 -0.0213835 -0.021195 -0.0210262 -0.0208861 -0.0207856 -0.0207391 -0.0207671 -0.0209 -0.0211884 -0.0217272 -0.0227268 -0.0247975 -0.0305861 -0.0535727 -0.0780342 -0.101788 -0.124271 -0.145265 -0.164628 -0.182227 -0.197918 -0.211543 -0.222938 -0.231937 -0.238389 -0.242162 -0.243155 -0.241319 -0.236612 -0.228933 -0.219508 -0.208681 -0.196268 -0.182174 -0.166353 -0.149007 -0.129484 -0.107874 -0.0841787 -0.0583807 -0.0304614 -0.000410433 0.0308118 0.0621935 0.0935847 0.124733 0.155282 0.184773 0.212624 0.238014 0.261331 0.281447 0.297627 0.309197 0.31653 0.32075 0.321732 0.319443 0.313878 0.305089 0.293165 0.27822 0.260389 0.239815 0.216648 0.191039 0.163161 0.133245 0.101713 0.0696096 0.0401853 0.0298557 0.026044 0.024148 0.0230542 0.0223836 0.0219696 0.0217255 0.0216005 0.0215619 0.0215872 0.0216599 0.0217673 0.0218996 0.0220484 0.0222074 0.0223713 0.0225365 0.0227011 0.0228649 0.0230308 0.023205 
-0.0305255 -0.0302581 -0.0300023 -0.029747 -0.0294866 -0.0292193 -0.0289464 -0.0286709 -0.0283978 -0.0281332 -0.027885 -0.0276627 -0.0274776 -0.0273443 -0.0272815 -0.0273158 -0.0274869 -0.0278604 -0.0285581 -0.0298468 -0.0324686 -0.0392264 -0.0609176 -0.0845669 -0.107754 -0.129794 -0.150411 -0.169432 -0.186708 -0.202086 -0.215403 -0.226491 -0.235187 -0.241337 -0.244813 -0.245519 -0.243415 -0.238453 -0.230517 -0.220966 -0.210006 -0.19745 -0.183218 -0.167284 -0.149909 -0.1303 -0.108574 -0.0847454 -0.0588034 -0.030735 -0.000536837 0.0308333 0.0623674 0.0939091 0.1252 0.155879 0.185476 0.213392 0.23875 0.262206 0.282528 0.298963 0.310838 0.3184 0.322879 0.324142 0.322153 0.316898 0.308425 0.296824 0.28221 0.264721 0.244507 0.221727 0.19655 0.169178 0.139893 0.109209 0.0783257 0.0506625 0.0389272 0.0341497 0.0317144 0.0302986 0.0294281 0.0288904 0.0285738 0.0284123 0.0283636 0.0283982 0.0284948 0.0286367 0.0288109 0.0290067 0.0292157 0.0294311 0.0296481 0.0298642 0.0300793 0.030297 0.0305255 
-0.0385781 -0.0382412 -0.0379187 -0.0375968 -0.0372684 -0.0369313 -0.036587 -0.0362393 -0.0358943 -0.03556 -0.0352462 -0.0349646 -0.0347297 -0.0345596 -0.0344779 -0.0345177 -0.0347286 -0.0351919 -0.0360574 -0.0376469 -0.0408151 -0.0483729 -0.0688763 -0.0916964 -0.114283 -0.135845 -0.156051 -0.174699 -0.191622 -0.206657 -0.219636 -0.230389 -0.23875 -0.24457 -0.247722 -0.248115 -0.245718 -0.240479 -0.232269 -0.222577 -0.21147 -0.198758 -0.184375 -0.168318 -0.150902 -0.131195 -0.109342 -0.085367 -0.0592668 -0.0310343 -0.000674286 0.0308586 0.0625602 0.0942672 0.125716 0.156536 0.18625 0.214238 0.239572 0.263177 0.283721 0.300435 0.312638 0.320456 0.325216 0.326785 0.325124 0.320208 0.312084 0.300837 0.286586 0.269471 0.24965 0.227291 0.202584 0.175757 0.147141 0.117332 0.0876505 0.0615299 0.0487103 0.0429978 0.0400057 0.0382501 0.037167 0.0364975 0.0361037 0.0359038 0.0358451 0.0358909 0.0360142 0.0361943 0.0364148 0.0366624 0.0369263 0.0371982 0.037472 0.0377445 0.0380157 0.0382902 0.0385781 
-0.0474359 -0.0470231 -0.0466277 -0.0462328 -0.0458299 -0.0454164 -0.0449938 -0.0445669 -0.0441431 -0.0437321 -0.0433459 -0.0429989 -0.0427087 -0.0424973 -0.0423935 -0.0424376 -0.0426893 -0.0432466 -0.0442874 -0.0461862 -0.0498854 -0.0580859 -0.0774976 -0.0994737 -0.121425 -0.142473 -0.162233 -0.180473 -0.197009 -0.211668 -0.224276 -0.234661 -0.242658 -0.248116 -0.250913 -0.250964 -0.248249 -0.242708 -0.234207 -0.224358 -0.213087 -0.200203 -0.185656 -0.169466 -0.151995 -0.13218 -0.110186 -0.086049 -0.0597746 -0.0313617 -0.000823617 0.0308883 0.0627739 0.0946625 0.126283 0.157259 0.187101 0.21517 0.240492 0.264256 0.285041 0.302054 0.314613 0.322714 0.327782 0.329685 0.328381 0.323837 0.316093 0.305235 0.291382 0.274677 0.255285 0.233386 0.209186 0.182945 0.155038 0.126132 0.0976328 0.0728764 0.0592442 0.0526456 0.0490858 0.0469748 0.0456671 0.0448578 0.0443824 0.0441426 0.0440744 0.0441334 0.0442867 0.0445093 0.0447809 0.0450854 0.0454097 0.0457435 0.0460795 0.0464139 0.0467466 0.0470831 0.0474359 
-0.0571794 -0.0566839 -0.0562087 -0.055734 -0.0552496 -0.0547523 -0.0542439 -0.0537301 -0.0532198 -0.0527246 -0.0522587 -0.0518393 -0.0514876 -0.0512297 -0.0511002 -0.0511465 -0.0514396 -0.0520941 -0.0533161 -0.0555279 -0.0597319 -0.0684297 -0.0868344 -0.107953 -0.129234 -0.149729 -0.169005 -0.1868 -0.202914 -0.217161 -0.229363 -0.239345 -0.246941 -0.252003 -0.254413 -0.254093 -0.251031 -0.245163 -0.236353 -0.226326 -0.214874 -0.201803 -0.187076 -0.170741 -0.153198 -0.133261 -0.111111 -0.086797 -0.0603311 -0.0317198 -0.000985709 0.0309232 0.0630112 0.0950991 0.126909 0.158056 0.188039 0.216198 0.241521 0.265455 0.286499 0.303838 0.316781 0.325195 0.330599 0.332865 0.331952 0.327815 0.320488 0.310056 0.296637 0.280381 0.261458 0.240059 0.216409 0.190795 0.163637 0.135662 0.108325 0.0847877 0.0705729 0.0631534 0.0590234 0.0565443 0.0550012 0.0540449 0.0534839 0.0532029 0.0531261 0.0532008 0.053388 0.0536576 0.0539857 0.0543529 0.0547434 0.0551452 0.0555494 0.0559515 0.0563515 0.0567559 0.0571794 
-0.0678974 -0.0673114 -0.0667491 -0.0661872 -0.0656136 -0.0650246 -0.0644223 -0.0638133 -0.063208 -0.0626201 -0.0620663 -0.061567 -0.0611468 -0.0608366 -0.0606767 -0.0607227 -0.0610566 -0.0618102 -0.0632169 -0.0657401 -0.0704116 -0.0794735 -0.0969439 -0.117194 -0.137769 -0.157671 -0.176422 -0.193733 -0.209384 -0.223181 -0.234938 -0.244478 -0.251636 -0.256266 -0.258253 -0.257527 -0.254089 -0.247866 -0.238728 -0.228503 -0.216851 -0.203573 -0.188651 -0.172158 -0.154524 -0.134449 -0.112128 -0.0876176 -0.0609408 -0.0321113 -0.00116148 0.0309642 0.0632746 0.0955814 0.127599 0.158933 0.189071 0.217333 0.242673 0.266788 0.288112 0.305803 0.31916 0.327922 0.333691 0.336352 0.335866 0.332173 0.325303 0.315337 0.302395 0.28663 0.268217 0.247362 0.224307 0.199365 0.172997 0.145978 0.119783 0.0973486 0.0827464 0.0745853 0.0698921 0.0670365 0.0652487 0.064139 0.0634892 0.0631662 0.0630822 0.0631758 0.0634012 0.0637232 0.0641136 0.0645497 0.0650131 0.0654893 0.0659683 0.0664444 0.066918 0.0673966 0.0678974 
-0.0796871 -0.0790026 -0.0783451 -0.0776879 -0.0770169 -0.0763276 -0.0756224 -0.0749091 -0.0741996 -0.0735098 -0.0728591 -0.0722713 -0.0717748 -0.0714055 -0.0712098 -0.0712517 -0.0716247 -0.0724778 -0.0740694 -0.0768958 -0.0819873 -0.0912918 -0.107888 -0.127261 -0.147094 -0.166361 -0.184544 -0.201326 -0.216472 -0.229775 -0.241046 -0.250103 -0.256781 -0.260938 -0.262464 -0.261297 -0.257453 -0.250846 -0.241358 -0.230912 -0.219038 -0.205535 -0.1904 -0.173732 -0.155985 -0.135756 -0.113244 -0.0885177 -0.0616088 -0.0325392 -0.00135189 0.0310125 0.0635673 0.0961146 0.12836 0.1599 0.190208 0.218586 0.243962 0.268272 0.289898 0.307969 0.321772 0.330917 0.337086 0.340176 0.340155 0.336948 0.330577 0.321121 0.308701 0.293472 0.275617 0.255353 0.232939 0.208716 0.183178 0.15714 0.132069 0.110645 0.0958214 0.0870093 0.0817707 0.078535 0.0764961 0.075228 0.0744869 0.074122 0.074033 0.0741491 0.0744177 0.0747981 0.0752575 0.0757695 0.0763128 0.0768706 0.0774313 0.0779885 0.0785425 0.0791021 0.0796871 
-0.0926558 -0.091864 -0.0911027 -0.0903413 -0.0895638 -0.0887649 -0.0879473 -0.0871196 -0.0862958 -0.085494 -0.0847366 -0.0840507 -0.0834691 -0.0830328 -0.0827948 -0.0828276 -0.0832364 -0.0841867 -0.0859595 -0.0890735 -0.0945283 -0.103965 -0.119736 -0.138221 -0.157278 -0.175865 -0.193433 -0.209641 -0.224235 -0.236999 -0.247736 -0.256264 -0.262419 -0.266059 -0.267083 -0.265438 -0.261152 -0.254131 -0.244272 -0.233579 -0.221459 -0.207708 -0.192341 -0.175482 -0.157598 -0.137193 -0.114469 -0.0895052 -0.0623406 -0.0330069 -0.00155794 0.0310693 0.0638928 0.0967041 0.129199 0.160965 0.191461 0.219971 0.245406 0.269927 0.291877 0.310356 0.32464 0.334208 0.340813 0.344369 0.344854 0.342177 0.336352 0.327454 0.315605 0.300961 0.283714 0.264092 0.24237 0.218914 0.194249 0.169215 0.145249 0.124767 0.109863 0.100499 0.0947435 0.0911307 0.0888375 0.0874079 0.0865744 0.0861686 0.0860775 0.0862208 0.0865385 0.0869838 0.0875195 0.088115 0.0887461 0.0893934 0.0900435 0.0906893 0.0913311 0.0919791 0.0926558 
-0.106921 -0.106013 -0.105138 -0.104263 -0.10337 -0.102451 -0.10151 -0.100558 -0.0996084 -0.0986834 -0.0978083 -0.0970136 -0.096337 -0.0958246 -0.0955364 -0.0955534 -0.0959928 -0.0970352 -0.0989803 -0.102358 -0.108111 -0.117579 -0.132561 -0.150151 -0.168394 -0.186255 -0.20316 -0.218743 -0.232734 -0.244909 -0.255063 -0.263013 -0.268595 -0.271672 -0.272149 -0.269985 -0.265223 -0.257756 -0.247502 -0.236533 -0.224141 -0.210119 -0.194498 -0.177426 -0.159377 -0.138774 -0.115815 -0.0905885 -0.0631423 -0.0335179 -0.00178064 0.0311362 0.064255 0.0973564 0.130126 0.162139 0.192843 0.221503 0.247023 0.271772 0.294071 0.312991 0.327791 0.337824 0.344905 0.348967 0.350002 0.347903 0.342674 0.334387 0.323161 0.309157 0.292572 0.273645 0.252669 0.230031 0.206282 0.182275 0.159399 0.139805 0.124943 0.115132 0.108901 0.104922 0.102375 0.100784 0.0998583 0.099414 0.0993249 0.0995009 0.0998743 0.100392 0.101012 0.1017 0.102427 0.103172 0.10392 0.104663 0.1054 0.106145 0.106921 
-0.122614 -0.121578 -0.12058 -0.119581 -0.118561 -0.117512 -0.116437 -0.115347 -0.11426 -0.1132 -0.112195 -0.11128 -0.110497 -0.109898 -0.10955 -0.109542 -0.110004 -0.11113 -0.113233 -0.116842 -0.122822 -0.132229 -0.146446 -0.163131 -0.180525 -0.197612 -0.213799 -0.228703 -0.242039 -0.253569 -0.263086 -0.270404 -0.27536 -0.277824 -0.277707 -0.274981 -0.269704 -0.261758 -0.251082 -0.239807 -0.227114 -0.212794 -0.196895 -0.179587 -0.161342 -0.140515 -0.117295 -0.0917773 -0.0640206 -0.034076 -0.00202104 0.0312149 0.0646585 0.0980784 0.131149 0.163435 0.194369 0.223199 0.248834 0.273832 0.296506 0.315899 0.331253 0.341797 0.349397 0.354008 0.35564 0.354172 0.349594 0.341973 0.331428 0.318122 0.302258 0.284085 0.263912 0.242145 0.219354 0.196398 0.1746 0.155859 0.141144 0.130995 0.124341 0.120013 0.11722 0.11547 0.114455 0.113977 0.113895 0.11411 0.114547 0.115146 0.11586 0.116649 0.117482 0.118334 0.119189 0.120037 0.120879 0.121728 0.122614 
-0.139875 -0.138702 -0.13757 -0.136436 -0.135277 -0.134086 -0.132864 -0.131624 -0.130387 -0.129178 -0.12803 -0.126981 -0.126078 -0.12538 -0.124961 -0.124918 -0.125392 -0.126587 -0.128827 -0.132626 -0.138755 -0.148016 -0.161481 -0.177249 -0.193756 -0.210019 -0.225434 -0.239601 -0.252221 -0.263048 -0.271869 -0.278496 -0.282771 -0.284567 -0.283805 -0.280471 -0.27464 -0.26618 -0.255054 -0.243437 -0.230412 -0.215766 -0.199562 -0.18199 -0.163514 -0.142432 -0.11892 -0.0930819 -0.0649829 -0.0346857 -0.00228021 0.0313075 0.0651082 0.0988781 0.13228 0.164865 0.196053 0.22508 0.250865 0.276134 0.299211 0.319113 0.335062 0.346163 0.35433 0.359536 0.361817 0.361034 0.357167 0.350274 0.340472 0.327927 0.312846 0.295489 0.276179 0.255338 0.233551 0.211669 0.190941 0.173032 0.158559 0.148183 0.141167 0.136521 0.133493 0.131591 0.130493 0.129986 0.129919 0.130182 0.130692 0.131382 0.132199 0.133099 0.134048 0.135018 0.135989 0.136952 0.137908 0.138872 0.139875 
-0.158862 -0.15754 -0.156262 -0.154982 -0.153673 -0.152326 -0.150944 -0.149541 -0.148139 -0.146766 -0.145459 -0.144262 -0.143225 -0.142414 -0.141909 -0.141818 -0.142287 -0.143534 -0.145881 -0.14982 -0.156017 -0.165052 -0.177766 -0.192604 -0.208185 -0.22357 -0.238154 -0.251522 -0.263362 -0.273421 -0.281482 -0.287357 -0.290889 -0.291959 -0.290498 -0.286507 -0.280081 -0.271069 -0.259462 -0.247466 -0.234073 -0.219069 -0.20253 -0.184662 -0.165917 -0.144544 -0.120709 -0.0945142 -0.0660374 -0.0353514 -0.00255925 0.0314164 0.06561 0.0997644 0.13353 0.166445 0.197916 0.227168 0.253141 0.278709 0.302219 0.322667 0.339252 0.350963 0.359747 0.365598 0.368583 0.368545 0.365451 0.359352 0.350362 0.338645 0.324416 0.307942 0.289559 0.269702 0.248964 0.228182 0.208521 0.191437 0.177292 0.166797 0.159495 0.154568 0.151326 0.149284 0.148113 0.147586 0.147543 0.147864 0.148456 0.149248 0.15018 0.151203 0.152279 0.153377 0.154475 0.155564 0.156644 0.157732 0.158862 
-0.179749 -0.178264 -0.176828 -0.175389 -0.173916 -0.1724 -0.170844 -0.169262 -0.167679 -0.166127 -0.164646 -0.163283 -0.162096 -0.161155 -0.160548 -0.160389 -0.160836 -0.162108 -0.164526 -0.168546 -0.174724 -0.183458 -0.195412 -0.209301 -0.223915 -0.238368 -0.252057 -0.264558 -0.27555 -0.284773 -0.292005 -0.297059 -0.299782 -0.300063 -0.297846 -0.293148 -0.286082 -0.276481 -0.264356 -0.25194 -0.238142 -0.222743 -0.205834 -0.187634 -0.168576 -0.146875 -0.122676 -0.0960873 -0.0671931 -0.0360782 -0.00285926 0.0315444 0.0661703 0.100748 0.134913 0.168192 0.199978 0.229488 0.255694 0.281592 0.305568 0.326601 0.343868 0.356242 0.365697 0.372248 0.375995 0.376766 0.374514 0.36928 0.361174 0.350359 0.337055 0.321536 0.304147 0.285335 0.265695 0.246039 0.22745 0.211195 0.197456 0.186954 0.179447 0.174288 0.170861 0.168697 0.167466 0.166932 0.166925 0.167315 0.168003 0.168909 0.169968 0.171127 0.172342 0.17358 0.174817 0.176043 0.177257 0.17848 0.179749 
-0.202724 -0.201064 -0.199457 -0.197845 -0.196195 -0.194495 -0.192749 -0.190972 -0.189192 -0.187442 -0.185768 -0.184221 -0.182864 -0.181774 -0.181044 -0.180797 -0.181195 -0.182461 -0.184905 -0.188936 -0.195008 -0.203366 -0.21454 -0.227457 -0.241061 -0.254522 -0.267248 -0.278811 -0.288882 -0.297193 -0.303521 -0.307682 -0.309526 -0.308953 -0.305919 -0.300458 -0.292708 -0.282475 -0.269794 -0.256913 -0.242667 -0.226833 -0.209516 -0.190942 -0.171523 -0.149448 -0.124842 -0.0978158 -0.0684602 -0.0368719 -0.00318134 0.0316947 0.0667968 0.101839 0.136445 0.170126 0.202262 0.232071 0.258559 0.284823 0.309301 0.330961 0.348958 0.362051 0.372237 0.379543 0.384115 0.385765 0.384428 0.380136 0.372992 0.363159 0.350858 0.33637 0.320048 0.302344 0.283853 0.265356 0.247849 0.232437 0.219181 0.20878 0.20116 0.19583 0.192254 0.189994 0.188722 0.188197 0.188241 0.188715 0.189513 0.190547 0.191747 0.193055 0.194423 0.195814 0.197202 0.198576 0.199937 0.201305 0.202724 
-0.227996 -0.226148 -0.224355 -0.222556 -0.220713 -0.218814 -0.216861 -0.214872 -0.212876 -0.21091 -0.209023 -0.207271 -0.205723 -0.20446 -0.203584 -0.203221 -0.203539 -0.204759 -0.207172 -0.21114 -0.217014 -0.224921 -0.235287 -0.247202 -0.259748 -0.272154 -0.283847 -0.294395 -0.303463 -0.310782 -0.316128 -0.319316 -0.320206 -0.318707 -0.314792 -0.308514 -0.300031 -0.289121 -0.275839 -0.262445 -0.247704 -0.231391 -0.213621 -0.194624 -0.174792 -0.152291 -0.12723 -0.0997164 -0.0698499 -0.0377386 -0.00352663 0.0318713 0.0674978 0.103052 0.138143 0.172268 0.204798 0.234949 0.261775 0.288448 0.313469 0.335801 0.354576 0.368449 0.379427 0.387552 0.393016 0.395617 0.395274 0.392005 0.385908 0.377142 0.365929 0.352554 0.337375 0.320849 0.30356 0.286256 0.269851 0.255307 0.242609 0.232418 0.224782 0.219351 0.215676 0.213353 0.212065 0.21157 0.211682 0.212258 0.213182 0.214361 0.215719 0.21719 0.218725 0.220283 0.221836 0.22337 0.22489 0.226416 0.227996 
-0.255796 -0.253744 -0.251752 -0.24975 -0.247699 -0.245584 -0.243407 -0.241186 -0.238954 -0.23675 -0.234627 -0.232647 -0.230883 -0.229422 -0.22837 -0.22786 -0.228059 -0.229183 -0.231502 -0.235322 -0.240904 -0.248286 -0.257802 -0.268679 -0.280114 -0.2914 -0.301981 -0.311431 -0.319413 -0.325653 -0.329929 -0.332061 -0.331917 -0.329417 -0.324553 -0.317398 -0.308131 -0.296497 -0.282566 -0.268604 -0.253316 -0.236474 -0.2182 -0.198725 -0.17842 -0.155436 -0.129864 -0.101808 -0.071375 -0.0386851 -0.00389625 0.0320786 0.0682834 0.104402 0.140027 0.174645 0.207616 0.238164 0.265386 0.292518 0.318127 0.341179 0.360785 0.375501 0.387339 0.396347 0.402775 0.406404 0.407139 0.404983 0.400023 0.392416 0.382381 0.370207 0.356254 0.340977 0.324949 0.308881 0.293604 0.279965 0.267899 0.258026 0.250478 0.245028 0.241311 0.238968 0.237696 0.237257 0.237462 0.23816 0.23923 0.240572 0.242104 0.243756 0.245474 0.247213 0.248945 0.250654 0.252345 0.254042 0.255796 
-0.286375 -0.284105 -0.281897 -0.279677 -0.277401 -0.275052 -0.272632 -0.27016 -0.26767 -0.265205 -0.262823 -0.260588 -0.258579 -0.256888 -0.255627 -0.254931 -0.254965 -0.255935 -0.258085 -0.261666 -0.266861 -0.273637 -0.282255 -0.292048 -0.302315 -0.312407 -0.321795 -0.330058 -0.336861 -0.341929 -0.345043 -0.34603 -0.344765 -0.341186 -0.335302 -0.327207 -0.317102 -0.304691 -0.290057 -0.275469 -0.259576 -0.242148 -0.223312 -0.203297 -0.182452 -0.158919 -0.132772 -0.104111 -0.0730499 -0.0397193 -0.00429137 0.0323218 0.0691647 0.105905 0.142122 0.177287 0.210754 0.241758 0.269446 0.297094 0.323341 0.347165 0.367659 0.383283 0.396051 0.406014 0.413481 0.418223 0.420124 0.419175 0.41545 0.4091 0.400341 0.389462 0.376822 0.362873 0.34817 0.333384 0.319273 0.306583 0.295229 0.285782 0.278432 0.273054 0.269365 0.267053 0.265838 0.265488 0.265812 0.266658 0.267896 0.269422 0.271148 0.273 0.274917 0.276854 0.278779 0.280677 0.282553 0.284434 0.286375 
-0.320013 -0.317509 -0.315069 -0.312614 -0.310095 -0.307493 -0.30481 -0.302065 -0.299294 -0.296543 -0.293873 -0.291354 -0.289069 -0.287114 -0.285604 -0.284674 -0.284488 -0.285237 -0.287133 -0.290378 -0.295084 -0.301172 -0.308833 -0.317487 -0.32652 -0.335341 -0.343447 -0.350429 -0.355953 -0.35975 -0.361603 -0.361348 -0.358873 -0.354132 -0.347151 -0.338051 -0.327051 -0.313806 -0.298407 -0.283127 -0.266565 -0.248487 -0.229023 -0.208397 -0.186939 -0.162782 -0.135987 -0.106651 -0.074891 -0.0408498 -0.00471318 0.0326069 0.070155 0.107583 0.144454 0.180227 0.214255 0.245785 0.274013 0.302242 0.329186 0.35384 0.375281 0.391883 0.405655 0.416647 0.425235 0.431178 0.434341 0.434699 0.432313 0.427325 0.419948 0.410464 0.399232 0.386693 0.373386 0.359939 0.347042 0.335356 0.324796 0.315884 0.308848 0.303643 0.300062 0.297843 0.296734 0.296513 0.296991 0.298013 0.299446 0.30118 0.303121 0.305192 0.307328 0.30948 0.311615 0.313717 0.315792 0.317871 0.320013 
-0.357014 -0.35426 -0.351571 -0.348864 -0.346084 -0.34321 -0.340242 -0.337202 -0.334124 -0.331061 -0.328074 -0.325237 -0.322639 -0.320379 -0.318573 -0.317356 -0.316885 -0.317335 -0.318885 -0.321689 -0.325802 -0.331112 -0.337745 -0.345195 -0.352921 -0.360386 -0.367115 -0.372713 -0.376853 -0.379272 -0.379759 -0.378161 -0.374379 -0.368387 -0.360232 -0.350056 -0.338099 -0.323955 -0.307724 -0.291682 -0.274378 -0.255577 -0.235409 -0.214092 -0.191936 -0.167073 -0.139548 -0.109455 -0.0769169 -0.0420864 -0.00516292 0.0329412 0.0712695 0.109458 0.147054 0.183508 0.21817 0.250304 0.279156 0.308042 0.335749 0.361296 0.38375 0.401403 0.416257 0.428356 0.438153 0.445389 0.449917 0.451689 0.450754 0.447241 0.441356 0.433376 0.423653 0.412617 0.400783 0.38874 0.377116 0.366499 0.356821 0.348556 0.341953 0.337031 0.333649 0.331598 0.330654 0.330609 0.331282 0.332514 0.334172 0.33614 0.338322 0.340633 0.343008 0.345393 0.347754 0.350077 0.352367 0.354658 0.357014 
-0.397715 -0.394694 -0.39174 -0.388762 -0.385702 -0.382536 -0.379262 -0.375901 -0.372491 -0.369085 -0.365748 -0.362558 -0.359605 -0.356993 -0.354838 -0.353272 -0.352441 -0.352503 -0.353606 -0.355856 -0.359266 -0.363703 -0.369228 -0.375399 -0.381736 -0.387751 -0.393 -0.397103 -0.399746 -0.400672 -0.399681 -0.396631 -0.391443 -0.384106 -0.374692 -0.363366 -0.350384 -0.335272 -0.318133 -0.301248 -0.283122 -0.263515 -0.242556 -0.220457 -0.19751 -0.171845 -0.143497 -0.112556 -0.0791494 -0.0434404 -0.00564192 0.0333328 0.0725259 0.111557 0.149961 0.187177 0.222556 0.255385 0.284954 0.314583 0.343128 0.369639 0.393177 0.411959 0.427978 0.441269 0.452365 0.460996 0.466994 0.470295 0.470929 0.469013 0.46474 0.458381 0.450275 0.440841 0.430568 0.420004 0.409723 0.400253 0.391552 0.38405 0.378005 0.373483 0.370404 0.368605 0.367894 0.368083 0.368996 0.370479 0.372397 0.37463 0.377078 0.379655 0.382289 0.384927 0.387533 0.390092 0.392612 0.395131 0.397715 
-0.442487 -0.439182 -0.435945 -0.432678 -0.429319 -0.425839 -0.422236 -0.418529 -0.414758 -0.410977 -0.407254 -0.40367 -0.400318 -0.3973 -0.394735 -0.392747 -0.391474 -0.39105 -0.391593 -0.393172 -0.395763 -0.399223 -0.403548 -0.408352 -0.413207 -0.41767 -0.421327 -0.423819 -0.424842 -0.424153 -0.421565 -0.416949 -0.410246 -0.401466 -0.390706 -0.378148 -0.364067 -0.347909 -0.329776 -0.311959 -0.292919 -0.272412 -0.250564 -0.227579 -0.203736 -0.177161 -0.147884 -0.115991 -0.0816133 -0.044925 -0.00615164 0.0337918 0.0739454 0.113914 0.153217 0.191289 0.227484 0.26111 0.2915 0.32197 0.351441 0.378996 0.403695 0.423689 0.440961 0.455532 0.468025 0.478156 0.485739 0.49069 0.49302 0.492829 0.490298 0.485683 0.479315 0.471591 0.462975 0.453978 0.445123 0.436888 0.429265 0.422647 0.41729 0.413296 0.410632 0.40918 0.408783 0.409271 0.41048 0.41226 0.414477 0.417009 0.419754 0.422621 0.425538 0.42845 0.431319 0.434131 0.436897 0.439659 0.442487 
-0.491735 -0.48813 -0.484593 -0.481019 -0.477341 -0.473526 -0.469569 -0.465491 -0.461329 -0.457139 -0.452992 -0.448969 -0.445165 -0.441683 -0.438637 -0.436148 -0.434337 -0.433319 -0.433183 -0.433964 -0.435615 -0.437984 -0.441007 -0.444343 -0.447613 -0.450411 -0.452356 -0.453108 -0.452383 -0.449949 -0.445635 -0.439333 -0.431 -0.420674 -0.40847 -0.394594 -0.379332 -0.362039 -0.342818 -0.323968 -0.303912 -0.282397 -0.259547 -0.23556 -0.210701 -0.183095 -0.152767 -0.119803 -0.0843378 -0.0465551 -0.00669363 0.0343297 0.0755526 0.116565 0.156875 0.19591 0.233033 0.267574 0.298901 0.330323 0.360819 0.38951 0.415458 0.436753 0.455371 0.471316 0.485309 0.497053 0.506343 0.513072 0.517232 0.518904 0.518253 0.515519 0.511015 0.50512 0.498271 0.49094 0.483607 0.476707 0.470276 0.464669 0.460136 0.456803 0.454676 0.453679 0.453685 0.454548 0.456116 0.458247 0.460807 0.463676 0.46675 0.469936 0.473161 0.476367 0.479518 0.482601 0.48563 0.488649 0.491735 
-0.545909 -0.541987 -0.538132 -0.534233 -0.530216 -0.526045 -0.521711 -0.517233 -0.512649 -0.508014 -0.5034 -0.49889 -0.494578 -0.490566 -0.486963 -0.483881 -0.481428 -0.479699 -0.478756 -0.478607 -0.479186 -0.480342 -0.481946 -0.483703 -0.48527 -0.48628 -0.486381 -0.485258 -0.482644 -0.478327 -0.472153 -0.464035 -0.453953 -0.441967 -0.428217 -0.412926 -0.396392 -0.377865 -0.357449 -0.337454 -0.316263 -0.293617 -0.269639 -0.244516 -0.218505 -0.189731 -0.158215 -0.124043 -0.087357 -0.0483486 -0.00726967 0.0349605 0.0773772 0.119556 0.160996 0.20112 0.2393 0.274888 0.307285 0.339784 0.371421 0.401351 0.428644 0.451341 0.471404 0.488822 0.504426 0.517902 0.529027 0.537672 0.543806 0.547489 0.548864 0.548155 0.545655 0.541721 0.536759 0.531208 0.525508 0.520056 0.514939 0.510476 0.50691 0.504379 0.502922 0.502497 0.503007 0.50433 0.506328 0.508869 0.511823 0.515071 0.518509 0.522045 0.525602 0.529126 0.532579 0.535951 0.539258 0.54255 0.545909 
-0.6055 -0.601245 -0.597057 -0.592814 -0.58844 -0.583891 -0.579156 -0.574251 -0.569212 -0.564095 -0.55897 -0.553919 -0.549037 -0.544421 -0.540176 -0.536403 -0.533196 -0.530629 -0.528742 -0.527521 -0.52689 -0.526701 -0.526757 -0.526809 -0.526544 -0.52563 -0.523746 -0.5206 -0.515949 -0.5096 -0.501423 -0.49135 -0.47939 -0.465624 -0.450215 -0.433403 -0.415494 -0.395622 -0.37389 -0.352622 -0.330163 -0.306247 -0.280993 -0.254583 -0.227268 -0.197167 -0.164306 -0.128772 -0.0907107 -0.0503263 -0.00788166 0.0357009 0.0794545 0.122942 0.165654 0.207012 0.246397 0.283183 0.316798 0.350518 0.383428 0.414716 0.443466 0.467673 0.48929 0.508288 0.525619 0.540956 0.554053 0.56476 0.57302 0.578869 0.58243 0.583902 0.583557 0.581726 0.578787 0.575145 0.571202 0.567327 0.563656 0.560481 0.558029 0.55645 0.555803 0.556076 0.557202 0.559079 0.561588 0.564605 0.568008 0.571682 0.575522 0.579439 0.583357 0.58722 0.590995 0.594673 0.598275 0.601855 0.6055 
-0.67105 -0.666449 -0.661911 -0.657309 -0.652558 -0.647611 -0.642452 -0.637092 -0.631565 -0.625926 -0.620243 -0.614596 -0.609077 -0.603779 -0.598798 -0.594227 -0.590144 -0.586604 -0.583629 -0.58119 -0.579201 -0.577521 -0.575889 -0.574095 -0.571856 -0.56887 -0.564845 -0.559519 -0.552671 -0.544133 -0.533798 -0.521625 -0.507646 -0.491968 -0.474776 -0.456324 -0.436925 -0.415581 -0.392396 -0.369711 -0.345831 -0.320485 -0.293789 -0.265921 -0.237125 -0.205519 -0.171133 -0.134058 -0.0944464 -0.0525125 -0.00853165 0.0365712 0.0818271 0.126788 0.170937 0.213697 0.254458 0.292615 0.327616 0.362721 0.397055 0.429839 0.460172 0.486011 0.5093 0.529993 0.549179 0.566512 0.581727 0.594651 0.6052 0.613384 0.619299 0.623121 0.625095 0.625524 0.624758 0.623168 0.621124 0.618965 0.616887 0.61515 0.613969 0.613497 0.613809 0.614917 0.616778 0.619313 0.62242 0.625986 0.629898 0.634047 0.638331 0.642662 0.646968 0.651195 0.655311 0.659312 0.663224 0.667105 0.67105 
-0.743155 -0.738195 -0.733294 -0.728317 -0.723174 -0.71781 -0.712203 -0.706362 -0.700315 -0.694114 -0.687824 -0.681522 -0.675295 -0.66923 -0.663416 -0.657932 -0.652844 -0.64819 -0.643976 -0.640162 -0.636659 -0.633332 -0.629859 -0.626065 -0.621693 -0.616473 -0.610143 -0.602466 -0.59325 -0.582353 -0.569696 -0.555263 -0.539115 -0.521382 -0.502268 -0.482041 -0.461021 -0.438063 -0.41327 -0.389002 -0.363527 -0.336568 -0.308239 -0.278716 -0.248239 -0.214924 -0.178806 -0.139984 -0.0986198 -0.0549363 -0.00922173 0.037596 0.0845466 0.131173 0.176951 0.221307 0.263642 0.303368 0.339948 0.376623 0.412554 0.446994 0.479055 0.506664 0.531757 0.554272 0.575447 0.594923 0.612414 0.62772 0.640732 0.651429 0.659881 0.666233 0.670703 0.673565 0.675137 0.675759 0.67577 0.675485 0.675156 0.675018 0.675272 0.676068 0.677495 0.679581 0.682305 0.685609 0.689408 0.693603 0.698089 0.702766 0.707537 0.712317 0.717038 0.721651 0.726127 0.730468 0.734704 0.7389 0.743155 
-0.82247 -0.817142 -0.811866 -0.806503 -0.800953 -0.795155 -0.789081 -0.782732 -0.776133 -0.769331 -0.762385 -0.755368 -0.748359 -0.74144 -0.734688 -0.728173 -0.721945 -0.71603 -0.710421 -0.705069 -0.699886 -0.694746 -0.689263 -0.683301 -0.676626 -0.668996 -0.660179 -0.649969 -0.638202 -0.624765 -0.609607 -0.592743 -0.574259 -0.55431 -0.533119 -0.510966 -0.488177 -0.463442 -0.436865 -0.410824 -0.383554 -0.354773 -0.324593 -0.29319 -0.260801 -0.225541 -0.187455 -0.14665 -0.103297 -0.0576317 -0.00995384 0.0388056 0.0876756 0.136191 0.183823 0.230003 0.27414 0.31566 0.354039 0.392499 0.430227 0.466504 0.500461 0.529998 0.557044 0.58152 0.604834 0.626612 0.646547 0.664414 0.680074 0.693476 0.704659 0.713736 0.720894 0.726376 0.730468 0.733478 0.735718 0.737478 0.739068 0.740699 0.742558 0.74479 0.747492 0.750705 0.754427 0.758617 0.763207 0.768114 0.773243 0.778503 0.783804 0.789068 0.794233 0.799253 0.804107 0.808802 0.813374 0.817895 0.82247 
-0.909718 -0.904014 -0.898357 -0.892598 -0.88663 -0.880385 -0.873826 -0.866947 -0.859768 -0.852326 -0.844676 -0.836884 -0.829019 -0.821156 -0.813361 -0.805691 -0.798186 -0.790859 -0.783692 -0.776635 -0.769599 -0.762467 -0.754796 -0.746484 -0.73732 -0.727091 -0.715593 -0.702652 -0.688136 -0.671963 -0.654112 -0.634628 -0.613625 -0.591282 -0.567838 -0.543587 -0.518859 -0.492161 -0.463597 -0.435567 -0.406273 -0.375428 -0.343147 -0.309604 -0.275038 -0.237563 -0.197235 -0.154172 -0.108558 -0.060639 -0.0107294 0.0402375 0.0912907 0.141958 0.191709 0.239976 0.28618 0.329756 0.370188 0.410674 0.450429 0.488758 0.524803 0.556451 0.585616 0.61221 0.637828 0.662083 0.684645 0.705264 0.723772 0.740085 0.754207 0.766219 0.776273 0.784579 0.791388 0.79698 0.801636 0.805627 0.809317 0.812896 0.816537 0.820379 0.824519 0.829013 0.83387 0.839066 0.844551 0.850255 0.856097 0.861996 0.867871 0.873654 0.879287 0.884735 0.889982 0.895043 0.899961 0.904815 0.909718 
-1.00569 -0.99961 -0.993569 -0.98741 -0.981018 -0.974316 -0.967259 -0.959833 -0.952048 -0.943934 -0.935535 -0.926909 -0.918116 -0.90922 -0.900276 -0.891331 -0.88241 -0.873519 -0.864632 -0.855697 -0.846627 -0.837318 -0.827268 -0.81641 -0.804558 -0.791525 -0.777138 -0.761255 -0.743776 -0.724654 -0.703899 -0.681588 -0.657862 -0.632922 -0.607027 -0.580481 -0.55362 -0.524746 -0.493965 -0.463695 -0.432113 -0.398928 -0.364255 -0.328272 -0.291223 -0.251218 -0.20833 -0.16269 -0.114495 -0.0640056 -0.0115491 0.0419383 0.0954859 0.148615 0.200795 0.25146 0.300037 0.345971 0.388748 0.431544 0.473592 0.514216 0.552576 0.586542 0.618021 0.646909 0.675016 0.701939 0.72733 0.750911 0.772482 0.791928 0.809214 0.824385 0.837558 0.848907 0.858648 0.86703 0.874307 0.880728 0.886712 0.892425 0.898028 0.903654 0.9094 0.915326 0.921457 0.927781 0.934264 0.940851 0.947475 0.954067 0.960559 0.96689 0.973016 0.978908 0.984561 0.989996 0.995266 1.00046 1.00569 
-1.11126 -1.10481 -1.09839 -1.09183 -1.08501 -1.07785 -1.07029 -1.06231 -1.0539 -1.04508 -1.0359 -1.02639 -1.0166 -1.00659 -0.996393 -0.986053 -0.975583 -0.964978 -0.954209 -0.943222 -0.931935 -0.920254 -0.907625 -0.894017 -0.879264 -0.863208 -0.845708 -0.826655 -0.805984 -0.78368 -0.75979 -0.734421 -0.707741 -0.679976 -0.651403 -0.622337 -0.59312 -0.561826 -0.528562 -0.495765 -0.461589 -0.425741 -0.388342 -0.349572 -0.309681 -0.266782 -0.220962 -0.172371 -0.121221 -0.0677872 -0.0124116 0.0439663 0.100376 0.156335 0.211309 0.264735 0.316044 0.364687 0.41015 0.455582 0.50023 0.543436 0.584371 0.6209 0.654914 0.6863 0.717105 0.746912 0.775353 0.802124 0.826994 0.84981 0.870502 0.889075 0.905607 0.920233 0.933137 0.944533 0.954649 0.963711 0.972188 0.980229 0.987978 0.995561 1.00307 1.01058 1.01812 1.02569 1.03327 1.04083 1.0483 1.05563 1.06278 1.06969 1.07632 1.08267 1.08873 1.09455 1.10017 1.1057 1.11126 
-1.22738 -1.22058 -1.21379 -1.20684 -1.19961 -1.192 -1.18394 -1.17539 -1.16635 -1.15682 -1.14681 -1.13637 -1.12553 -1.11433 -1.1028 -1.09096 -1.07881 -1.06635 -1.05354 -1.04033 -1.02665 -1.01239 -0.996982 -0.980408 -0.962531 -0.943222 -0.92237 -0.899902 -0.875787 -0.850049 -0.822767 -0.794081 -0.764189 -0.733339 -0.701827 -0.669982 -0.638155 -0.604158 -0.568105 -0.532448 -0.495323 -0.456439 -0.415922 -0.373959 -0.330807 -0.284585 -0.235399 -0.183417 -0.128869 -0.0720495 -0.0133135 0.0463948 0.106105 0.165329 0.22353 0.280145 0.334609 0.386372 0.434918 0.483365 0.530972 0.577092 0.620907 0.660282 0.697089 0.731205 0.764946 0.797881 0.829622 0.859837 0.888262 0.914708 0.939066 0.9613 0.981446 0.999602 1.01591 1.03056 1.04374 1.05567 1.06684 1.0774 1.08748 1.09719 1.10663 1.11586 1.12494 1.13386 1.14263 1.15122 1.1596 1.16772 1.17555 1.18305 1.19021 1.19701 1.20349 1.20968 1.21565 1.22151 1.22738 
-1.35512 -1.34798 -1.34085 -1.33353 -1.32591 -1.31786 -1.30931 -1.30022 -1.29055 -1.28029 -1.26946 -1.25807 -1.24614 -1.23369 -1.22074 -1.2073 -1.19337 -1.17893 -1.16394 -1.14835 -1.13208 -1.11506 -1.09665 -1.07689 -1.05566 -1.03286 -1.0084 -0.982252 -0.954423 -0.924972 -0.894013 -0.861721 -0.828322 -0.79409 -0.759341 -0.724419 -0.689685 -0.652662 -0.613465 -0.57456 -0.534073 -0.491716 -0.447622 -0.401989 -0.355083 -0.305032 -0.251966 -0.196072 -0.137602 -0.0768697 -0.0142472 0.0493163 0.11285 0.175858 0.2378 0.298112 0.356227 0.411595 0.463692 0.515599 0.566582 0.616004 0.663057 0.705609 0.74551 0.782628 0.81958 0.855921 0.891241 0.925181 0.957444 0.987804 1.01611 1.04228 1.06631 1.08826 1.10824 1.12638 1.14287 1.15788 1.17196 1.18523 1.19781 1.2098 1.22131 1.2324 1.24311 1.25348 1.26352 1.2732 1.28253 1.29147 1.3 1.3081 1.31578 1.32304 1.32992 1.33647 1.34278 1.34895 1.35512 
-1.49563 -1.4882 -1.48075 -1.47311 -1.46512 -1.45667 -1.44767 -1.43805 -1.42778 -1.41682 -1.40516 -1.39281 -1.37977 -1.36604 -1.35163 -1.33654 -1.32074 -1.30421 -1.28691 -1.26879 -1.24977 -1.2298 -1.2082 -1.18504 -1.16021 -1.13366 -1.10533 -1.07522 -1.04339 -1.00992 -0.974964 -0.938739 -0.901498 -0.863544 -0.825214 -0.78687 -0.748889 -0.708462 -0.665709 -0.623103 -0.578768 -0.532424 -0.484213 -0.434345 -0.383099 -0.32862 -0.27106 -0.210633 -0.147615 -0.0823393 -0.0151997 0.0528486 0.120833 0.188247 0.254544 0.319157 0.381515 0.44106 0.497262 0.553153 0.608004 0.661184 0.711894 0.758011 0.801358 0.841794 0.882275 0.922341 0.961559 0.999542 1.03596 1.07054 1.1031 1.1335 1.16171 1.18773 1.21163 1.23353 1.25355 1.27187 1.28906 1.30522 1.32045 1.33487 1.34856 1.3616 1.37405 1.38593 1.39728 1.4081 1.4184 1.42816 1.43739 1.44609 1.45428 1.46198 1.46924 1.47612 1.48273 1.48919 1.49563 
-1.6502 -1.64253 -1.63482 -1.6269 -1.6186 -1.6098 -1.6004 -1.59031 -1.57947 -1.56785 -1.55541 -1.54213 -1.528 -1.513 -1.49711 -1.48033 -1.46261 -1.44393 -1.42423 -1.40347 -1.38157 -1.35846 -1.33348 -1.3067 -1.27806 -1.2475 -1.21503 -1.18066 -1.1445 -1.10667 -1.06737 -1.02685 -0.985383 -0.943316 -0.901007 -0.858843 -0.817218 -0.772947 -0.726157 -0.679316 -0.63056 -0.57962 -0.526651 -0.471874 -0.415587 -0.355959 -0.293172 -0.227466 -0.159144 -0.088567 -0.0161501 0.0571419 0.130331 0.2029 0.274292 0.34393 0.411236 0.475642 0.536608 0.597106 0.656407 0.713885 0.768745 0.818885 0.866092 0.910216 0.954599 0.998759 1.04224 1.08462 1.12554 1.16469 1.20183 1.23679 1.26947 1.29984 1.32794 1.35383 1.37762 1.39945 1.41993 1.43913 1.45715 1.47409 1.49006 1.50512 1.51934 1.53278 1.54546 1.55742 1.56868 1.57925 1.58916 1.59842 1.60708 1.61518 1.62277 1.62996 1.63683 1.64353 1.6502 
-1.82022 -1.81239 -1.8045 -1.79637 -1.78784 -1.77877 -1.76904 -1.75856 -1.74725 -1.73505 -1.7219 -1.70776 -1.6926 -1.67638 -1.65906 -1.6406 -1.62098 -1.60012 -1.57799 -1.55451 -1.52962 -1.50326 -1.47474 -1.44416 -1.41147 -1.37666 -1.33976 -1.30083 -1.26 -1.21745 -1.17341 -1.12817 -1.08205 -1.03541 -0.988668 -0.942218 -0.896486 -0.847856 -0.79646 -0.744751 -0.690893 -0.634629 -0.57613 -0.515635 -0.453461 -0.387815 -0.318911 -0.247022 -0.172483 -0.095683 -0.0170666 0.0623899 0.141701 0.220332 0.297711 0.373248 0.446351 0.516443 0.582965 0.648814 0.71326 0.775674 0.835272 0.889979 0.941534 0.989784 1.0385 1.08719 1.13535 1.18255 1.22836 1.27245 1.31452 1.35436 1.39183 1.42684 1.45939 1.4895 1.51727 1.54281 1.56672 1.58906 1.60995 1.62948 1.64775 1.66485 1.68085 1.69581 1.7098 1.72286 1.73503 1.74636 1.75688 1.76665 1.77571 1.78414 1.79202 1.79944 1.80651 1.81339 1.82022 
-2.00724 -1.99935 -1.99139 -1.98316 -1.9745 -1.96527 -1.95533 -1.94458 -1.93292 -1.92026 -1.90653 -1.89166 -1.87559 -1.85827 -1.83963 -1.81961 -1.79815 -1.77519 -1.75065 -1.72446 -1.69655 -1.66685 -1.63468 -1.60015 -1.56324 -1.52395 -1.48234 -1.43853 -1.39268 -1.34501 -1.29579 -1.24536 -1.19409 -1.14237 -1.09065 -1.03937 -0.988985 -0.935386 -0.878709 -0.821377 -0.761596 -0.699129 -0.634167 -0.56697 -0.497877 -0.425152 -0.349045 -0.269868 -0.187993 -0.103845 -0.017902 0.0688438 0.155395 0.241194 0.325648 0.408147 0.488082 0.564858 0.637897 0.709998 0.780423 0.848544 0.91358 0.973504 1.02999 1.08288 1.13645 1.19016 1.2435 1.29597 1.34712 1.39656 1.44394 1.48901 1.53157 1.5715 1.60874 1.64328 1.67519 1.70456 1.73199 1.75753 1.7813 1.80339 1.82393 1.843 1.86069 1.8771 1.8923 1.90635 1.91934 1.93131 1.94235 1.95251 1.96189 1.97056 1.97862 1.98618 1.99337 2.00034 2.00724 
-2.21296 -2.20516 -2.19725 -2.18906 -2.18042 -2.17118 -2.16119 -2.15034 -2.1385 -2.12558 -2.11146 -2.09607 -2.07931 -2.06109 -2.04133 -2.01995 -1.99685 -1.97195 -1.94515 -1.91636 -1.8855 -1.85248 -1.81663 -1.77808 -1.73681 -1.69286 -1.64631 -1.59732 -1.54607 -1.49285 -1.43798 -1.38184 -1.32483 -1.26743 -1.21011 -1.15336 -1.09767 -1.03837 -0.975598 -0.911725 -0.845021 -0.775279 -0.702709 -0.627597 -0.550313 -0.469198 -0.384548 -0.296719 -0.206129 -0.113245 -0.0185873 0.0768329 0.172002 0.266329 0.359194 0.449962 0.537999 0.622684 0.703419 0.78287 0.860292 0.935052 1.00638 1.0723 1.13442 1.19258 1.25161 1.31094 1.37002 1.4283 1.48528 1.54052 1.59362 1.64427 1.69222 1.7373 1.77941 1.81853 1.85467 1.88791 1.91885 1.94754 1.97409 1.99862 2.02127 2.04214 2.06136 2.07902 2.09524 2.11011 2.12373 2.13618 2.14757 2.15798 2.16751 2.17628 2.1844 2.19198 2.19917 2.20611 2.21296 
-2.43926 -2.43171 -2.42404 -2.41607 -2.40764 -2.39859 -2.38877 -2.37804 -2.36628 -2.35336 -2.33914 -2.32353 -2.30639 -2.28762 -2.26709 -2.24469 -2.22029 -2.19377 -2.16502 -2.13391 -2.10031 -2.06414 -2.02474 -1.98223 -1.93658 -1.88787 -1.83619 -1.78174 -1.72475 -1.66554 -1.60449 -1.54203 -1.47865 -1.41485 -1.35118 -1.28818 -1.22639 -1.16051 -1.09065 -1.01911 -0.944243 -0.865891 -0.784286 -0.699749 -0.612681 -0.521539 -0.426672 -0.32849 -0.227465 -0.12412 -0.0190214 0.0867923 0.192287 0.296831 0.399767 0.500426 0.59814 0.692258 0.782154 0.870319 0.955997 1.03855 1.11721 1.1901 1.25871 1.32288 1.38811 1.45378 1.51926 1.58397 1.64735 1.70887 1.7681 1.82466 1.87826 1.92867 1.97576 2.01947 2.0598 2.09683 2.13112 2.16273 2.19181 2.2185 2.24295 2.26531 2.28572 2.30433 2.32126 2.33665 2.35062 2.3633 2.37479 2.38522 2.39472 2.4034 2.41139 2.41882 2.42585 2.43261 2.43926 
-2.68819 -2.68111 -2.6739 -2.66638 -2.65841 -2.64981 -2.64044 -2.63015 -2.6188 -2.60624 -2.59234 -2.57694 -2.55989 -2.54106 -2.52029 -2.49741 -2.47227 -2.44471 -2.41455 -2.38163 -2.34579 -2.30688 -2.26428 -2.21807 -2.16823 -2.11481 -2.05794 -1.99784 -1.93479 -1.86915 -1.80136 -1.73193 -1.66139 -1.59035 -1.51942 -1.44922 -1.38037 -1.30678 -1.22859 -1.14794 -1.06335 -0.974692 -0.88224 -0.786352 -0.687477 -0.584231 -0.477028 -0.366348 -0.252727 -0.136753 -0.0190558 0.0993009 0.217257 0.334131 0.449218 0.561804 0.671181 0.776656 0.877566 0.976169 1.0717 1.1635 1.25082 1.33189 1.40807 1.47919 1.55153 1.62439 1.69709 1.76895 1.83934 1.90767 1.97344 2.0362 2.09561 2.1514 2.20341 2.25155 2.29583 2.33631 2.37354 2.40761 2.43871 2.46702 2.49273 2.51605 2.53714 2.55619 2.57337 2.58884 2.60276 2.61528 2.62654 2.63669 2.64586 2.65419 2.66182 2.66889 2.67555 2.68193 2.68819 
-2.96201 -2.95567 -2.94919 -2.94242 -2.9352 -2.92739 -2.91883 -2.90938 -2.89889 -2.88719 -2.87414 -2.85956 -2.84328 -2.82512 -2.80488 -2.78237 -2.75738 -2.72968 -2.69904 -2.66525 -2.62804 -2.58722 -2.54218 -2.49292 -2.43938 -2.38161 -2.31972 -2.25395 -2.18462 -2.11215 -2.03704 -1.95986 -1.88127 -1.80194 -1.7226 -1.64397 -1.56679 -1.48405 -1.39587 -1.30425 -1.20786 -1.10667 -1.00099 -0.891247 -0.77794 -0.659911 -0.537661 -0.411752 -0.282802 -0.151474 -0.0184684 0.115125 0.248222 0.380083 0.509947 0.637048 0.760622 0.879929 0.994254 1.10554 1.213 1.31596 1.41368 1.50452 1.58967 1.66897 1.7496 1.83076 1.91166 1.99153 2.06965 2.14534 2.21801 2.28715 2.35237 2.41335 2.46993 2.522 2.56959 2.6128 2.65215 2.68781 2.72002 2.74904 2.77514 2.79855 2.81951 2.83825 2.85499 2.86991 2.8832 2.89506 2.90563 2.91508 2.92355 2.93121 2.93818 2.94461 2.95063 2.95638 2.96201 
-3.26321 -3.25793 -3.25251 -3.24682 -3.24073 -3.23411 -3.22682 -3.21872 -3.20966 -3.19947 -3.188 -3.17507 -3.16048 -3.14402 -3.12547 -3.10458 -3.0811 -3.05473 -3.02517 -2.99208 -2.95513 -2.91395 -2.86794 -2.81695 -2.76084 -2.69959 -2.6333 -2.56218 -2.48658 -2.40697 -2.32392 -2.23812 -2.15031 -2.06132 -1.97201 -1.88327 -1.79597 -1.70202 -1.60154 -1.4963 -1.38524 -1.26844 -1.1463 -1.01932 -0.8881 -0.751787 -0.610995 -0.466387 -0.318671 -0.168591 -0.0169186 0.135245 0.286808 0.436973 0.584924 0.729837 0.87089 1.00728 1.13822 1.26523 1.38747 1.50426 1.61483 1.71769 1.81381 1.90301 1.99356 2.08451 2.17493 2.26391 2.35058 2.43418 2.51401 2.58949 2.66017 2.72574 2.78599 2.84088 2.89048 2.93497 2.97491 3.01057 3.04233 3.07055 3.09559 3.11777 3.13739 3.15471 3.17 3.18349 3.19538 3.20587 3.21514 3.22335 3.23067 3.23722 3.24315 3.24859 3.25367 3.2585 3.26321 
-3.59453 -3.59065 -3.58666 -3.58245 -3.57793 -3.57299 -3.56751 -3.56137 -3.55445 -3.5466 -3.53767 -3.52748 -3.51584 -3.50255 -3.48735 -3.46999 -3.45015 -3.42749 -3.4016 -3.37204 -3.33827 -3.29971 -3.2556 -3.20551 -3.14912 -3.08627 -3.01698 -2.94145 -2.86002 -2.7732 -2.68162 -2.58607 -2.48746 -2.38676 -2.28507 -2.18351 -2.08321 -1.97471 -1.8582 -1.73519 -1.60507 -1.4681 -1.32484 -1.17595 -1.02212 -0.862973 -0.699225 -0.531645 -0.361022 -0.188161 -0.0138782 0.160764 0.334715 0.507147 0.677215 0.844057 1.00681 1.16459 1.31656 1.46361 1.60488 1.73956 1.86684 1.98536 2.09568 2.19758 2.30066 2.40373 2.50562 2.60521 2.70148 2.79352 2.88053 2.96187 3.03707 3.10579 3.16787 3.22332 3.27234 3.31529 3.35286 3.38562 3.41417 3.43904 3.46071 3.47958 3.496 3.5103 3.52274 3.53356 3.54299 3.55121 3.5584 3.56471 3.57027 3.57522 3.57967 3.58373 3.58749 3.59106 3.59453 
-3.95898 -3.95688 -3.9547 -3.9524 -3.94991 -3.94718 -3.94412 -3.94067 -3.93674 -3.93224 -3.92704 -3.92104 -3.91408 -3.90599 -3.89659 -3.88563 -3.87284 -3.85786 -3.84028 -3.81953 -3.79489 -3.76516 -3.72878 -3.68474 -3.63244 -3.57161 -3.5022 -3.42436 -3.33841 -3.24482 -3.14423 -3.03745 -2.92547 -2.80946 -2.69075 -2.57084 -2.45135 -2.32121 -2.18116 -2.03267 -1.8759 -1.71153 -1.54035 -1.36317 -1.18082 -0.993417 -0.801774 -0.606681 -0.408925 -0.20929 -0.00855492 0.192367 0.392572 0.591283 0.787704 0.981023 1.1704 1.35499 1.53391 1.70729 1.87422 2.03379 2.185 2.32645 2.45787 2.57851 2.69949 2.81915 2.93597 3.04858 3.15582 3.25669 3.35038 3.43627 3.51389 3.58294 3.64328 3.695 3.73838 3.77404 3.80313 3.82712 3.84725 3.86424 3.87864 3.89088 3.90131 3.91021 3.91782 3.92433 3.92992 3.93472 3.93887 3.94246 3.9456 3.94837 3.95084 3.95308 3.95514 3.95709 3.95898 
-4.35988 -4.35988 -4.35988 -4.35988 -4.35988 -4.35988 -4.35988 -4.35988 -4.35988 -4.35988 -4.35988 -4.35988 -4.35988 -4.35988 -4.35988 -4.35988 -4.35988 -4.35988 -4.35988 -4.35988 -4.35988 -4.35444 -4.33704 -4.30772 -4.26656 -4.21366 -4.14917 -4.07328 -3.98619 -3.88814 -3.77939 -3.66025 -3.53105 -3.39214 -3.2439 -3.08675 -2.9211 -2.74743 -2.5662 -2.37791 -2.18308 -1.98225 -1.77598 -1.56481 -1.34935 -1.13017 -0.90789 -0.683111 -0.456454 -0.228541 0 0.228541 0.456454 0.683111 0.90789 1.13017 1.34935 1.56481 1.77598 1.98225 2.18308 2.37791 2.5662 2.74743 2.9211 3.08675 3.2439 3.39214 3.53105 3.66025 3.77939 3.88814 3.98619 4.07328 4.14917 4.21366 4.26656 4.30772 4.33704 4.35444 4.35988 4.35988 4.35988 4.35988 4.35988 4.35988 4.35988 4.35988 4.35988 4.35988 4.35988 4.35988 4.35988 4.35988 4.35988 4.35988 4.35988 4.35988 4.35988 4.35988 4.35988 
