ni
91

nj
38

x_vals
3.08815 2.84551 2.62493 2.42441 2.24211 2.07639 1.92573 1.78877 1.66426 1.55106 1.44816 1.35462 1.26957 1.19226 1.12198 1.05809 1 0.944527 0.889518 0.835105 0.781417 0.728585 0.676741 0.626012 0.576522 0.528395 0.481745 0.436686 0.393324 0.351763 0.3121 0.275157 0.240557 0.208005 0.177556 0.149266 0.123196 0.0994129 0.0779855 0.058986 0.0424881 0.0285655 0.0172899 0.00872948 0.00294731 0 -1.41417e-05 0.0029946 0.00905705 0.0181934 0.0304119 0.0457077 0.0640611 0.0854363 0.10978 0.13702 0.167066 0.199808 0.235119 0.272852 0.312501 0.353464 0.396327 0.44094 0.487147 0.534789 0.583699 0.633712 0.684656 0.736358 0.788642 0.841331 0.894244 0.947195 1 1.05809 1.12198 1.19226 1.26957 1.35462 1.44816 1.55106 1.66426 1.78877 1.92573 2.07639 2.24211 2.42441 2.62493 2.84551 3.08815 
3.08815 2.84637 2.62635 2.42617 2.24409 2.07847 1.92785 1.79087 1.6663 1.55302 1.45002 1.35635 1.27117 1.19371 1.12328 1.05923 1.00098 0.945343 0.890165 0.83559 0.781748 0.728768 0.67678 0.625909 0.576281 0.528014 0.481225 0.43603 0.392536 0.350851 0.311077 0.27403 0.239336 0.206709 0.176211 0.147927 0.121854 0.0980616 0.0766295 0.0576508 0.0413043 0.0273824 0.0160689 0.00746322 0.00164194 -0.00132725 -0.00133572 0.00169754 0.0077966 0.0169755 0.0292307 0.044528 0.0627327 0.0840774 0.108409 0.135636 0.165659 0.198435 0.233811 0.271634 0.311395 0.352489 0.395487 0.440242 0.486595 0.534384 0.583443 0.633605 0.684702 0.736562 0.789011 0.841872 0.894968 0.948113 1.00111 1.05932 1.12335 1.19378 1.27122 1.35639 1.45005 1.55305 1.66633 1.79089 1.92786 2.07848 2.2441 2.42618 2.62635 2.84637 3.08815 
3.08815 2.84731 2.6279 2.42811 2.24626 2.08077 1.93019 1.79319 1.66856 1.55518 1.45206 1.35825 1.27293 1.19531 1.12471 1.06049 1.00206 0.946232 0.890869 0.836117 0.782105 0.728962 0.676815 0.62579 0.576008 0.527588 0.480646 0.4353 0.391661 0.34984 0.309946 0.272783 0.237986 0.205278 0.17473 0.146453 0.120377 0.0965742 0.0751379 0.0561848 0.0399855 0.0260643 0.0147106 0.00605621 0.000193049 -0.00279935 -0.0028018 0.000257941 0.00639675 0.0156217 0.0279163 0.043215 0.0612735 0.0825829 0.106902 0.134113 0.16411 0.196922 0.232368 0.270287 0.31017 0.351408 0.394555 0.439465 0.485978 0.53393 0.583153 0.63348 0.684745 0.736778 0.789407 0.842457 0.895752 0.949108 1.00232 1.06069 1.12487 1.19545 1.27304 1.35834 1.45213 1.55524 1.6686 1.79322 1.93021 2.08079 2.24628 2.42812 2.6279 2.84731 3.08815 
3.08815 2.84834 2.62959 2.43024 2.24865 2.08329 1.93275 1.79573 1.67104 1.55756 1.45431 1.36035 1.27487 1.19708 1.12629 1.06187 1.00324 0.9472 0.891634 0.836688 0.78249 0.729167 0.676846 0.625649 0.575699 0.527109 0.479999 0.434487 0.39069 0.348718 0.308692 0.271404 0.236494 0.203698 0.173098 0.144831 0.118751 0.0949362 0.0734962 0.0545735 0.0385151 0.0245944 0.0131978 0.00449141 -0.0014165 -0.00443345 -0.00442954 -0.0013412 0.00484072 0.0141154 0.0264523 0.0417523 0.0596691 0.0809386 0.105243 0.132438 0.162406 0.195253 0.230774 0.268798 0.308813 0.350208 0.393519 0.4386 0.485289 0.53342 0.582824 0.633332 0.684781 0.737004 0.789831 0.843088 0.896601 0.950188 1.00364 1.06219 1.12655 1.19729 1.27504 1.3605 1.45443 1.55766 1.67111 1.79579 1.9328 2.08332 2.24867 2.43025 2.6296 2.84834 3.08815 
3.08815 2.84946 2.63145 2.43256 2.25126 2.08606 1.93557 1.79854 1.67377 1.56018 1.45679 1.36267 1.277 1.19902 1.12804 1.0634 1.00454 0.948255 0.892465 0.837305 0.782903 0.729383 0.676869 0.625485 0.575348 0.526572 0.479276 0.433582 0.389609 0.347474 0.307302 0.269876 0.234844 0.201954 0.1713 0.143045 0.116958 0.0931314 0.0716882 0.0528001 0.0368745 0.0229536 0.0115114 0.00274939 -0.0032062 -0.00624905 -0.00623838 -0.0031192 0.00310939 0.0124379 0.02482 0.0401217 0.0579032 0.0791286 0.103417 0.130595 0.160529 0.193412 0.229014 0.26715 0.307309 0.348875 0.392367 0.437635 0.484518 0.532847 0.582449 0.633156 0.684808 0.73724 0.790283 0.843767 0.897518 0.951357 1.00508 1.06384 1.12839 1.19932 1.27725 1.36287 1.45695 1.56032 1.67387 1.79862 1.93563 2.0861 2.25129 2.43258 2.63146 2.84946 3.08815 
3.08815 2.85068 2.63347 2.43511 2.25412 2.08909 1.93867 1.80162 1.67677 1.56307 1.45952 1.36523 1.27936 1.20117 1.12996 1.06509 1.00595 0.949403 0.893366 0.837972 0.783345 0.729608 0.676882 0.62529 0.574948 0.525967 0.478466 0.432572 0.388406 0.346092 0.305761 0.268183 0.233018 0.200027 0.169317 0.141075 0.114982 0.0911415 0.0696958 0.0508457 0.0350424 0.02112 0.00962927 0.000808014 -0.00519824 -0.00826829 -0.00825046 -0.00509808 0.001181 0.0105676 0.0229982 0.0383025 0.0559571 0.0771348 0.101406 0.128565 0.158462 0.191381 0.227068 0.265326 0.30564 0.347395 0.391083 0.436558 0.483655 0.5322 0.582021 0.632947 0.684823 0.737484 0.790765 0.844497 0.898509 0.952623 1.00665 1.06565 1.13042 1.20156 1.27968 1.36549 1.45973 1.56324 1.67691 1.80172 1.93875 2.08915 2.25416 2.43513 2.63348 2.85068 3.08815 
3.08815 2.85201 2.63568 2.4379 2.25726 2.09242 1.94207 1.805 1.68007 1.56624 1.46252 1.36804 1.28196 1.20353 1.13207 1.06694 1.0075 0.950651 0.894343 0.838691 0.783816 0.729839 0.676881 0.62506 0.574492 0.525284 0.477558 0.431443 0.387066 0.344554 0.304049 0.266305 0.230996 0.197897 0.16713 0.138903 0.112801 0.0889459 0.067498 0.048688 0.0329946 0.0190686 0.00752629 -0.00135802 -0.00741796 -0.0105165 -0.010491 -0.00730294 -0.00096933 0.00847984 0.0209625 0.0362711 0.0538094 0.0749368 0.0991883 0.126328 0.156185 0.189139 0.224916 0.263305 0.303789 0.345747 0.389653 0.435355 0.482686 0.531471 0.581531 0.632699 0.684821 0.737734 0.791275 0.845278 0.899576 0.953993 1.00836 1.06764 1.13265 1.20402 1.28236 1.36837 1.46279 1.56646 1.68025 1.80513 1.94217 2.09249 2.25731 2.43793 2.6357 2.85201 3.08815 
3.08815 2.85345 2.63809 2.44094 2.2607 2.09607 1.9458 1.80872 1.6837 1.56973 1.46583 1.37113 1.28482 1.20613 1.1344 1.06896 1.00919 0.952008 0.895399 0.839463 0.784315 0.730075 0.67686 0.624787 0.573969 0.524512 0.476537 0.430179 0.38557 0.342843 0.302145 0.264221 0.228756 0.195542 0.164716 0.136504 0.110393 0.0865208 0.0650709 0.0463018 0.0307034 0.0167709 0.00517352 -0.00377772 -0.00989436 -0.0130226 -0.012989 -0.00976254 -0.00337009 0.00614647 0.018685 0.0340005 0.0514355 0.0725113 0.0967422 0.123862 0.153674 0.186663 0.222535 0.261065 0.301732 0.343913 0.388056 0.434008 0.481597 0.530645 0.58097 0.632404 0.684795 0.737985 0.791812 0.846114 0.900724 0.955475 1.01021 1.06981 1.1351 1.20672 1.2853 1.37153 1.46616 1.56999 1.68391 1.80888 1.94593 2.09616 2.26076 2.44097 2.63811 2.85346 3.08815 
3.08815 2.85502 2.64071 2.44426 2.26445 2.10007 1.9499 1.8128 1.68769 1.57356 1.46947 1.37453 1.28796 1.20899 1.13695 1.07118 1.01103 0.95348 0.896539 0.84029 0.784843 0.730312 0.676814 0.624463 0.57337 0.523637 0.475389 0.428764 0.383899 0.340936 0.300028 0.261906 0.226272 0.192936 0.16205 0.133854 0.10773 0.0838395 0.0623871 0.0436574 0.0281371 0.0141938 0.00253772 -0.00648444 -0.0126608 -0.0158199 -0.0157775 -0.0125099 -0.00605403 0.00353506 0.0161339 0.0314599 0.0488068 0.0698314 0.0940409 0.121139 0.150904 0.183927 0.2199 0.258581 0.299445 0.341869 0.386273 0.432498 0.480371 0.529709 0.580326 0.632052 0.68474 0.738234 0.792375 0.847003 0.901957 0.957075 1.01223 1.07219 1.13779 1.20969 1.28854 1.37501 1.46986 1.57388 1.68794 1.81299 1.95004 2.10017 2.26452 2.4443 2.64074 2.85503 3.08815 
3.08815 2.85672 2.64357 2.44788 2.26856 2.10444 1.95438 1.81727 1.69207 1.57777 1.47346 1.37827 1.29141 1.21213 1.13975 1.07361 1.01304 0.955077 0.897768 0.841173 0.785395 0.730545 0.676735 0.624077 0.57268 0.522643 0.474093 0.427175 0.38203 0.338808 0.297669 0.259332 0.223516 0.19005 0.159101 0.130921 0.104783 0.0808711 0.0594146 0.0407203 0.0252593 0.0112996 -0.000419436 -0.00951661 -0.0157556 -0.0189466 -0.0188948 -0.015583 -0.00905889 0.000608264 0.0132722 0.0286139 0.0458904 0.0668662 0.0910545 0.118132 0.147846 0.180903 0.21698 0.255824 0.296901 0.339589 0.384277 0.430804 0.478989 0.528645 0.579583 0.631632 0.684647 0.738475 0.792961 0.847947 0.903278 0.958801 1.01441 1.07477 1.14073 1.21295 1.29209 1.37884 1.47392 1.57814 1.69236 1.8175 1.95455 2.10456 2.26864 2.44793 2.64359 2.85672 3.08815 
3.08815 2.85855 2.64666 2.45182 2.27303 2.10922 1.95929 1.82218 1.69687 1.58239 1.47785 1.38238 1.2952 1.21557 1.14282 1.07626 1.01522 0.956805 0.899089 0.842113 0.785971 0.730768 0.676613 0.623616 0.571883 0.521511 0.47263 0.425388 0.379936 0.33643 0.295039 0.256468 0.220455 0.186851 0.155837 0.127671 0.101516 0.0775797 0.0561164 0.0374507 0.0220279 0.0080445 -0.00374224 -0.0129186 -0.0192232 -0.022447 -0.0223849 -0.0190257 -0.0124282 -0.0026771 0.0100578 0.025422 0.0426476 0.0635801 0.0877482 0.114804 0.144467 0.177556 0.213744 0.25276 0.294069 0.337042 0.382042 0.428899 0.477427 0.527433 0.578726 0.631129 0.684504 0.7387 0.793565 0.848945 0.90469 0.960659 1.01677 1.07759 1.14394 1.21652 1.29599 1.38303 1.47838 1.58282 1.69721 1.82244 1.95948 2.10936 2.27313 2.45188 2.64669 2.85856 3.08815 
3.08815 2.86053 2.65002 2.45611 2.27792 2.11444 1.96466 1.82755 1.70213 1.58746 1.48266 1.38688 1.29935 1.21934 1.14616 1.07915 1.01759 0.958673 0.900506 0.843108 0.786563 0.730971 0.676436 0.623066 0.570962 0.52022 0.470973 0.423376 0.377587 0.333769 0.292101 0.253276 0.217052 0.183302 0.152219 0.124065 0.0978881 0.0739238 0.0524489 0.0338016 0.0183942 0.00437797 -0.00748203 -0.0167421 -0.023115 -0.0263723 -0.026299 -0.022889 -0.0162127 -0.00637105 0.00644128 0.0218369 0.0390336 0.0599311 0.084082 0.111119 0.140728 0.17385 0.210153 0.249354 0.290911 0.334194 0.379535 0.426754 0.475658 0.526051 0.577733 0.630528 0.684299 0.7389 0.794181 0.849995 0.906196 0.962657 1.01932 1.08065 1.14744 1.22042 1.30025 1.38763 1.48327 1.58795 1.70252 1.82785 1.96488 2.1146 2.27802 2.45618 2.65006 2.86055 3.08815 
3.08815 2.86267 2.65366 2.46077 2.28323 2.12013 1.97052 1.83342 1.70789 1.59301 1.48793 1.39181 1.3039 1.22347 1.14982 1.08229 1.02016 0.960687 0.902021 0.844157 0.787168 0.731145 0.67619 0.622406 0.569894 0.518744 0.469093 0.421105 0.374946 0.330788 0.288816 0.249715 0.213264 0.179358 0.148202 0.120057 0.0938532 0.0698548 0.048361 0.0297183 0.0143017 0.000241261 -0.0116985 -0.0210468 -0.0274909 -0.0307824 -0.0306966 -0.0272321 -0.020471 -0.0105318 0.00236588 0.0178042 0.0349961 0.0558703 0.0800092 0.107029 0.136585 0.169741 0.206165 0.245562 0.287386 0.331006 0.376718 0.424334 0.473653 0.524471 0.576582 0.629808 0.684016 0.739062 0.794802 0.851092 0.907796 0.964801 1.02207 1.08396 1.15125 1.22468 1.30492 1.39266 1.48862 1.59357 1.70833 1.83376 1.97077 2.12031 2.28335 2.46084 2.6537 2.86268 3.08815 
3.08815 2.86497 2.65759 2.46581 2.289 2.12633 1.97692 1.83983 1.71418 1.59908 1.49369 1.39721 1.30887 1.22797 1.1538 1.0857 1.02294 0.962855 0.903635 0.845256 0.787774 0.731276 0.675857 0.621616 0.568651 0.517051 0.466956 0.418538 0.371972 0.327441 0.285137 0.245736 0.209041 0.17497 0.143735 0.115594 0.0893559 0.0653155 0.0437924 0.0251365 0.0096843 -0.00443409 -0.0164613 -0.0259029 -0.0324208 -0.0357468 -0.035647 -0.0321242 -0.0252718 -0.0152271 -0.00223484 0.01326 0.0304734 0.0513402 0.0754752 0.102482 0.131988 0.165178 0.20173 0.241337 0.283449 0.327432 0.37355 0.4216 0.471374 0.52266 0.575244 0.628946 0.683635 0.739172 0.795417 0.852233 0.909491 0.967094 1.02504 1.08754 1.15539 1.22932 1.31001 1.39816 1.49447 1.59971 1.71468 1.84021 1.9772 2.12654 2.28914 2.4659 2.65763 2.86498 3.08815 
3.08815 2.86743 2.66182 2.47127 2.29527 2.13308 1.98388 1.84683 1.72106 1.60572 1.49999 1.4031 1.3143 1.23287 1.15813 1.08939 1.02594 0.96518 0.905347 0.846397 0.788371 0.731347 0.675415 0.620669 0.567203 0.515105 0.464521 0.41563 0.368617 0.323677 0.281011 0.241285 0.204328 0.170078 0.138757 0.110612 0.0843312 0.0602383 0.0386717 0.0199806 0.0044644 -0.00972815 -0.0218518 -0.0313922 -0.0379867 -0.0413474 -0.0412319 -0.0376462 -0.0306957 -0.0205365 -0.00743846 0.00812966 0.0253933 0.0462728 0.0704153 0.0974173 0.126876 0.160105 0.196791 0.236622 0.279044 0.32342 0.369979 0.418505 0.46878 0.52058 0.573686 0.627912 0.683132 0.739211 0.796013 0.853407 0.911277 0.969541 1.02821 1.0914 1.15988 1.23437 1.31556 1.40416 1.50086 1.60641 1.72161 1.84725 1.9842 2.1333 2.29542 2.47137 2.66187 2.86745 3.08815 
3.08815 2.87006 2.66637 2.47717 2.30206 2.1404 1.99146 1.85445 1.72855 1.61295 1.50686 1.40953 1.32021 1.2382 1.16282 1.09338 1.02916 0.967666 0.907156 0.847572 0.788944 0.731337 0.674836 0.61953 0.565512 0.512865 0.46174 0.412328 0.364826 0.319437 0.276374 0.236295 0.199056 0.164615 0.133198 0.105037 0.0787022 0.0545427 0.032914 0.0141613 -0.00144919 -0.0157349 -0.0279659 -0.0376112 -0.044285 -0.0476805 -0.047547 -0.0438935 -0.0368371 -0.0265532 -0.0133361 0.00232545 0.0196704 0.0405872 0.0647531 0.0917604 0.12118 0.154453 0.191283 0.231353 0.274108 0.318908 0.365949 0.414996 0.46582 0.518186 0.571867 0.626673 0.682479 0.739155 0.796572 0.854605 0.91315 0.972143 1.03162 1.09556 1.16473 1.23984 1.3216 1.41069 1.50782 1.61372 1.72916 1.85492 1.99181 2.14065 2.30222 2.47727 2.66642 2.87008 3.08815 
3.08815 2.87288 2.67125 2.48352 2.30939 2.14833 1.99969 1.86273 1.7367 1.62083 1.51434 1.41652 1.32663 1.24398 1.16789 1.09767 1.03263 0.970314 0.909053 0.848768 0.789472 0.731219 0.674088 0.618163 0.563532 0.510277 0.458557 0.408572 0.360531 0.314651 0.271153 0.230692 0.193148 0.158499 0.126971 0.0987825 0.0723774 0.048133 0.0264184 0.00757308 -0.00816438 -0.0225654 -0.0349165 -0.0446737 -0.0514299 -0.0548598 -0.0547058 -0.0509789 -0.0438078 -0.0333874 -0.0200352 -0.00425647 0.0132037 0.0341876 0.0583978 0.0854249 0.114817 0.148144 0.185128 0.225455 0.268569 0.313828 0.361392 0.41101 0.462436 0.515426 0.569741 0.625186 0.68164 0.738977 0.797072 0.855812 0.915102 0.974898 1.03525 1.10003 1.16996 1.24577 1.32815 1.41779 1.51539 1.62167 1.73737 1.86325 2.00007 2.1486 2.30957 2.48363 2.67131 2.8729 3.08815 
3.08815 2.87587 2.67648 2.49034 2.3173 2.15691 2.0086 1.87172 1.74556 1.62938 1.52247 1.42411 1.33359 1.25023 1.17336 1.10229 1.03633 0.973122 0.911031 0.849968 0.78993 0.730962 0.673131 0.616519 0.561209 0.507283 0.454906 0.404289 0.355657 0.309236 0.265263 0.224385 0.18651 0.151634 0.119977 0.0917421 0.0652473 0.0408942 0.0190641 9.04706e-05 -0.0158093 -0.0303508 -0.0428374 -0.0527149 -0.0595566 -0.0630207 -0.062843 -0.0590362 -0.0517404 -0.0411695 -0.027663 -0.0117394 0.00587319 0.026959 0.0512405 0.0783073 0.107687 0.141081 0.178235 0.21884 0.262341 0.308097 0.35623 0.406472 0.458561 0.512237 0.567252 0.623404 0.680574 0.738641 0.797487 0.857007 0.917121 0.9778 1.03911 1.1048 1.17558 1.25216 1.33524 1.42549 1.52361 1.63031 1.74629 1.87228 2.00902 2.1572 2.3175 2.49047 2.67654 2.87589 3.08815 
3.08815 2.87904 2.68205 2.49766 2.3258 2.16615 2.01823 1.88145 1.75515 1.63866 1.53128 1.43233 1.34112 1.25698 1.17925 1.10724 1.04027 0.976081 0.913074 0.851149 0.790287 0.730523 0.671917 0.614542 0.55848 0.50381 0.450706 0.399394 0.35011 0.303096 0.258601 0.217269 0.179033 0.143903 0.112095 0.0837904 0.0571802 0.0326884 0.0107067 -0.00843613 -0.0245368 -0.0392478 -0.0518878 -0.0618954 -0.0688267 -0.0723245 -0.0721192 -0.0682251 -0.0607928 -0.0500549 -0.0363712 -0.0202703 -0.00246429 0.0187642 0.0431504 0.0702832 0.0996722 0.133152 0.170497 0.211403 0.255324 0.301618 0.350372 0.401297 0.454112 0.508546 0.564333 0.621266 0.679228 0.738104 0.797781 0.858165 0.919189 0.980842 1.0432 1.1099 1.18162 1.25905 1.34289 1.43382 1.53252 1.63966 1.75594 1.88206 2.01868 2.16647 2.32601 2.49779 2.68212 2.87906 3.08815 
3.08815 2.88239 2.68798 2.50547 2.33492 2.1761 2.02862 1.89195 1.76552 1.64869 1.54081 1.44122 1.34925 1.26425 1.18556 1.11251 1.04445 0.97918 0.915161 0.852279 0.790503 0.729855 0.670386 0.612164 0.555266 0.499773 0.445866 0.393785 0.343782 0.296116 0.251047 0.209218 0.170584 0.135169 0.10318 0.0747755 0.0480171 0.0233489 0.0011726 -0.0181859 -0.0345301 -0.0494434 -0.0622583 -0.0724079 -0.0794335 -0.0829646 -0.0827271 -0.0787366 -0.071154 -0.0602295 -0.046341 -0.0300255 -0.0119803 0.00943788 0.0339698 0.0612025 0.0906296 0.124222 0.161783 0.203021 0.247399 0.294277 0.343708 0.395381 0.448997 0.504264 0.560905 0.618702 0.677543 0.737314 0.797912 0.859253 0.921283 0.984006 1.04752 1.11531 1.18806 1.26644 1.35113 1.44281 1.54213 1.64976 1.76637 1.8926 2.0291 2.17644 2.33514 2.50561 2.68805 2.88241 3.08815 
3.08815 2.88592 2.69425 2.51378 2.34466 2.18676 2.03978 1.90326 1.7767 1.65951 1.55108 1.45079 1.35798 1.27203 1.19229 1.11812 1.04886 0.9824 0.917262 0.85332 0.790528 0.728896 0.668466 0.609302 0.551476 0.495069 0.440272 0.387341 0.336545 0.288158 0.242456 0.200079 0.161004 0.125264 0.0930552 0.0645131 0.0375652 0.0126745 -0.00974775 -0.0293747 -0.0460097 -0.061163 -0.0741782 -0.0844842 -0.0916101 -0.0951741 -0.0948989 -0.0908014 -0.0830517 -0.0719167 -0.0577907 -0.0412173 -0.0228815 -0.00121947 0.023508 0.0508835 0.0803859 0.114126 0.151937 0.193545 0.238425 0.285941 0.336111 0.388604 0.4431 0.499288 0.556873 0.615629 0.675443 0.736208 0.797828 0.860228 0.92337 0.987271 1.05204 1.12104 1.19492 1.27435 1.35998 1.45247 1.55248 1.66065 1.7776 1.90396 2.04029 2.18713 2.3449 2.51393 2.69433 2.88594 3.08815 
3.08815 2.88962 2.70088 2.5226 2.35504 2.19816 2.05173 1.9154 1.78871 1.67114 1.56212 1.46106 1.36734 1.28035 1.19946 1.12404 1.05347 0.985712 0.91934 0.854221 0.790299 0.727571 0.666072 0.605858 0.546999 0.489576 0.433791 0.379918 0.328243 0.279057 0.232654 0.189669 0.150098 0.113983 0.0815059 0.0527789 0.0255901 0.000420387 -0.022308 -0.0422634 -0.0592425 -0.0746791 -0.0879244 -0.0984047 -0.105639 -0.109235 -0.108916 -0.104698 -0.0967614 -0.085387 -0.0709845 -0.0541028 -0.035418 -0.0134496 0.011533 0.0391046 0.0687299 0.102664 0.14077 0.182796 0.22823 0.276446 0.327428 0.380823 0.436289 0.493494 0.552124 0.611944 0.67284 0.734709 0.797463 0.861038 0.925408 0.990606 1.05674 1.12707 1.20219 1.28277 1.36943 1.46284 1.5636 1.67234 1.78966 1.91613 2.05227 2.19854 2.35529 2.52276 2.70096 2.88965 3.08815 
3.08815 2.89349 2.70784 2.53192 2.36605 2.21029 2.06449 1.92839 1.80158 1.68361 1.57395 1.47205 1.37733 1.2892 1.20705 1.13027 1.05826 0.989078 0.921343 0.854919 0.789739 0.72579 0.663097 0.601711 0.541701 0.483146 0.426263 0.371341 0.318689 0.268615 0.22143 0.177763 0.137629 0.101076 0.0682696 0.0392984 0.0118051 -0.0137117 -0.036817 -0.0571695 -0.0745537 -0.0903231 -0.103834 -0.114511 -0.121863 -0.125493 -0.125121 -0.120767 -0.112618 -0.10097 -0.0862437 -0.0689952 -0.049894 -0.0275471 -0.00223837 0.0255951 0.0554032 0.0895902 0.12805 0.170554 0.216609 0.265597 0.317474 0.371865 0.428403 0.486734 0.546525 0.607526 0.669625 0.732722 0.796736 0.861615 0.927345 0.993969 1.06161 1.13338 1.20987 1.2917 1.37951 1.4739 1.57549 1.68486 1.80257 1.92915 2.06506 2.21069 2.36632 2.53208 2.70793 2.89352 3.08815 
3.08815 2.89752 2.71513 2.54173 2.37769 2.22315 2.07807 1.94222 1.8153 1.69691 1.58656 1.48376 1.38795 1.29857 1.21504 1.13677 1.06319 0.992445 0.923206 0.855334 0.788753 0.723441 0.659414 0.596718 0.53542 0.475602 0.417492 0.361401 0.307657 0.25659 0.208525 0.164086 0.123307 0.086236 0.0530233 0.0237345 -0.00414142 -0.0300872 -0.0536524 -0.0744815 -0.092341 -0.108501 -0.122321 -0.133221 -0.140704 -0.144368 -0.143935 -0.139425 -0.131034 -0.119068 -0.103962 -0.086278 -0.0666823 -0.0438725 -0.0181533 0.0100223 0.0400876 0.074603 0.113493 0.156551 0.203308 0.253159 0.306029 0.361523 0.41925 0.478832 0.539913 0.60223 0.665669 0.730134 0.795551 0.861877 0.92911 0.997304 1.06658 1.13993 1.21792 1.30114 1.39019 1.48567 1.58816 1.6982 1.81633 1.94301 2.07865 2.22357 2.37797 2.54189 2.71522 2.89755 3.08815 
3.08815 2.9017 2.72273 2.552 2.38993 2.23674 2.09244 1.9569 1.82989 1.71104 1.59996 1.49618 1.39918 1.30844 1.2234 1.14351 1.06821 0.995745 0.924845 0.855365 0.787222 0.720386 0.654867 0.590703 0.527962 0.466728 0.407243 0.34984 0.29487 0.242683 0.193621 0.148301 0.106772 0.0690825 0.0353677 0.00567076 -0.0226831 -0.0491563 -0.0732797 -0.094678 -0.113095 -0.129715 -0.143894 -0.15505 -0.162681 -0.166382 -0.165876 -0.161186 -0.152514 -0.140179 -0.124626 -0.106424 -0.0862418 -0.0628701 -0.0366397 -0.00802459 0.02239 0.0573288 0.0967448 0.140457 0.188019 0.238841 0.292821 0.349544 0.408596 0.469572 0.532093 0.595879 0.660815 0.726806 0.793786 0.86172 0.930617 1.00054 1.07162 1.1467 1.22632 1.31105 1.40147 1.49813 1.60159 1.71237 1.83094 1.95772 2.09304 2.23717 2.39022 2.55217 2.72282 2.90173 3.08815 
3.08815 2.90601 2.73062 2.56271 2.40276 2.25102 2.10759 1.97241 1.84531 1.726 1.61413 1.50929 1.411 1.31877 1.23209 1.15041 1.07324 0.998889 0.926153 0.854887 0.785002 0.71646 0.649265 0.583453 0.51909 0.456262 0.395229 0.336347 0.27999 0.22653 0.176325 0.129987 0.0875757 0.0491432 0.0148071 -0.0154096 -0.0443578 -0.0714772 -0.0962754 -0.118353 -0.137424 -0.154585 -0.169187 -0.180641 -0.188442 -0.192182 -0.191589 -0.18669 -0.17769 -0.16492 -0.148838 -0.130021 -0.109142 -0.0850908 -0.0582286 -0.0290553 0.00182159 0.0373031 0.0773685 0.12186 0.170357 0.222286 0.277519 0.335623 0.39616 0.458697 0.522829 0.58826 0.654872 0.72257 0.791295 0.861018 0.931758 1.00359 1.07663 1.1536 1.23501 1.3214 1.4133 1.51126 1.61579 1.72735 1.84638 1.97324 2.1082 2.25145 2.40304 2.56289 2.73071 2.90604 3.08815 
3.08815 2.91043 2.73876 2.57382 2.41612 2.26595 2.12348 1.98871 1.86154 1.74175 1.62904 1.52305 1.42336 1.32952 1.24104 1.15742 1.07819 1.00177 0.926999 0.853746 0.781913 0.711458 0.642378 0.574708 0.508512 0.443883 0.381097 0.320535 0.262597 0.207677 0.156149 0.10862 0.0651613 0.0258277 -0.00927837 -0.0401523 -0.0698372 -0.0977468 -0.12336 -0.146248 -0.166092 -0.183892 -0.198991 -0.210795 -0.218794 -0.222579 -0.221883 -0.216737 -0.20735 -0.194066 -0.177355 -0.157803 -0.136096 -0.111223 -0.083583 -0.0537071 -0.0222286 0.0139446 0.0548149 0.100247 0.149843 0.203049 0.259712 0.319381 0.381594 0.445889 0.511834 0.579115 0.647608 0.717221 0.787896 0.859613 0.932398 1.00633 1.08153 1.16058 1.24394 1.33213 1.42566 1.52502 1.63069 1.7431 1.86261 1.98954 2.1241 2.26639 2.41641 2.574 2.73885 2.91047 3.08815 
3.08815 2.91496 2.74712 2.58529 2.42997 2.28149 2.14007 2.00576 1.87854 1.75824 1.64464 1.53742 1.43621 1.34061 1.25017 1.16443 1.08294 1.00423 0.927218 0.85175 0.777736 0.705128 0.633921 0.564148 0.495874 0.429197 0.364411 0.301925 0.242167 0.185554 0.13248 0.0835405 0.0388264 -0.00160694 -0.0376687 -0.0693699 -0.0999672 -0.128843 -0.155443 -0.179301 -0.20006 -0.21862 -0.234311 -0.246531 -0.254763 -0.2586 -0.257782 -0.25234 -0.242494 -0.228596 -0.211131 -0.190699 -0.168002 -0.142134 -0.113538 -0.0827821 -0.05053 -0.0134788 0.0283936 0.07497 0.125876 0.180575 0.238889 0.300351 0.364471 0.43076 0.498758 0.568128 0.638742 0.710507 0.783369 0.857313 0.93237 1.00862 1.0862 1.16751 1.25301 1.34318 1.43847 1.53936 1.64627 1.75958 1.8796 2.00658 2.14067 2.28192 2.43025 2.58547 2.74721 2.91499 3.08815 
3.08815 2.91957 2.75567 2.59707 2.44425 2.29757 2.15728 2.02349 1.89624 1.77542 1.66086 1.55231 1.44947 1.35195 1.25937 1.17131 1.08735 1.00612 0.926605 0.848664 0.7722 0.697163 0.623547 0.551382 0.480737 0.411714 0.344629 0.279921 0.218047 0.159449 0.104542 0.0539166 0.00768098 -0.0341032 -0.0713541 -0.104095 -0.135823 -0.165883 -0.193681 -0.218707 -0.240559 -0.260028 -0.276428 -0.289145 -0.297657 -0.301556 -0.30059 -0.294795 -0.284397 -0.269761 -0.251387 -0.229895 -0.206005 -0.178929 -0.149157 -0.1173 -0.0840599 -0.0458962 -0.00277177 0.0452109 0.0976969 0.154164 0.214409 0.277946 0.344259 0.41283 0.483166 0.554909 0.627926 0.702122 0.777444 0.853882 0.93147 1.01029 1.09048 1.17429 1.26213 1.35444 1.45166 1.55421 1.66245 1.77672 1.89727 2.02429 2.15787 2.29799 2.44453 2.59724 2.75576 2.9196 3.08815 
3.08815 2.92423 2.76436 2.6091 2.45889 2.31412 2.17504 2.04183 1.91456 1.7932 1.67763 1.56766 1.46303 1.36344 1.26852 1.17791 1.09123 1.00721 0.92491 0.844197 0.764972 0.687184 0.610824 0.535924 0.462555 0.390825 0.321074 0.253772 0.189408 0.128455 0.0713499 0.0186842 -0.0294132 -0.0728689 -0.111605 -0.145654 -0.178788 -0.210307 -0.239569 -0.266012 -0.289178 -0.309744 -0.327001 -0.340319 -0.349169 -0.353144 -0.352 -0.345777 -0.33471 -0.319179 -0.299701 -0.276922 -0.251587 -0.223032 -0.191806 -0.15857 -0.124073 -0.0844994 -0.0398031 0.00992217 0.0643356 0.122926 0.185459 0.251429 0.320294 0.3915 0.464523 0.538981 0.614735 0.691689 0.76979 0.849029 0.929445 1.01112 1.0942 1.18074 1.27115 1.36581 1.46513 1.56947 1.67915 1.79444 1.91555 2.04259 2.17561 2.31452 2.45916 2.60926 2.76445 2.92427 3.08815 
3.08815 2.92894 2.77316 2.62132 2.47383 2.33105 2.19328 2.0607 1.93343 1.8115 1.69485 1.58335 1.4768 1.37493 1.27746 1.18405 1.09436 1.00724 0.921828 0.837995 0.755643 0.67472 0.595218 0.517168 0.440646 0.365764 0.292887 0.222522 0.155193 0.0914093 0.0316362 -0.0235297 -0.0739297 -0.119472 -0.160075 -0.195775 -0.230667 -0.263998 -0.295064 -0.323239 -0.348005 -0.369907 -0.388207 -0.402257 -0.41152 -0.415589 -0.414227 -0.407483 -0.3956 -0.378972 -0.358144 -0.333787 -0.306683 -0.276306 -0.24327 -0.208301 -0.1722 -0.130835 -0.0841532 -0.0322487 0.0245442 0.0857176 0.151002 0.219865 0.291732 0.366015 0.442154 0.519744 0.598639 0.678741 0.759997 0.8424 0.925991 1.01086 1.09713 1.18669 1.27992 1.37716 1.47876 1.58504 1.69627 1.81266 1.93435 2.06141 2.1938 2.33143 2.47408 2.62147 2.77325 2.92897 3.08815 
3.08815 2.93366 2.78203 2.63367 2.48898 2.3483 2.2119 2.08 1.95275 1.83023 1.71243 1.59928 1.49064 1.3863 1.28601 1.18951 1.09648 1.00589 0.916986 0.82962 0.743705 0.659188 0.57606 0.494355 0.414148 0.335558 0.258975 0.184947 0.114041 0.0468057 -0.0162524 -0.0745229 -0.127806 -0.175979 -0.218951 -0.256753 -0.293865 -0.329465 -0.362777 -0.393097 -0.419828 -0.443372 -0.462955 -0.477904 -0.487674 -0.491858 -0.49023 -0.482846 -0.469957 -0.451979 -0.429482 -0.403174 -0.373881 -0.341232 -0.305924 -0.268757 -0.230601 -0.186942 -0.137732 -0.083073 -0.0233049 0.0410573 0.109697 0.182047 0.257496 0.335417 0.415211 0.496446 0.578975 0.662697 0.74756 0.833559 0.920735 1.00917 1.099 1.19193 1.28826 1.38833 1.49244 1.60083 1.71373 1.83129 1.95359 2.08065 2.21238 2.34864 2.48921 2.63382 2.7821 2.93369 3.08815 
3.08815 2.93838 2.79092 2.64612 2.5043 2.36578 2.23083 2.09966 1.97246 1.84932 1.73029 1.61536 1.50443 1.39737 1.29399 1.19404 1.09728 1.0028 0.909929 0.818533 0.728525 0.639853 0.552505 0.466515 0.381957 0.298954 0.217921 0.139451 0.0641628 -0.00734265 -0.0745076 -0.136692 -0.193638 -0.245176 -0.291191 -0.331699 -0.37165 -0.410135 -0.44628 -0.479286 -0.508464 -0.534045 -0.555213 -0.571272 -0.581665 -0.585992 -0.584035 -0.575858 -0.561726 -0.542072 -0.517495 -0.488748 -0.456712 -0.421195 -0.382995 -0.343009 -0.302192 -0.255565 -0.203096 -0.144911 -0.0813692 -0.0130102 0.059786 0.136407 0.216192 0.298471 0.382601 0.468129 0.554904 0.642827 0.731848 0.821966 0.913221 1.0057 1.09953 1.19619 1.29599 1.39918 1.50603 1.61673 1.73144 1.85025 1.9732 2.10023 2.23125 2.36609 2.50451 2.64625 2.79099 2.93841 3.08815 
3.08815 2.94309 2.79982 2.65861 2.51974 2.38346 2.25003 2.11965 1.9925 1.86871 1.74838 1.63151 1.51809 1.40803 1.30118 1.19738 1.09641 0.997514 0.900104 0.804063 0.709304 0.615775 0.523461 0.43239 0.342633 0.254306 0.167853 0.0839162 0.00317293 -0.0737078 -0.146098 -0.213307 -0.274994 -0.330917 -0.380913 -0.424968 -0.468618 -0.510832 -0.550611 -0.587029 -0.619284 -0.647409 -0.670543 -0.687969 -0.699126 -0.703622 -0.701257 -0.692102 -0.676429 -0.654686 -0.627504 -0.595677 -0.560153 -0.520959 -0.479016 -0.435347 -0.391027 -0.340497 -0.283756 -0.220977 -0.152567 -0.0791112 -0.00107745 0.080858 0.165977 0.253552 0.3429 0.433544 0.525339 0.618193 0.712062 0.806948 0.902895 0.999985 1.09834 1.19923 1.3029 1.40957 1.51945 1.63267 1.74935 1.8695 1.99312 2.12012 2.25038 2.38372 2.51991 2.65872 2.79988 2.94312 3.08815 
3.08815 2.94779 2.80872 2.67115 2.53528 2.40133 2.26949 2.13995 2.01289 1.88844 1.7667 1.64774 1.53157 1.41817 1.30744 1.19927 1.0935 0.989508 0.886831 0.785357 0.685003 0.585717 0.487476 0.390297 0.294236 0.199394 0.106236 0.0154553 -0.0721985 -0.155974 -0.235148 -0.308955 -0.37693 -0.438718 -0.494069 -0.542904 -0.591505 -0.638661 -0.68319 -0.724001 -0.760152 -0.791451 -0.817003 -0.836085 -0.848155 -0.852843 -0.849974 -0.839622 -0.822057 -0.797729 -0.767281 -0.731542 -0.691526 -0.647521 -0.600614 -0.552008 -0.502953 -0.44715 -0.384668 -0.315767 -0.240942 -0.160858 -0.076102 0.0125654 0.104352 0.19847 0.29419 0.39102 0.488834 0.587557 0.687158 0.787646 0.889067 0.991501 1.09506 1.20076 1.30882 1.41941 1.53266 1.64866 1.76746 1.88905 2.01337 2.14032 2.26976 2.40152 2.53541 2.67123 2.80877 2.94781 3.08815 
3.08815 2.95248 2.81763 2.68374 2.55096 2.41942 2.28928 2.16068 2.03375 1.90863 1.78541 1.66418 1.54498 1.42782 1.31268 1.19949 1.08812 0.978162 0.869248 0.76129 0.654214 0.547969 0.442522 0.337869 0.234035 0.131086 0.029494 -0.0699958 -0.166559 -0.25935 -0.347538 -0.430253 -0.506856 -0.576809 -0.639694 -0.695289 -0.750828 -0.804774 -0.855648 -0.902145 -0.943185 -0.978349 -1.00676 -1.02776 -1.04085 -1.04572 -1.04224 -1.03048 -1.01068 -0.983245 -0.948789 -0.908121 -0.86228 -0.811848 -0.758118 -0.702583 -0.646814 -0.583569 -0.513067 -0.43574 -0.352232 -0.263337 -0.169791 -0.0724515 0.027809 0.13014 0.23377 0.338207 0.443367 0.549208 0.655719 0.762922 0.870861 0.97961 1.08926 1.20057 1.31368 1.42871 1.54575 1.66483 1.78595 1.90906 2.03409 2.16093 2.28947 2.41955 2.55105 2.6838 2.81766 2.95249 3.08815 
3.08815 2.95717 2.82659 2.69647 2.56688 2.43789 2.30959 2.18206 2.05538 1.92963 1.80489 1.68121 1.55866 1.43726 1.31702 1.19791 1.0799 0.96273 0.846208 0.730274 0.614875 0.499968 0.385518 0.271495 0.15788 0.0446718 -0.0676667 -0.17835 -0.286509 -0.391248 -0.491667 -0.586819 -0.675865 -0.757998 -0.832483 -0.898754 -0.96495 -1.02866 -1.08801 -1.14158 -1.18835 -1.22778 -1.25919 -1.28209 -1.29613 -1.30111 -1.29694 -1.28367 -1.26149 -1.23069 -1.19172 -1.14523 -1.09209 -1.03306 -0.96951 -0.903326 -0.836931 -0.7622 -0.679709 -0.59021 -0.494573 -0.393731 -0.288552 -0.179946 -0.0688184 0.0439498 0.157561 0.271541 0.385879 0.500582 0.615666 0.731159 0.847099 0.963536 1.08053 1.19851 1.31756 1.43773 1.55907 1.68155 1.80516 1.92985 2.05555 2.18219 2.30969 2.43796 2.56692 2.6965 2.82661 2.95718 3.08815 
3.08815 2.96192 2.83569 2.70946 2.58323 2.45701 2.33078 2.20455 2.07832 1.95209 1.82586 1.69964 1.57341 1.44718 1.32095 1.19472 1.06849 0.942266 0.816038 0.68981 0.563581 0.437353 0.311125 0.184896 0.0586682 -0.0675647 -0.193365 -0.318035 -0.440845 -0.561077 -0.678028 -0.791013 -0.899372 -1.00247 -1.09971 -1.19051 -1.27436 -1.35075 -1.41924 -1.47943 -1.53097 -1.57356 -1.60694 -1.63093 -1.64537 -1.6502 -1.64537 -1.63093 -1.60694 -1.57356 -1.53097 -1.47943 -1.41924 -1.35075 -1.27436 -1.19051 -1.09971 -1.00247 -0.899372 -0.791013 -0.678028 -0.561077 -0.440845 -0.318035 -0.193365 -0.0675647 0.0586682 0.184896 0.311125 0.437353 0.563581 0.68981 0.816038 0.942266 1.06849 1.19472 1.32095 1.44718 1.57341 1.69964 1.82586 1.95209 2.07832 2.20455 2.33078 2.45701 2.58323 2.70946 2.83569 2.96192 3.08815 

y_vals
0 0 0 0 0 0 0 0 0 0 0 0 0 0 0 0 1.15373e-16 -0.0223318 -0.0431955 -0.0626833 -0.0808504 -0.0977138 -0.113255 -0.127421 -0.140133 -0.151292 -0.160787 -0.1685 -0.174322 -0.178151 -0.179909 -0.179659 -0.177702 -0.173985 -0.168463 -0.161121 -0.151977 -0.141073 -0.128476 -0.114267 -0.0985337 -0.0813702 -0.0628644 -0.0430948 -0.022125 0 0.0225151 0.0446428 0.0663002 0.0873618 0.107663 0.127008 0.145174 0.161923 0.177009 0.190186 0.201216 0.209881 0.215984 0.219359 0.219896 0.217925 0.213588 0.206927 0.19801 0.186914 0.173728 0.158538 0.141423 0.122446 0.101646 0.0790361 0.0545977 0.0282798 -1.0631e-16 0 0 0 0 0 0 0 0 0 0 0 0 0 0 0 0 
-0.005 -0.00500108 -0.0050024 -0.00500426 -0.00500708 -0.00501138 -0.00501796 -0.00502793 -0.00504295 -0.00506538 -0.00509883 -0.00514894 -0.00522531 -0.00534611 -0.0055526 -0.00597253 -0.00734342 -0.0280411 -0.0482958 -0.0674229 -0.0853252 -0.101969 -0.117313 -0.131292 -0.143822 -0.1548 -0.16411 -0.171635 -0.177264 -0.180897 -0.18246 -0.182024 -0.179867 -0.175941 -0.170208 -0.162672 -0.153335 -0.142242 -0.129461 -0.115093 -0.0993619 -0.0820899 -0.0634364 -0.0434988 -0.0223504 -4.43907e-05 0.0226534 0.0449652 0.0668013 0.0880288 0.108474 0.127921 0.14607 0.162954 0.178201 0.191548 0.202757 0.21163 0.217953 0.221554 0.222326 0.220571 0.216438 0.209975 0.20125 0.190345 0.177351 0.162358 0.145452 0.126704 0.106174 0.0839056 0.0599589 0.034512 0.00854245 0.00646729 0.00585348 0.00555266 0.00537469 0.00525974 0.00518196 0.00512793 0.00508984 0.00506278 0.00504348 0.00502969 0.00501983 0.00501273 0.00500753 0.00500352 0.005 
-0.0105 -0.0105023 -0.010505 -0.0105089 -0.0105148 -0.0105237 -0.0105374 -0.0105582 -0.0105894 -0.0106361 -0.0107057 -0.0108098 -0.0109685 -0.0112189 -0.0116451 -0.012498 -0.0150616 -0.034275 -0.0538934 -0.0726309 -0.0902443 -0.106647 -0.121775 -0.135549 -0.147879 -0.158656 -0.167764 -0.175083 -0.1805 -0.183917 -0.185266 -0.184624 -0.182246 -0.178091 -0.172129 -0.16438 -0.154833 -0.143533 -0.130553 -0.116017 -0.100272 -0.0828805 -0.0640647 -0.0439426 -0.0225977 -9.24341e-05 0.0228065 0.045321 0.0673533 0.088763 0.109366 0.128925 0.14707 0.164098 0.179519 0.193051 0.204454 0.213555 0.220118 0.223968 0.224996 0.223479 0.219571 0.213326 0.204814 0.194119 0.181335 0.166559 0.149881 0.131386 0.111149 0.0892512 0.0658289 0.0412682 0.0173203 0.0135103 0.0122686 0.0116485 0.0112797 0.0110409 0.0108791 0.0107666 0.0106873 0.0106309 0.0105907 0.010562 0.0105414 0.0105266 0.0105157 0.0105074 0.0105 
-0.01655 -0.0165535 -0.0165578 -0.0165639 -0.0165731 -0.0165871 -0.0166085 -0.0166409 -0.0166896 -0.0167624 -0.0168709 -0.0170332 -0.01728 -0.0176689 -0.0183271 -0.019621 -0.0232083 -0.0410782 -0.0600347 -0.0783525 -0.0956512 -0.111791 -0.12668 -0.14023 -0.152339 -0.162897 -0.171782 -0.178873 -0.184058 -0.187238 -0.188352 -0.187482 -0.18486 -0.180454 -0.174241 -0.166261 -0.156486 -0.144959 -0.131764 -0.117049 -0.101274 -0.0837491 -0.0647551 -0.04443 -0.0228689 -0.000144356 0.022976 0.0457135 0.0679617 0.0895715 0.110347 0.13003 0.148185 0.165367 0.180978 0.194711 0.206326 0.215673 0.2225 0.226623 0.227931 0.226677 0.223017 0.217012 0.208733 0.198268 0.185716 0.171178 0.154752 0.136532 0.116615 0.0951181 0.0722534 0.0485928 0.026417 0.0211709 0.019295 0.0183387 0.0177662 0.0173945 0.0171423 0.0169668 0.0168429 0.0167549 0.016692 0.0166471 0.0166149 0.0165917 0.0165747 0.0165615 0.01655 
-0.023205 -0.0232099 -0.0232159 -0.0232244 -0.0232371 -0.0232566 -0.0232862 -0.0233312 -0.0233987 -0.0234996 -0.0236497 -0.0238743 -0.0242154 -0.0247513 -0.0256522 -0.0273888 -0.0318406 -0.0484982 -0.0667699 -0.0846375 -0.101594 -0.117445 -0.132074 -0.145377 -0.157244 -0.16756 -0.1762 -0.183042 -0.187971 -0.190891 -0.191746 -0.190623 -0.187734 -0.183051 -0.176565 -0.168333 -0.158309 -0.146537 -0.133108 -0.118202 -0.102376 -0.0847036 -0.0655137 -0.0449654 -0.0231665 -0.000200379 0.0231639 0.0461467 0.0686323 0.0904619 0.111427 0.131247 0.149431 0.166777 0.182593 0.196546 0.208389 0.218006 0.225121 0.229543 0.231157 0.230192 0.226806 0.221065 0.213043 0.202832 0.190535 0.176258 0.160107 0.142188 0.122619 0.101556 0.0792816 0.0565323 0.0359119 0.0294932 0.0269859 0.0256788 0.0248901 0.0243764 0.0240272 0.0237839 0.0236121 0.0234898 0.0234025 0.0233401 0.0232954 0.0232631 0.0232394 0.0232211 0.023205 
-0.0305255 -0.030532 -0.0305398 -0.0305508 -0.0305674 -0.0305927 -0.0306312 -0.0306896 -0.0307773 -0.0309082 -0.031103 -0.031394 -0.0318352 -0.0325261 -0.0336784 -0.0358523 -0.0410201 -0.0565861 -0.0741539 -0.0915399 -0.108125 -0.123662 -0.138005 -0.151036 -0.162638 -0.172688 -0.181059 -0.187626 -0.192274 -0.194909 -0.195479 -0.194077 -0.190893 -0.185908 -0.179123 -0.170618 -0.160322 -0.148282 -0.1346 -0.11949 -0.10359 -0.0857529 -0.0663472 -0.0455536 -0.0234929 -0.00026072 0.0233721 0.0466251 0.0693716 0.0914426 0.112616 0.132588 0.150822 0.168345 0.184383 0.198573 0.210666 0.220576 0.228005 0.232755 0.234704 0.234056 0.230972 0.225521 0.217783 0.207851 0.195834 0.181843 0.165994 0.148405 0.129215 0.108617 0.0869668 0.0651359 0.0458831 0.0385239 0.0353986 0.0337291 0.0327126 0.0320479 0.031595 0.0312791 0.0310557 0.0308967 0.0307831 0.0307018 0.0306435 0.0306014 0.0305705 0.0305465 0.0305255 
-0.0385781 -0.0385862 -0.038596 -0.0386098 -0.0386305 -0.038662 -0.0387101 -0.0387828 -0.038892 -0.0390549 -0.0392972 -0.0396587 -0.0402057 -0.0410585 -0.0424685 -0.0450667 -0.050813 -0.065397 -0.0822457 -0.099119 -0.115302 -0.130495 -0.144526 -0.157259 -0.168569 -0.178327 -0.186403 -0.192668 -0.197007 -0.199328 -0.199585 -0.197873 -0.194365 -0.189048 -0.181938 -0.173136 -0.162545 -0.150214 -0.13626 -0.12093 -0.104928 -0.0869066 -0.0672633 -0.0461996 -0.0238509 -0.000325584 0.0236033 0.0471535 0.070187 0.0925233 0.113926 0.134067 0.152375 0.170089 0.186367 0.200816 0.213178 0.223406 0.23118 0.236288 0.238603 0.238305 0.235553 0.230423 0.222996 0.213372 0.201662 0.187986 0.172467 0.155237 0.136459 0.116361 0.0953663 0.0744566 0.0564094 0.0483139 0.0445944 0.0425548 0.0413003 0.0404758 0.0399126 0.0395192 0.0392408 0.0390423 0.0389004 0.0387988 0.0387259 0.0386733 0.0386345 0.0386044 0.0385781 
-0.0474359 -0.0474457 -0.0474577 -0.0474745 -0.0474997 -0.0475379 -0.0475961 -0.0476841 -0.0478161 -0.048013 -0.0483055 -0.0487414 -0.0493991 -0.0504199 -0.0520902 -0.055092 -0.0612911 -0.0749907 -0.0911095 -0.107439 -0.123187 -0.138006 -0.151695 -0.164102 -0.175091 -0.184529 -0.19228 -0.198213 -0.202213 -0.204189 -0.204101 -0.202047 -0.198183 -0.192503 -0.185039 -0.175914 -0.165001 -0.152356 -0.138106 -0.122538 -0.106404 -0.0881758 -0.0682703 -0.0469094 -0.0242435 -0.000395158 0.0238599 0.0477374 0.0710866 0.0937145 0.115369 0.1357 0.15411 0.17203 0.188568 0.203298 0.215952 0.226526 0.234675 0.240174 0.242891 0.242976 0.24059 0.235813 0.22873 0.219443 0.208071 0.19474 0.179583 0.162746 0.144412 0.12485 0.104542 0.0845519 0.0675722 0.0589186 0.0546393 0.0522267 0.0507255 0.0497334 0.0490537 0.0485779 0.0482407 0.0480001 0.047828 0.0477046 0.047616 0.047552 0.0475048 0.0474681 0.0474359 
-0.0571794 -0.0571913 -0.0572055 -0.0572256 -0.0572554 -0.0573008 -0.0573697 -0.0574739 -0.0576302 -0.0578629 -0.0582082 -0.0587219 -0.0594948 -0.0606876 -0.0626171 -0.0659942 -0.072532 -0.0854326 -0.100815 -0.116571 -0.131851 -0.146262 -0.159577 -0.171627 -0.182265 -0.191351 -0.198744 -0.204313 -0.20794 -0.209537 -0.209069 -0.206638 -0.202381 -0.196305 -0.188455 -0.17898 -0.167718 -0.154731 -0.140163 -0.124335 -0.108034 -0.0895728 -0.0693777 -0.0476894 -0.0246741 -0.000469602 0.024145 0.0483829 0.0720795 0.095028 0.11696 0.137504 0.156049 0.174194 0.191012 0.206047 0.219017 0.229966 0.238523 0.244451 0.247606 0.248113 0.246131 0.241742 0.235037 0.226122 0.215121 0.202168 0.187406 0.170996 0.153145 0.134155 0.114562 0.0954847 0.0794561 0.0703996 0.0656047 0.0628216 0.0610676 0.0599008 0.0590985 0.0585356 0.0581362 0.0578508 0.0576464 0.0574998 0.0573944 0.0573181 0.0572618 0.057218 0.0571794 
-0.0678974 -0.0679113 -0.067928 -0.0679515 -0.0679864 -0.0680393 -0.0681196 -0.0682408 -0.0684225 -0.0686928 -0.0690933 -0.0696878 -0.0705791 -0.0719458 -0.0741289 -0.077846 -0.08462 -0.0967943 -0.111438 -0.126591 -0.141368 -0.155337 -0.168244 -0.179902 -0.190154 -0.198854 -0.205855 -0.211023 -0.21424 -0.215421 -0.214535 -0.211686 -0.207 -0.200489 -0.192221 -0.182366 -0.170725 -0.157367 -0.142454 -0.126343 -0.109836 -0.0911116 -0.0705959 -0.0485466 -0.0251463 -0.000549043 0.0244622 0.049097 0.0731759 0.0964772 0.118716 0.1395 0.158214 0.176607 0.193729 0.209093 0.222406 0.233762 0.242764 0.249159 0.252793 0.253762 0.252224 0.248264 0.241975 0.233469 0.222875 0.210337 0.196006 0.180061 0.16273 0.144349 0.1255 0.107324 0.0921508 0.0828254 0.0775673 0.0744226 0.0724124 0.0710654 0.0701353 0.0694811 0.0690159 0.0686831 0.0684445 0.0682731 0.0681497 0.0680603 0.0679942 0.0679427 0.0678974 
-0.0796871 -0.0797033 -0.0797227 -0.0797498 -0.07979 -0.0798508 -0.0799431 -0.0800822 -0.0802904 -0.0805996 -0.0810572 -0.0817347 -0.0827464 -0.0842864 -0.0867125 -0.090728 -0.0976469 -0.109155 -0.123062 -0.137583 -0.151822 -0.165312 -0.177773 -0.189003 -0.198833 -0.207108 -0.213679 -0.218406 -0.221173 -0.221897 -0.22055 -0.21724 -0.212081 -0.205097 -0.196374 -0.186108 -0.174056 -0.160296 -0.14501 -0.128586 -0.111831 -0.0928079 -0.0719367 -0.049489 -0.0256643 -0.000633561 0.0248153 0.0498875 0.0743873 0.0980771 0.120654 0.14171 0.160635 0.179301 0.196752 0.212473 0.226156 0.237952 0.247438 0.254343 0.258499 0.259977 0.258928 0.25544 0.249608 0.241551 0.231404 0.21932 0.205461 0.190021 0.17325 0.155515 0.137433 0.120147 0.105751 0.0962727 0.0906109 0.0871199 0.0848538 0.0833229 0.0822606 0.0815111 0.0809771 0.0805944 0.0803196 0.080122 0.0799795 0.0798761 0.0797996 0.0797398 0.0796871 
-0.0926558 -0.0926744 -0.0926966 -0.0927276 -0.0927734 -0.0928426 -0.0929473 -0.0931049 -0.0933405 -0.09369 -0.094206 -0.0949678 -0.0960999 -0.0978094 -0.100463 -0.10473 -0.111713 -0.122603 -0.135775 -0.149639 -0.163303 -0.176275 -0.188252 -0.199014 -0.20838 -0.21619 -0.222288 -0.226532 -0.228804 -0.229025 -0.227172 -0.223353 -0.217676 -0.210175 -0.200958 -0.190247 -0.177749 -0.163554 -0.147863 -0.131092 -0.114041 -0.0946798 -0.0734134 -0.0505256 -0.0262325 -0.000723186 0.0252087 0.050763 0.0757266 0.0998448 0.122798 0.144162 0.163341 0.182311 0.200119 0.216226 0.23031 0.242581 0.252593 0.260054 0.264781 0.266815 0.266304 0.263335 0.258008 0.250444 0.240788 0.229201 0.215856 0.200963 0.184794 0.167742 0.150451 0.13404 0.12036 0.110827 0.104826 0.101011 0.098494 0.0967776 0.0955802 0.0947323 0.0941266 0.0936918 0.093379 0.0931537 0.092991 0.0928728 0.0927851 0.0927164 0.0926558 
-0.106921 -0.106943 -0.106968 -0.107003 -0.107055 -0.107132 -0.10725 -0.107427 -0.10769 -0.108081 -0.108656 -0.109502 -0.110752 -0.112624 -0.115483 -0.119951 -0.126926 -0.137234 -0.149678 -0.16286 -0.175912 -0.188325 -0.199775 -0.210025 -0.218885 -0.226185 -0.231764 -0.235476 -0.237205 -0.236874 -0.234463 -0.230084 -0.223838 -0.215774 -0.206023 -0.194829 -0.181849 -0.167182 -0.15105 -0.133894 -0.116493 -0.0967478 -0.0750411 -0.0516663 -0.026856 -0.000817881 0.0256475 0.0517335 0.0772085 0.1018 0.12517 0.146884 0.166368 0.185676 0.203873 0.220398 0.234915 0.2477 0.258283 0.266349 0.271697 0.274342 0.274423 0.272025 0.267252 0.260231 0.251113 0.240069 0.227284 0.212984 0.197459 0.181128 0.164648 0.149096 0.136087 0.126585 0.120314 0.116204 0.113444 0.111544 0.11021 0.109261 0.108582 0.108093 0.10774 0.107486 0.107302 0.107168 0.107069 0.10699 0.106921 
-0.122614 -0.122637 -0.122666 -0.122705 -0.122763 -0.12285 -0.12298 -0.123177 -0.123469 -0.1239 -0.124534 -0.125463 -0.126827 -0.12885 -0.131888 -0.136503 -0.143406 -0.153159 -0.164879 -0.177355 -0.189758 -0.20157 -0.212447 -0.222141 -0.230446 -0.237187 -0.242196 -0.245325 -0.246458 -0.24552 -0.242494 -0.237499 -0.230631 -0.221954 -0.211623 -0.199908 -0.186405 -0.171226 -0.154615 -0.137027 -0.119219 -0.0990355 -0.0768371 -0.0529225 -0.0275403 -0.000917536 0.0261375 0.0528104 0.0788498 0.103964 0.127799 0.149912 0.169754 0.189442 0.208063 0.225041 0.240026 0.253366 0.264567 0.273292 0.279317 0.28263 0.283361 0.281591 0.277428 0.271003 0.262475 0.252024 0.239849 0.226189 0.211353 0.19578 0.18013 0.165422 0.15305 0.143655 0.137182 0.132813 0.129826 0.127746 0.126276 0.125226 0.124471 0.123926 0.123533 0.123249 0.123043 0.122892 0.12278 0.122692 0.122614 
-0.139875 -0.139902 -0.139933 -0.139977 -0.140041 -0.140137 -0.140281 -0.140497 -0.140817 -0.141289 -0.14198 -0.142988 -0.14446 -0.146617 -0.149802 -0.15451 -0.161282 -0.170496 -0.181497 -0.193246 -0.204964 -0.216129 -0.226387 -0.235473 -0.243173 -0.249301 -0.253685 -0.256175 -0.256653 -0.255047 -0.251346 -0.245673 -0.238126 -0.228782 -0.217824 -0.205545 -0.191476 -0.175741 -0.158604 -0.140531 -0.122251 -0.10157 -0.0788211 -0.0543072 -0.0282919 -0.00102196 0.0266854 0.0540067 0.0806696 0.106363 0.130717 0.153284 0.173547 0.193661 0.212747 0.230217 0.245707 0.259646 0.271516 0.280956 0.287719 0.291762 0.293206 0.292128 0.288635 0.282864 0.274981 0.265178 0.253665 0.240695 0.226595 0.211815 0.197012 0.183136 0.171381 0.162156 0.155554 0.150966 0.147772 0.145521 0.143918 0.142767 0.141936 0.141335 0.140899 0.140584 0.140355 0.140187 0.140062 0.139963 0.139875 
-0.158862 -0.158892 -0.158928 -0.158976 -0.159046 -0.159151 -0.159309 -0.159544 -0.159891 -0.160402 -0.161148 -0.16223 -0.163798 -0.16607 -0.169366 -0.174109 -0.180699 -0.189381 -0.199665 -0.210666 -0.221661 -0.232134 -0.241722 -0.250148 -0.257187 -0.262645 -0.266345 -0.268132 -0.267891 -0.265553 -0.26111 -0.254693 -0.246402 -0.236334 -0.224697 -0.21181 -0.197127 -0.180788 -0.163073 -0.144455 -0.125631 -0.104382 -0.081016 -0.0558353 -0.029118 -0.00113086 0.0272988 0.0553374 0.0826903 0.109027 0.133961 0.157048 0.177798 0.198394 0.217989 0.235993 0.252029 0.266614 0.279208 0.289423 0.296989 0.301831 0.304056 0.303737 0.30098 0.295927 0.288751 0.279655 0.268859 0.256632 0.243314 0.229364 0.215424 0.20237 0.19122 0.182224 0.175562 0.170804 0.167427 0.165018 0.163287 0.162037 0.161131 0.160474 0.159996 0.159648 0.159395 0.15921 0.15907 0.15896 0.158862 
-0.179749 -0.179782 -0.179821 -0.179874 -0.179951 -0.180065 -0.180235 -0.180488 -0.180862 -0.18141 -0.182206 -0.183354 -0.185004 -0.187367 -0.190733 -0.195455 -0.201815 -0.209965 -0.219531 -0.229764 -0.239998 -0.249732 -0.258597 -0.266306 -0.272624 -0.27735 -0.2803 -0.281317 -0.280288 -0.277146 -0.271888 -0.264655 -0.255553 -0.2447 -0.232328 -0.218782 -0.203434 -0.186437 -0.168084 -0.148852 -0.129404 -0.107509 -0.0834484 -0.057524 -0.0300269 -0.00124388 0.0279867 0.0568196 0.0849374 0.111989 0.137576 0.161254 0.182566 0.203706 0.223865 0.24245 0.259077 0.274358 0.287734 0.29879 0.307227 0.31294 0.316022 0.316535 0.314586 0.31032 0.303917 0.29559 0.285571 0.274142 0.261654 0.24857 0.235508 0.223271 0.212723 0.204008 0.197356 0.192479 0.18895 0.1864 0.184551 0.183207 0.182228 0.181514 0.180994 0.180614 0.180337 0.180133 0.179979 0.179857 0.179749 
-0.202724 -0.20276 -0.202803 -0.20286 -0.202944 -0.203067 -0.203249 -0.20352 -0.203918 -0.204499 -0.205338 -0.206542 -0.208257 -0.210681 -0.214074 -0.218718 -0.224803 -0.232414 -0.24126 -0.250703 -0.260139 -0.269086 -0.277172 -0.284104 -0.289638 -0.293564 -0.295693 -0.295867 -0.293973 -0.28995 -0.283797 -0.275671 -0.265686 -0.25398 -0.240815 -0.226557 -0.210487 -0.192769 -0.17371 -0.153784 -0.133624 -0.110992 -0.086149 -0.0593933 -0.0310282 -0.00136054 0.0287595 0.0584737 0.0874411 0.115291 0.141612 0.165965 0.187923 0.209679 0.23046 0.24968 0.266946 0.282979 0.297199 0.309165 0.318548 0.32521 0.329229 0.330654 0.329591 0.326186 0.320628 0.313136 0.303958 0.293385 0.281776 0.269592 0.257426 0.246003 0.236062 0.227678 0.221102 0.21616 0.212517 0.209847 0.207892 0.206461 0.205412 0.204644 0.204082 0.203671 0.203369 0.203146 0.202978 0.202843 0.202724 
-0.227996 -0.228036 -0.228082 -0.228145 -0.228234 -0.228366 -0.22856 -0.228846 -0.229266 -0.229874 -0.23075 -0.231996 -0.233754 -0.236208 -0.239579 -0.244092 -0.249858 -0.256917 -0.265034 -0.273666 -0.282267 -0.290378 -0.297627 -0.303718 -0.308399 -0.311453 -0.312685 -0.311936 -0.309095 -0.304105 -0.296973 -0.287871 -0.276925 -0.264295 -0.250272 -0.235243 -0.218386 -0.199879 -0.180035 -0.159324 -0.138352 -0.114881 -0.0891542 -0.0614668 -0.0321333 -0.0014803 0.0296292 0.0603233 0.0902367 0.118978 0.146128 0.171251 0.193948 0.216402 0.237876 0.25779 0.275751 0.292595 0.307725 0.320674 0.331083 0.338779 0.34382 0.346245 0.346151 0.343688 0.33905 0.332467 0.324195 0.314536 0.303856 0.292608 0.281355 0.270751 0.261427 0.25342 0.246985 0.242037 0.238319 0.235556 0.233511 0.232002 0.230889 0.23007 0.229468 0.229026 0.2287 0.228458 0.228274 0.228127 0.227996 
-0.255796 -0.255839 -0.255889 -0.255956 -0.256051 -0.256191 -0.256395 -0.256695 -0.257132 -0.257762 -0.258663 -0.259935 -0.261712 -0.264159 -0.267463 -0.271789 -0.277193 -0.283683 -0.291061 -0.298859 -0.306587 -0.31381 -0.320164 -0.325347 -0.329102 -0.331206 -0.331459 -0.329701 -0.325823 -0.319775 -0.311573 -0.301405 -0.289413 -0.275783 -0.26083 -0.244965 -0.227251 -0.207875 -0.187156 -0.165556 -0.143659 -0.119233 -0.0925066 -0.0637723 -0.0333556 -0.00160255 0.0306104 0.0623964 0.093366 0.123109 0.151195 0.177196 0.200736 0.223982 0.246228 0.266906 0.285622 0.303342 0.319454 0.333466 0.344985 0.353804 0.359961 0.363476 0.364442 0.363008 0.359372 0.353773 0.346477 0.337795 0.328093 0.317817 0.307497 0.297719 0.28903 0.281444 0.275214 0.270317 0.26657 0.263743 0.261629 0.260054 0.258885 0.258019 0.25738 0.256908 0.256558 0.256298 0.256099 0.255939 0.255796 
-0.286375 -0.286422 -0.286476 -0.286547 -0.286648 -0.286794 -0.287007 -0.287317 -0.287766 -0.28841 -0.289324 -0.290605 -0.292373 -0.294774 -0.29796 -0.302048 -0.30705 -0.312949 -0.319571 -0.326511 -0.333327 -0.339611 -0.345008 -0.349213 -0.351967 -0.353037 -0.352223 -0.349364 -0.344353 -0.337148 -0.327777 -0.316447 -0.30332 -0.288605 -0.272645 -0.255873 -0.237221 -0.216884 -0.195186 -0.172581 -0.149631 -0.124117 -0.0962568 -0.066343 -0.034711 -0.00172658 0.0317199 0.0647263 0.0968786 0.127747 0.156894 0.183898 0.208398 0.232544 0.255653 0.277174 0.296713 0.315382 0.332553 0.347712 0.360432 0.37047 0.37784 0.382545 0.384668 0.384354 0.381807 0.377272 0.371026 0.363383 0.354711 0.345444 0.336078 0.327139 0.319105 0.311983 0.306018 0.301232 0.297503 0.294649 0.292487 0.290863 0.289647 0.288741 0.288068 0.287568 0.287196 0.286918 0.286704 0.28653 0.286375 
-0.320013 -0.320063 -0.32012 -0.320196 -0.320301 -0.320452 -0.320671 -0.320988 -0.321444 -0.322093 -0.323006 -0.324273 -0.326002 -0.328318 -0.331336 -0.335136 -0.339695 -0.344979 -0.350825 -0.356881 -0.362748 -0.368041 -0.372416 -0.375572 -0.377244 -0.377194 -0.375219 -0.371158 -0.364912 -0.356445 -0.345798 -0.333205 -0.318844 -0.302953 -0.285901 -0.268141 -0.248458 -0.227057 -0.20426 -0.180514 -0.156366 -0.129612 -0.100465 -0.0692182 -0.0362187 -0.00185166 0.0329782 0.067353 0.100834 0.132973 0.163325 0.191471 0.217067 0.242233 0.266311 0.288765 0.309205 0.328902 0.347219 0.363615 0.377633 0.388992 0.39768 0.40368 0.407061 0.407966 0.406599 0.403213 0.39809 0.391551 0.383962 0.375741 0.367351 0.359269 0.351914 0.3453 0.339657 0.335041 0.33138 0.328536 0.326355 0.324698 0.323448 0.32251 0.321808 0.321283 0.320891 0.320595 0.320366 0.32018 0.320013 
-0.357014 -0.357067 -0.357128 -0.357207 -0.357316 -0.357471 -0.357694 -0.358013 -0.358468 -0.359111 -0.360007 -0.361237 -0.362896 -0.365084 -0.367888 -0.371351 -0.375429 -0.380069 -0.385119 -0.390264 -0.395141 -0.399391 -0.402682 -0.404715 -0.40522 -0.403959 -0.400723 -0.395357 -0.387764 -0.377922 -0.365888 -0.35192 -0.336221 -0.319053 -0.300813 -0.281973 -0.261155 -0.238568 -0.214535 -0.189495 -0.163982 -0.135814 -0.105203 -0.0724456 -0.0379018 -0.00197696 0.0344097 0.0703244 0.105304 0.138882 0.170603 0.200055 0.226899 0.253223 0.278392 0.301883 0.323312 0.344128 0.363683 0.381415 0.396835 0.409622 0.419739 0.427143 0.431891 0.434118 0.434027 0.431876 0.427953 0.422584 0.416129 0.408992 0.401605 0.394401 0.387753 0.381688 0.376421 0.372033 0.368491 0.365696 0.363525 0.361858 0.360588 0.359627 0.358902 0.358357 0.357947 0.357635 0.357392 0.357193 0.357014 
-0.397715 -0.397771 -0.397835 -0.397917 -0.398029 -0.398186 -0.398409 -0.398725 -0.399172 -0.399797 -0.400658 -0.401828 -0.403384 -0.405404 -0.407947 -0.411028 -0.414587 -0.418556 -0.422786 -0.42699 -0.43084 -0.433996 -0.436139 -0.436973 -0.436228 -0.43366 -0.42906 -0.422276 -0.413221 -0.401885 -0.388342 -0.372881 -0.355728 -0.337173 -0.317639 -0.297614 -0.27554 -0.251628 -0.226201 -0.199689 -0.17262 -0.142837 -0.110556 -0.0760821 -0.0397884 -0.00210156 0.036044 0.0736986 0.110374 0.145586 0.17887 0.209812 0.238079 0.265722 0.292121 0.316768 0.339289 0.361325 0.382222 0.401397 0.418329 0.432659 0.444321 0.453247 0.459474 0.463129 0.464412 0.463584 0.46094 0.456805 0.451537 0.445522 0.439166 0.432862 0.42695 0.421473 0.416635 0.41253 0.409158 0.406454 0.404325 0.40267 0.401397 0.400423 0.399684 0.399123 0.398698 0.398372 0.398117 0.397906 0.397715 
-0.442487 -0.442546 -0.442612 -0.442696 -0.442809 -0.442965 -0.443185 -0.443493 -0.443923 -0.444517 -0.445326 -0.44641 -0.447831 -0.449644 -0.451885 -0.454543 -0.457547 -0.460818 -0.464203 -0.46744 -0.470225 -0.472238 -0.473171 -0.472732 -0.47065 -0.466678 -0.460608 -0.452292 -0.441652 -0.428694 -0.413516 -0.396434 -0.377701 -0.357634 -0.336684 -0.315356 -0.291887 -0.266489 -0.239482 -0.211295 -0.182449 -0.150819 -0.116629 -0.0801972 -0.0419124 -0.00222436 0.0379172 0.0775463 0.11615 0.153225 0.188295 0.220942 0.250833 0.279978 0.307769 0.333711 0.357439 0.380812 0.403166 0.423901 0.442464 0.458459 0.471788 0.482355 0.490177 0.49537 0.498128 0.498713 0.497424 0.494588 0.490555 0.4857 0.480401 0.475022 0.469876 0.465026 0.460663 0.456892 0.453738 0.451168 0.449114 0.447497 0.446237 0.445265 0.444519 0.443949 0.443513 0.443176 0.44291 0.442688 0.442487 
-0.491735 -0.491796 -0.491865 -0.49195 -0.492062 -0.492216 -0.492428 -0.492721 -0.493125 -0.493676 -0.494415 -0.495389 -0.496645 -0.498216 -0.500116 -0.502315 -0.504735 -0.507282 -0.509801 -0.512046 -0.513731 -0.514557 -0.514221 -0.512438 -0.508935 -0.503463 -0.495815 -0.485847 -0.473496 -0.458785 -0.441834 -0.422992 -0.40254 -0.380823 -0.358318 -0.33555 -0.310524 -0.283452 -0.254655 -0.224554 -0.193674 -0.159926 -0.123549 -0.084875 -0.0443154 -0.00234394 0.0400734 0.0819541 0.12276 0.161965 0.199082 0.233685 0.265434 0.296291 0.32566 0.353057 0.378127 0.40297 0.426913 0.449337 0.469659 0.487448 0.502571 0.514903 0.524439 0.531278 0.53561 0.537694 0.537835 0.536358 0.533608 0.529946 0.525731 0.521301 0.516948 0.512759 0.508913 0.505522 0.502633 0.500236 0.498291 0.496737 0.495511 0.494554 0.493812 0.493239 0.492797 0.492452 0.492177 0.491946 0.491735 
-0.545909 -0.545971 -0.54604 -0.546125 -0.546235 -0.546383 -0.546584 -0.546857 -0.547226 -0.547721 -0.548373 -0.549216 -0.550279 -0.551578 -0.553106 -0.554819 -0.556629 -0.558432 -0.560068 -0.5613 -0.56186 -0.561459 -0.559804 -0.556612 -0.551609 -0.544545 -0.535211 -0.523473 -0.509281 -0.492678 -0.47381 -0.453058 -0.430732 -0.407208 -0.38299 -0.358623 -0.331851 -0.302888 -0.272051 -0.239761 -0.206546 -0.170361 -0.131468 -0.0902185 -0.0470481 -0.00245836 0.042567 0.0870282 0.130359 0.172013 0.211483 0.248333 0.282213 0.31503 0.346193 0.375231 0.401799 0.428265 0.453945 0.4782 0.500422 0.520141 0.537189 0.551411 0.562777 0.57137 0.57737 0.581035 0.582673 0.582608 0.581183 0.578743 0.575633 0.572173 0.568637 0.565136 0.561842 0.558872 0.556288 0.554102 0.552297 0.550831 0.549659 0.548732 0.548005 0.547438 0.546995 0.546646 0.546365 0.546127 0.545909 
-0.6055 -0.605563 -0.605632 -0.605715 -0.605821 -0.60596 -0.606145 -0.606392 -0.606718 -0.607145 -0.607696 -0.608389 -0.609239 -0.610243 -0.611377 -0.612584 -0.61377 -0.614818 -0.615561 -0.615771 -0.615189 -0.613534 -0.61052 -0.605865 -0.599294 -0.590552 -0.579432 -0.565809 -0.549646 -0.531008 -0.51007 -0.487244 -0.462871 -0.437363 -0.411248 -0.385096 -0.35636 -0.32525 -0.292081 -0.257278 -0.22137 -0.182375 -0.140576 -0.096354 -0.0501724 -0.00256486 0.0454654 0.0929001 0.139143 0.183621 0.225808 0.265249 0.301581 0.336645 0.369856 0.400751 0.428998 0.457262 0.484849 0.511098 0.535371 0.557163 0.576271 0.592507 0.605814 0.61626 0.624014 0.629332 0.632523 0.633913 0.63384 0.632644 0.630653 0.628174 0.625471 0.62268 0.619964 0.617446 0.6152 0.613258 0.611621 0.610269 0.60917 0.608288 0.607587 0.607033 0.606596 0.606249 0.605965 0.605723 0.6055 
-0.67105 -0.671112 -0.67118 -0.67126 -0.671359 -0.671487 -0.671653 -0.671868 -0.672145 -0.672496 -0.672934 -0.673465 -0.674087 -0.674783 -0.675512 -0.676206 -0.676766 -0.677061 -0.676917 -0.676109 -0.674383 -0.671466 -0.667072 -0.660919 -0.65273 -0.642241 -0.629247 -0.613631 -0.595371 -0.574554 -0.551384 -0.526305 -0.499693 -0.471994 -0.443771 -0.415619 -0.38466 -0.351101 -0.315257 -0.277553 -0.23853 -0.196276 -0.151108 -0.103438 -0.0537647 -0.00265938 0.048853 0.0997332 0.149352 0.197105 0.242441 0.284882 0.324048 0.361699 0.397254 0.43026 0.460397 0.490666 0.520353 0.548775 0.575265 0.599281 0.620583 0.638951 0.654304 0.666688 0.676264 0.683287 0.688069 0.690939 0.692232 0.692282 0.69141 0.689913 0.688049 0.685975 0.683852 0.681806 0.679922 0.678249 0.676806 0.675588 0.67458 0.673759 0.673096 0.672565 0.672141 0.671799 0.671518 0.671275 0.67105 
-0.743155 -0.743215 -0.74328 -0.743355 -0.743447 -0.743561 -0.743704 -0.743883 -0.744105 -0.744375 -0.744694 -0.745057 -0.745448 -0.745835 -0.746163 -0.746355 -0.746302 -0.745866 -0.744859 -0.743061 -0.740217 -0.736055 -0.73029 -0.722633 -0.712802 -0.700524 -0.685591 -0.667892 -0.647419 -0.62428 -0.59871 -0.571183 -0.542115 -0.511991 -0.481411 -0.451004 -0.417517 -0.38115 -0.342218 -0.301152 -0.258503 -0.212452 -0.163355 -0.111663 -0.0579189 -0.00273596 0.0528352 0.107732 0.161286 0.212858 0.261864 0.307797 0.350252 0.390896 0.429148 0.464567 0.496842 0.529355 0.561366 0.592164 0.621051 0.647447 0.671075 0.691681 0.709161 0.723546 0.734986 0.743737 0.750119 0.754464 0.757111 0.758389 0.758616 0.758082 0.757044 0.755679 0.754149 0.752582 0.751073 0.749685 0.748452 0.747386 0.746485 0.745737 0.745123 0.744625 0.744221 0.743892 0.743617 0.743378 0.743155 
-0.82247 -0.822527 -0.822588 -0.822657 -0.822738 -0.822836 -0.822955 -0.823096 -0.823262 -0.823449 -0.82365 -0.823848 -0.824016 -0.824108 -0.824058 -0.823777 -0.823151 -0.822029 -0.820216 -0.817487 -0.813586 -0.808238 -0.801152 -0.792032 -0.780582 -0.766516 -0.749618 -0.729778 -0.706997 -0.681404 -0.653261 -0.623076 -0.591306 -0.558484 -0.525254 -0.492288 -0.455905 -0.416297 -0.373779 -0.328789 -0.281892 -0.231389 -0.177681 -0.121271 -0.0627511 -0.00278576 0.0575455 0.117153 0.175324 0.231376 0.284684 0.334707 0.381007 0.425135 0.46651 0.5047 0.53941 0.574449 0.609045 0.642449 0.673926 0.702861 0.728934 0.751862 0.771519 0.787925 0.801226 0.811684 0.819629 0.825404 0.829351 0.831803 0.833077 0.833462 0.833213 0.832528 0.83157 0.830471 0.829336 0.828238 0.827225 0.826322 0.82554 0.824877 0.824323 0.823866 0.82349 0.82318 0.822917 0.822687 0.82247 
-0.909718 -0.90977 -0.909825 -0.909886 -0.909955 -0.910036 -0.910129 -0.910233 -0.910343 -0.910452 -0.910543 -0.910592 -0.910558 -0.910387 -0.910003 -0.909306 -0.908176 -0.906451 -0.903928 -0.900375 -0.895532 -0.889117 -0.880828 -0.870354 -0.857379 -0.841597 -0.822772 -0.800787 -0.775644 -0.747487 -0.716604 -0.683534 -0.648783 -0.612942 -0.576711 -0.540818 -0.501088 -0.457707 -0.410988 -0.361378 -0.309465 -0.253701 -0.194545 -0.132561 -0.0684041 -0.00279577 0.0631518 0.128319 0.191941 0.253284 0.311675 0.366526 0.417357 0.465574 0.510596 0.551996 0.589499 0.627403 0.664889 0.701159 0.735436 0.767062 0.795675 0.820966 0.842794 0.861175 0.876264 0.888334 0.897737 0.904831 0.909969 0.913491 0.915715 0.916934 0.917406 0.917343 0.916912 0.91625 0.91547 0.914654 0.91386 0.913125 0.912468 0.911899 0.911414 0.911006 0.910667 0.910382 0.910138 0.909922 0.909718 
-1.00569 -1.00574 -1.00578 -1.00583 -1.00589 -1.00596 -1.00602 -1.00609 -1.00615 -1.00619 -1.00619 -1.00612 -1.00592 -1.00554 -1.00489 -1.00387 -1.00234 -1.00014 -0.99706 -0.992857 -0.987266 -0.97999 -0.970714 -0.959104 -0.944816 -0.927505 -0.906903 -0.882864 -0.855379 -0.824594 -0.79082 -0.754624 -0.716573 -0.677328 -0.637662 -0.598379 -0.554736 -0.506905 -0.455203 -0.400095 -0.342195 -0.280157 -0.214513 -0.145902 -0.0750505 -0.00274668 0.0698638 0.141631 0.211732 0.279373 0.34382 0.404426 0.460656 0.513729 0.563059 0.608226 0.648971 0.690158 0.730901 0.770336 0.807631 0.842083 0.873283 0.900902 0.924798 0.944998 0.961683 0.975157 0.985806 0.994012 1.00014 1.00456 1.00757 1.00949 1.01057 1.01103 1.01106 1.01078 1.01031 1.00976 1.00917 1.0086 1.00807 1.0076 1.00719 1.00684 1.00654 1.00629 1.00607 1.00587 1.00569 
-1.11126 -1.1113 -1.11134 -1.11138 -1.11142 -1.11147 -1.11151 -1.11155 -1.11158 -1.11157 -1.1115 -1.11134 -1.11103 -1.11052 -1.1097 -1.10848 -1.10671 -1.10423 -1.10081 -1.09623 -1.09019 -1.08239 -1.0725 -1.06015 -1.04495 -1.02649 -1.00445 -0.978622 -0.948948 -0.915559 -0.878782 -0.83921 -0.797481 -0.754348 -0.710685 -0.667404 -0.619091 -0.565912 -0.508196 -0.446439 -0.381302 -0.311702 -0.238267 -0.161726 -0.0828872 -0.00260971 0.0779342 0.157571 0.235416 0.31061 0.382348 0.449904 0.512664 0.571607 0.626124 0.675793 0.720373 0.765387 0.809848 0.852801 0.893342 0.930713 0.964456 0.994235 1.01992 1.0416 1.05949 1.07397 1.08548 1.09444 1.10124 1.10626 1.10982 1.11223 1.11375 1.11461 1.11497 1.11499 1.11479 1.11445 1.11405 1.11363 1.11322 1.11285 1.11252 1.11223 1.11199 1.11177 1.11159 1.11142 1.11126 
-1.22738 -1.22741 -1.22744 -1.22748 -1.22751 -1.22754 -1.22757 -1.22758 -1.22758 -1.22754 -1.22744 -1.22724 -1.2269 -1.22635 -1.2255 -1.22424 -1.22245 -1.21994 -1.21652 -1.21194 -1.20593 -1.19815 -1.18826 -1.17584 -1.16046 -1.14161 -1.11882 -1.09177 -1.0603 -1.0245 -0.984677 -0.941466 -0.895584 -0.847907 -0.799453 -0.751292 -0.697217 -0.6374 -0.57222 -0.502244 -0.428207 -0.349386 -0.266532 -0.180475 -0.0921041 -0.00234172 0.0876362 0.176655 0.26378 0.348089 0.428698 0.504783 0.57562 0.641851 0.702817 0.758057 0.807328 0.856936 0.905742 0.952658 0.99668 1.03699 1.07307 1.1046 1.1315 1.15394 1.1723 1.18707 1.19877 1.20789 1.21485 1.22003 1.22377 1.22637 1.22809 1.22914 1.2297 1.22992 1.22989 1.22972 1.22947 1.22918 1.22889 1.22862 1.22837 1.22815 1.22796 1.2278 1.22765 1.22751 1.22738 
-1.35512 -1.35514 -1.35516 -1.35518 -1.3552 -1.35522 -1.35524 -1.35524 -1.35523 -1.35518 -1.35509 -1.35491 -1.35461 -1.35413 -1.3534 -1.35232 -1.35078 -1.34861 -1.34564 -1.34164 -1.33635 -1.32945 -1.32058 -1.3093 -1.29509 -1.27728 -1.25514 -1.22801 -1.19558 -1.15783 -1.11506 -1.06791 -1.0172 -0.963962 -0.909419 -0.854896 -0.793224 -0.724684 -0.649817 -0.569358 -0.484175 -0.394026 -0.299792 -0.202395 -0.102775 -0.00187859 0.0991695 0.199249 0.29741 0.392701 0.484178 0.570917 0.652044 0.727733 0.797184 0.859785 0.915196 0.970658 1.02479 1.0763 1.12406 1.16719 1.20513 1.23757 1.26453 1.28636 1.30374 1.31746 1.32819 1.33648 1.34277 1.34745 1.35083 1.3532 1.35479 1.3558 1.35638 1.35665 1.35672 1.35665 1.35651 1.35634 1.35615 1.35597 1.35581 1.35566 1.35553 1.35541 1.35531 1.35521 1.35512 
-1.49563 -1.49565 -1.49566 -1.49567 -1.49568 -1.49568 -1.49569 -1.49569 -1.49568 -1.49565 -1.49559 -1.49549 -1.49531 -1.49502 -1.49458 -1.49392 -1.49296 -1.4916 -1.4897 -1.4871 -1.4836 -1.47896 -1.47287 -1.46493 -1.45459 -1.44095 -1.42227 -1.39727 -1.36541 -1.32662 -1.28117 -1.22969 -1.17301 -1.1123 -1.04899 -0.984773 -0.911594 -0.8304 -0.742205 -0.648024 -0.548852 -0.444995 -0.337387 -0.226944 -0.114563 -0.00113073 0.112377 0.224987 0.335821 0.443982 0.548558 0.648612 0.743182 0.831866 0.913624 0.987405 1.05221 1.11613 1.17741 1.23458 1.28643 1.33208 1.37096 1.40279 1.42765 1.44609 1.45942 1.46943 1.47704 1.48279 1.48708 1.49023 1.49249 1.49406 1.4951 1.49577 1.49615 1.49635 1.49641 1.4964 1.49633 1.49625 1.49616 1.49607 1.49599 1.49591 1.49584 1.49578 1.49573 1.49568 1.49563 
-1.6502 -1.6502 -1.6502 -1.6502 -1.6502 -1.6502 -1.6502 -1.6502 -1.6502 -1.6502 -1.6502 -1.6502 -1.6502 -1.6502 -1.6502 -1.6502 -1.6502 -1.6502 -1.6502 -1.6502 -1.6502 -1.6502 -1.6502 -1.6502 -1.6502 -1.64881 -1.63883 -1.61926 -1.59022 -1.55189 -1.50447 -1.44826 -1.38358 -1.3108 -1.23036 -1.14273 -1.04841 -0.947963 -0.84197 -0.731053 -0.615861 -0.497067 -0.375367 -0.251471 -0.126104 0 0.126104 0.251471 0.375367 0.497067 0.615861 0.731053 0.84197 0.947963 1.04841 1.14273 1.23036 1.3108 1.38358 1.44826 1.50447 1.55189 1.59022 1.61926 1.63883 1.64881 1.6502 1.6502 1.6502 1.6502 1.6502 1.6502 1.6502 1.6502 1.6502 1.6502 1.6502 1.6502 1.6502 1.6502 1.6502 1.6502 1.6502 1.6502 1.6502 1.6502 1.6502 1.6502 1.6502 1.6502 1.6502 
