ni
91

nj
38

x_vals
3.06177 2.8222 2.6044 2.40641 2.22642 2.06279 1.91403 1.7788 1.65586 1.5441 1.4425 1.35014 1.26617 1.18983 1.12044 1.05735 1 0.94386 0.888337 0.833548 0.77961 0.726642 0.674762 0.624087 0.574728 0.526796 0.480394 0.435622 0.392574 0.351338 0.311999 0.275733 0.241917 0.210055 0.180178 0.152327 0.12655 0.102907 0.0814665 0.0623056 0.0455072 0.0311586 0.0193481 0.0101632 0.00368768 0 -0.000754506 0.00156088 0.00699883 0.0156003 0.0273928 0.0423881 0.06058 0.0819421 0.106426 0.133959 0.164444 0.197759 0.233759 0.272276 0.312602 0.35389 0.397078 0.442004 0.488498 0.536387 0.585494 0.635637 0.686635 0.738301 0.790449 0.842888 0.895425 0.947862 1 1.05735 1.12044 1.18983 1.26617 1.35014 1.4425 1.5441 1.65586 1.7788 1.91403 2.06279 2.22642 2.40641 2.6044 2.8222 3.06177 
3.06177 2.82304 2.6058 2.40816 2.22838 2.06486 1.91615 1.78091 1.65792 1.54609 1.44439 1.35192 1.26783 1.19137 1.12184 1.05861 1.00112 0.944824 0.889133 0.834178 0.780078 0.726951 0.674915 0.624086 0.574574 0.526487 0.479929 0.435001 0.3918 0.350419 0.310952 0.274559 0.240623 0.208661 0.178714 0.15085 0.125061 0.101423 0.0801152 0.0609183 0.0440418 0.0296071 0.0177167 0.00846564 0.00194292 -0.00176573 -0.00250707 -0.000153393 0.00534168 0.0140144 0.0258852 0.0409521 0.0591754 0.0804045 0.104873 0.132403 0.162884 0.196256 0.232345 0.270974 0.311438 0.352883 0.39623 0.441318 0.487977 0.536032 0.585304 0.635614 0.686781 0.738622 0.79095 0.843579 0.896316 0.94896 1.00128 1.05874 1.12194 1.19145 1.2679 1.35197 1.44444 1.54612 1.65795 1.78093 1.91616 2.06487 2.22838 2.40816 2.6058 2.82304 3.06177 
3.06177 2.82397 2.60733 2.41007 2.23053 2.06714 1.91847 1.78322 1.66019 1.54827 1.44647 1.35388 1.26966 1.19306 1.12338 1.06 1.00234 0.945871 0.889996 0.834859 0.780581 0.72728 0.675074 0.624075 0.574394 0.526136 0.479406 0.434308 0.39094 0.3494 0.30979 0.273258 0.239192 0.207121 0.177099 0.149223 0.123423 0.0997927 0.0786122 0.0593767 0.042416 0.0278879 0.0159106 0.00658742 1.35301e-05 -0.00371761 -0.00444475 -0.00204941 0.00350801 0.0122585 0.0242144 0.0393587 0.0576159 0.0787148 0.103166 0.130693 0.161167 0.194597 0.230782 0.269534 0.310147 0.351766 0.395286 0.440552 0.487392 0.53563 0.585085 0.635577 0.68693 0.738961 0.791488 0.844323 0.897276 0.950143 1.00268 1.06026 1.12359 1.19323 1.2698 1.354 1.44657 1.54835 1.66025 1.78327 1.91851 2.06716 2.23054 2.41008 2.60733 2.82397 3.06177 
3.06177 2.82498 2.609 2.41217 2.23288 2.06964 1.92103 1.78577 1.66268 1.55067 1.44876 1.35604 1.27168 1.19492 1.12508 1.06152 1.00367 0.947005 0.89093 0.835594 0.781122 0.72763 0.675236 0.624051 0.574184 0.525738 0.478819 0.433533 0.389982 0.348267 0.308502 0.271817 0.237608 0.205421 0.17532 0.147432 0.12162 0.0979996 0.0769396 0.0576623 0.0406108 0.0259814 0.0139096 0.00450814 -0.00212116 -0.00587639 -0.00658822 -0.00414759 0.00147784 0.0103131 0.0223616 0.0375894 0.0558832 0.0768568 0.101286 0.12881 0.159276 0.192768 0.229054 0.267939 0.308715 0.350523 0.394235 0.439696 0.486736 0.535174 0.58483 0.635523 0.687079 0.739319 0.792062 0.845122 0.898309 0.951418 1.0042 1.06194 1.12541 1.19519 1.2719 1.35622 1.44891 1.5508 1.66277 1.78584 1.92108 2.06968 2.23291 2.41219 2.60901 2.82499 3.06177 
3.06177 2.82609 2.61083 2.41447 2.23547 2.07238 1.92383 1.78857 1.66542 1.55332 1.45129 1.35842 1.2739 1.19697 1.12695 1.0632 1.00512 0.948234 0.89194 0.836386 0.781701 0.728 0.675399 0.624009 0.573938 0.525286 0.478158 0.432665 0.388913 0.347007 0.307072 0.270218 0.235855 0.203542 0.173358 0.145459 0.119634 0.0960258 0.075077 0.0557542 0.0386049 0.0238658 0.0116914 0.0022048 -0.00448442 -0.00826538 -0.00896074 -0.00647091 -0.000771353 0.00815618 0.0203052 0.0356233 0.053957 0.0748121 0.0992176 0.126737 0.157192 0.190748 0.227144 0.266173 0.307126 0.349141 0.393062 0.438739 0.485998 0.534657 0.584533 0.635446 0.687226 0.739694 0.792673 0.845978 0.899419 0.952791 1.00584 1.06377 1.12741 1.19735 1.27421 1.35868 1.4515 1.55349 1.66555 1.78867 1.92391 2.07244 2.23551 2.41449 2.61084 2.82609 3.06177 
3.06177 2.82729 2.61282 2.41698 2.23831 2.07539 1.92691 1.79164 1.66844 1.55623 1.45407 1.36104 1.27635 1.19923 1.12901 1.06504 1.0067 0.949565 0.893029 0.837238 0.782319 0.728389 0.675561 0.623946 0.57365 0.52477 0.477413 0.431693 0.387719 0.345605 0.305482 0.268445 0.233913 0.201464 0.171194 0.143284 0.117445 0.0938507 0.0730013 0.0536284 0.0363739 0.0215161 0.00923032 -0.000348518 -0.00710244 -0.0109108 -0.0115885 -0.00904525 -0.00326498 0.00576301 0.0180211 0.0334365 0.051814 0.07256 0.0969392 0.124453 0.154896 0.188517 0.225032 0.264216 0.305361 0.347602 0.391753 0.437667 0.485167 0.534068 0.584186 0.635342 0.687366 0.740085 0.793321 0.846892 0.90061 0.954268 1.00762 1.06578 1.12961 1.19973 1.27676 1.36138 1.45434 1.55645 1.66861 1.79178 1.92702 2.07546 2.23835 2.41701 2.61284 2.82729 3.06177 
3.06177 2.8286 2.615 2.41973 2.24141 2.07869 1.9303 1.79502 1.67175 1.55944 1.45712 1.36393 1.27904 1.20172 1.13127 1.06706 1.00841 0.951003 0.894203 0.838151 0.782976 0.728794 0.675718 0.623855 0.573311 0.52418 0.476572 0.430602 0.386385 0.344042 0.303715 0.266476 0.23176 0.199166 0.168805 0.140885 0.115031 0.091451 0.0706863 0.0512579 0.03389 0.0189041 0.00649768 -0.00318112 -0.0100048 -0.0138424 -0.0145009 -0.0118998 -0.00603178 0.00310542 0.0154817 0.0310022 0.0494282 0.0700769 0.0944284 0.121937 0.152364 0.186054 0.222694 0.262045 0.303398 0.345886 0.390291 0.436464 0.484228 0.533397 0.583781 0.635202 0.687495 0.740488 0.794005 0.847867 0.901886 0.955856 1.00954 1.06798 1.13202 1.20234 1.27956 1.36435 1.45747 1.55971 1.67197 1.79519 1.93042 2.07878 2.24147 2.41977 2.61502 2.8286 3.06177 
3.06177 2.83002 2.61738 2.42273 2.24481 2.08231 1.93401 1.79874 1.67539 1.56296 1.46049 1.3671 1.28201 1.20445 1.13375 1.06926 1.01028 0.952558 0.895465 0.839128 0.783672 0.729214 0.675864 0.623729 0.572912 0.523505 0.475619 0.429375 0.384892 0.342299 0.301746 0.264287 0.229373 0.196623 0.166167 0.138237 0.112368 0.0887997 0.0681025 0.0486119 0.031122 0.0159977 0.00346071 -0.0063262 -0.0132249 -0.0170936 -0.0177316 -0.0150678 -0.00910433 0.000151491 0.0126557 0.0282896 0.0467699 0.0673356 0.0916594 0.119163 0.149572 0.183331 0.220105 0.259637 0.301215 0.343971 0.388653 0.435112 0.483168 0.532629 0.583307 0.63502 0.687607 0.7409 0.794724 0.848903 0.90325 0.957561 1.01162 1.07036 1.13466 1.2052 1.28263 1.36762 1.4609 1.56329 1.67566 1.79894 1.93416 2.08242 2.24488 2.42278 2.6174 2.83003 3.06177 
3.06177 2.83156 2.61996 2.42601 2.24852 2.08627 1.93808 1.80281 1.67939 1.56682 1.46418 1.37059 1.28526 1.20745 1.13646 1.07166 1.0123 0.954235 0.896819 0.840169 0.784405 0.729643 0.675992 0.623558 0.57244 0.52273 0.474539 0.427993 0.383219 0.340351 0.299552 0.261852 0.226724 0.193808 0.163253 0.135313 0.109425 0.0858656 0.065216 0.0456551 0.0280337 0.0127602 8.21824e-05 -0.0098215 -0.0168009 -0.0207025 -0.0213183 -0.0185867 -0.0125196 -0.00313514 0.00950744 0.0252638 0.0438054 0.0643054 0.088603 0.116101 0.146492 0.180322 0.217236 0.256962 0.298784 0.341832 0.386819 0.433591 0.481966 0.531751 0.58275 0.634783 0.687694 0.741314 0.795475 0.85 0.904704 0.959391 1.01387 1.07296 1.13755 1.20834 1.286 1.3712 1.46468 1.56723 1.67971 1.80305 1.93826 2.0864 2.24861 2.42607 2.61999 2.83157 3.06177 
3.06177 2.83323 2.62278 2.42959 2.25258 2.0906 1.94253 1.80727 1.68377 1.57107 1.46823 1.37441 1.28882 1.21073 1.13943 1.07427 1.01449 0.956041 0.898269 0.841274 0.785172 0.730077 0.676095 0.623331 0.571883 0.521838 0.473311 0.426434 0.381341 0.338173 0.297104 0.259142 0.223781 0.190688 0.16003 0.132078 0.10617 0.0826132 0.0619884 0.0423473 0.024584 0.00914982 -0.00368041 -0.01371 -0.0207758 -0.0247122 -0.0253043 -0.0224994 -0.01632 -0.00679599 0.00599621 0.0218849 0.0404963 0.0609506 0.0852258 0.11272 0.143089 0.176992 0.214056 0.25399 0.296075 0.339441 0.384761 0.431877 0.480603 0.530742 0.582095 0.634481 0.687745 0.741726 0.796254 0.851156 0.906251 0.96135 1.01628 1.07577 1.14069 1.21178 1.28969 1.37513 1.46882 1.57154 1.68415 1.80756 1.94275 2.09076 2.25268 2.42965 2.62281 2.83325 3.06177 
3.06177 2.83504 2.62583 2.43348 2.257 2.09534 1.94741 1.81216 1.68858 1.57572 1.47268 1.37861 1.29273 1.21432 1.14267 1.0771 1.01686 0.957983 0.899818 0.842443 0.78597 0.730508 0.676162 0.623035 0.571223 0.520809 0.471914 0.424673 0.379229 0.335734 0.294368 0.256121 0.22051 0.187229 0.156463 0.128497 0.102564 0.079001 0.0583756 0.0386422 0.0207257 0.00511849 -0.00787571 -0.0180408 -0.0251992 -0.0291722 -0.0297387 -0.0268546 -0.0205535 -0.0108785 0.00207528 0.0181071 0.0367989 0.0572303 0.0814894 0.108981 0.13933 0.173306 0.210528 0.250684 0.293054 0.336764 0.382448 0.429942 0.479053 0.529582 0.581324 0.634097 0.68775 0.742125 0.797055 0.852369 0.907893 0.963445 1.01888 1.07881 1.14411 1.21552 1.29374 1.37944 1.47335 1.57627 1.68901 1.81249 1.94766 2.09552 2.25712 2.43355 2.62587 2.83506 3.06177 
3.06177 2.83699 2.62914 2.43771 2.26182 2.10051 1.95274 1.81751 1.69384 1.58082 1.47755 1.3832 1.29701 1.21824 1.14619 1.08018 1.01942 0.960068 0.901466 0.843673 0.786791 0.730925 0.67618 0.622654 0.570439 0.519621 0.470319 0.42268 0.376852 0.332998 0.291308 0.25275 0.21687 0.183389 0.152511 0.124528 0.0985629 0.074981 0.0543269 0.0344869 0.0164044 0.000611073 -0.0125595 -0.0228702 -0.0301273 -0.0341391 -0.0346778 -0.0317083 -0.0252756 -0.0154374 -0.00230904 0.013878 0.0326628 0.0530969 0.0773495 0.104843 0.13517 0.169223 0.206611 0.247005 0.28968 0.333764 0.379846 0.427753 0.477288 0.528245 0.580415 0.633613 0.687694 0.7425 0.79787 0.853636 0.909629 0.965679 1.02167 1.0821 1.14782 1.21961 1.29815 1.38415 1.47832 1.58144 1.69434 1.81789 1.95302 2.10071 2.26196 2.43779 2.62918 2.83701 3.06177 
3.06177 2.8391 2.63272 2.4423 2.26707 2.10614 1.95856 1.82335 1.6996 1.58639 1.48287 1.38822 1.30168 1.22251 1.15002 1.08351 1.02218 0.9623 0.903214 0.84496 0.787627 0.731318 0.676132 0.622165 0.569509 0.518244 0.468497 0.420419 0.374171 0.329925 0.28788 0.248985 0.212816 0.179123 0.148125 0.12012 0.0941148 0.0704975 0.0497839 0.0298201 0.0115576 -0.00443606 -0.0177962 -0.0282629 -0.0356254 -0.0396776 -0.0401865 -0.0371248 -0.03055 -0.0205354 -0.00721858 0.00913704 0.0280302 0.0484955 0.072755 0.100256 0.130564 0.164696 0.202258 0.242906 0.28591 0.330398 0.376915 0.425275 0.475275 0.526702 0.579342 0.633008 0.687557 0.742837 0.798689 0.854951 0.911458 0.968057 1.02466 1.08564 1.15185 1.22405 1.30297 1.38929 1.48375 1.5871 1.70016 1.82378 1.95888 2.10637 2.26723 2.4424 2.63277 2.83912 3.06177 
3.06177 2.84136 2.63659 2.44728 2.27278 2.11228 1.9649 1.82974 1.70589 1.59249 1.48869 1.3937 1.30677 1.22716 1.15417 1.0871 1.02514 0.964682 0.905061 0.846297 0.788469 0.731671 0.675999 0.621547 0.568403 0.516647 0.466409 0.417851 0.371142 0.326467 0.284034 0.244775 0.208296 0.174377 0.143252 0.115216 0.0891592 0.0654855 0.044679 0.0245712 0.00611256 -0.0100965 -0.02366 -0.0342937 -0.0417682 -0.0458628 -0.0463394 -0.0431785 -0.0364501 -0.0262451 -0.0127249 0.00381457 0.0228342 0.0433622 0.067646 0.0951633 0.125456 0.15967 0.197416 0.238334 0.281693 0.326616 0.373606 0.422463 0.472973 0.524917 0.578074 0.632254 0.687319 0.743119 0.7995 0.856305 0.913378 0.97058 1.02785 1.08945 1.15619 1.22888 1.30821 1.3949 1.48967 1.59328 1.70652 1.83022 1.96526 2.11254 2.27295 2.44738 2.63665 2.84138 3.06177 
3.06177 2.84378 2.64076 2.45266 2.27896 2.11895 1.97181 1.83669 1.71275 1.59913 1.49504 1.39968 1.31231 1.2322 1.15866 1.09096 1.02832 0.967217 0.907003 0.847676 0.7893 0.731962 0.675755 0.620768 0.567087 0.51479 0.464013 0.414927 0.367715 0.322571 0.279714 0.24006 0.203248 0.169089 0.137826 0.10975 0.0836249 0.0598691 0.0389335 0.0186582 -1.47335e-05 -0.0164556 -0.0302372 -0.0410494 -0.0486426 -0.0527813 -0.0532229 -0.0499551 -0.0430613 -0.0326509 -0.0189108 -0.00217033 0.0169973 0.0376223 0.0619525 0.0894981 0.119782 0.154084 0.192023 0.23323 0.276968 0.322363 0.369868 0.419267 0.470337 0.522848 0.576574 0.631321 0.686952 0.743323 0.800285 0.857686 0.915381 0.973248 1.03124 1.09352 1.16088 1.2341 1.3139 1.40101 1.49613 1.60001 1.71344 1.83723 1.97221 2.11923 2.27916 2.45278 2.64082 2.84381 3.06177 
3.06177 2.84638 2.64524 2.45847 2.28566 2.12618 1.97931 1.84426 1.72021 1.60637 1.50194 1.40617 1.31832 1.23767 1.16351 1.09511 1.03172 0.969904 0.909034 0.849083 0.790102 0.732169 0.675371 0.619794 0.56552 0.512627 0.461257 0.411593 0.363829 0.318173 0.274853 0.234772 0.197603 0.163186 0.131773 0.103642 0.0774282 0.0535595 0.0324558 0.0119856 -0.00692232 -0.023613 -0.0376281 -0.0486305 -0.0563495 -0.0605342 -0.0609376 -0.0575549 -0.0504828 -0.0398508 -0.025873 -0.00891175 0.0104291 0.0311885 0.0555925 0.0831828 0.113468 0.147866 0.18601 0.227524 0.271669 0.317572 0.365637 0.415629 0.467312 0.520448 0.574799 0.630169 0.686423 0.743422 0.801023 0.85908 0.917459 0.976057 1.03485 1.09788 1.16592 1.23974 1.32007 1.40764 1.50315 1.60734 1.72098 1.84485 1.97976 2.1265 2.28587 2.4586 2.64531 2.8464 3.06177 
3.06177 2.84914 2.65005 2.46473 2.29289 2.13402 1.98745 1.85248 1.72832 1.61424 1.50945 1.41322 1.32483 1.24357 1.16872 1.09956 1.03533 0.972739 0.911142 0.850501 0.790851 0.732261 0.67481 0.618581 0.563654 0.510105 0.458083 0.407784 0.359415 0.313199 0.269374 0.228831 0.191279 0.156585 0.125004 0.0967978 0.07047 0.0464521 0.0251382 0.00444171 -0.0147248 -0.031685 -0.0459501 -0.0571552 -0.065007 -0.0692392 -0.0696011 -0.0660946 -0.0588305 -0.0479596 -0.0337242 -0.0165196 0.00302372 0.0239583 0.0484689 0.0761256 0.106427 0.140931 0.179294 0.221136 0.265719 0.312168 0.360841 0.411482 0.463837 0.517658 0.572697 0.628752 0.685693 0.743384 0.801687 0.860467 0.9196 0.979002 1.03867 1.10253 1.17132 1.24581 1.32674 1.41482 1.51077 1.6153 1.72917 1.85313 1.98794 2.13436 2.29312 2.46487 2.65013 2.84917 3.06177 
3.06177 2.85208 2.65519 2.47145 2.30068 2.14248 1.99626 1.86138 1.73712 1.62277 1.51758 1.42085 1.33187 1.24992 1.17431 1.1043 1.03917 0.975714 0.913314 0.851908 0.791518 0.7322 0.674028 0.617079 0.56143 0.507157 0.454418 0.403423 0.354392 0.307563 0.263187 0.222144 0.184178 0.149183 0.117413 0.0891076 0.0626329 0.038424 0.0168542 -0.00410442 -0.0235566 -0.0408082 -0.055341 -0.0667617 -0.0747536 -0.0790347 -0.0793513 -0.0757115 -0.0682406 -0.057112 -0.0425969 -0.0251229 -0.00534314 0.015811 0.0404669 0.0682178 0.0985547 0.133181 0.17178 0.213973 0.259025 0.306063 0.355397 0.406744 0.459837 0.514411 0.570207 0.627018 0.684714 0.743167 0.802245 0.861821 0.921785 0.982072 1.0427 1.10747 1.1771 1.25234 1.33393 1.42259 1.51902 1.62393 1.73804 1.86209 1.99679 2.14286 2.30094 2.4716 2.65527 2.85211 3.06177 
3.06177 2.8552 2.66067 2.47864 2.30906 2.1516 2.00578 1.87101 1.74664 1.632 1.52638 1.42909 1.33945 1.25674 1.18028 1.10935 1.04322 0.978817 0.915528 0.853275 0.792064 0.731941 0.67297 0.615224 0.558778 0.503708 0.45018 0.398419 0.348663 0.301163 0.256186 0.214601 0.176188 0.140863 0.108874 0.0804382 0.0537772 0.0293293 0.00745385 -0.0138074 -0.0335764 -0.0511438 -0.0659635 -0.0776133 -0.0857528 -0.0900842 -0.0903511 -0.0865677 -0.078874 -0.0674669 -0.0526472 -0.0348736 -0.0148185 0.00660378 0.0314501 0.05933 0.0897287 0.1245 0.163355 0.205926 0.251483 0.299156 0.349206 0.401325 0.455225 0.510626 0.567256 0.624899 0.68343 0.742724 0.802656 0.86311 0.923991 0.985251 1.04693 1.11269 1.18324 1.25933 1.34166 1.43096 1.52792 1.63325 1.74763 1.87177 2.00635 2.15201 2.30933 2.47881 2.66076 2.85524 3.06177 
3.06177 2.8585 2.6665 2.48633 2.31803 2.1614 2.01602 1.88139 1.75691 1.64196 1.53586 1.43797 1.34759 1.26404 1.18664 1.11469 1.04747 0.982029 0.917756 0.854565 0.792444 0.731427 0.671571 0.612944 0.555617 0.499666 0.44527 0.392668 0.342115 0.293881 0.248246 0.206072 0.167172 0.131481 0.0992377 0.0706309 0.0437365 0.018995 -0.00324064 -0.0248506 -0.0449719 -0.0628827 -0.0780103 -0.0899039 -0.0981987 -0.102582 -0.102794 -0.0988553 -0.0909213 -0.0792126 -0.0640601 -0.045952 -0.025577 -0.00383292 0.0212558 0.0493075 0.0798021 0.114746 0.153886 0.196867 0.242969 0.291327 0.342153 0.395115 0.4499 0.50621 0.563758 0.62232 0.681772 0.741994 0.80287 0.864294 0.926187 0.988516 1.05133 1.11819 1.18977 1.26678 1.34994 1.43996 1.53752 1.6433 1.75798 1.88221 2.01663 2.16184 2.31833 2.48651 2.6666 2.85853 3.06177 
3.06177 2.86197 2.67267 2.4945 2.32762 2.17189 2.02702 1.89255 1.76796 1.65267 1.54606 1.44748 1.3563 1.27182 1.19339 1.12031 1.05191 0.985321 0.919963 0.85573 0.792599 0.730591 0.669754 0.61015 0.551848 0.494924 0.43957 0.386043 0.334615 0.285575 0.23922 0.196401 0.156966 0.120865 0.0883209 0.059495 0.0323111 0.00721444 -0.0154418 -0.0374525 -0.0579671 -0.0762527 -0.0917115 -0.103865 -0.112323 -0.116758 -0.11691 -0.112804 -0.10461 -0.0925738 -0.077056 -0.0585728 -0.0378268 -0.0157016 0.0096891 0.0379643 0.0685979 0.103753 0.143214 0.186643 0.233336 0.282436 0.334106 0.387987 0.443742 0.501051 0.559611 0.619187 0.679658 0.740907 0.802827 0.865323 0.928331 0.991837 1.05591 1.12396 1.19666 1.2747 1.35878 1.44959 1.54781 1.65409 1.76909 1.89342 2.02767 2.17236 2.32793 2.49469 2.67277 2.862 3.06177 
3.06177 2.86561 2.67918 2.50317 2.33782 2.1831 2.03878 1.9045 1.7798 1.66415 1.55698 1.45766 1.36558 1.28009 1.20052 1.12621 1.0565 0.988659 0.9221 0.856713 0.79246 0.72935 0.667423 0.606735 0.547352 0.489353 0.432941 0.378394 0.326003 0.276076 0.228928 0.185402 0.145374 0.108805 0.0759042 0.0468003 0.0192612 -0.00626048 -0.0294045 -0.051875 -0.0728301 -0.0915265 -0.107343 -0.119773 -0.128403 -0.132892 -0.132976 -0.128688 -0.120213 -0.10782 -0.091899 -0.0729935 -0.0518182 -0.0292451 -0.00348437 0.0250763 0.0559024 0.0913187 0.131147 0.175072 0.222411 0.272315 0.324904 0.379789 0.436608 0.495018 0.554695 0.615392 0.676989 0.739375 0.802451 0.866134 0.930374 0.995173 1.06061 1.12998 1.20391 1.28309 1.36819 1.45988 1.55882 1.66566 1.781 1.90543 2.03947 2.18359 2.33815 2.50337 2.67929 2.86565 3.06177 
3.06177 2.86941 2.68602 2.51232 2.34863 2.19501 2.05132 1.91727 1.79246 1.67643 1.56863 1.4685 1.37544 1.28882 1.20801 1.13235 1.06122 0.991992 0.924107 0.857439 0.791939 0.727605 0.664465 0.602572 0.541989 0.482798 0.425217 0.369541 0.316087 0.265182 0.217157 0.172848 0.132155 0.0950497 0.0617205 0.0322679 0.00429697 -0.021729 -0.0454366 -0.0684339 -0.089884 -0.109033 -0.125237 -0.137963 -0.146776 -0.151318 -0.151327 -0.146841 -0.138059 -0.125275 -0.108908 -0.0895246 -0.0678529 -0.0447566 -0.0185478 0.0103717 0.0414562 0.0771962 0.117452 0.161934 0.209983 0.260767 0.314358 0.370344 0.428332 0.487954 0.548864 0.610803 0.673649 0.737296 0.801653 0.86665 0.932251 0.998472 1.0654 1.13621 1.2115 1.29193 1.37814 1.47081 1.57056 1.678 1.79371 1.91823 2.05204 2.19553 2.34898 2.51253 2.68613 2.86945 3.06177 
3.06177 2.87336 2.69317 2.52194 2.36005 2.20763 2.06464 1.93084 1.80593 1.68948 1.58102 1.48 1.38586 1.29801 1.21583 1.13869 1.066 0.995259 0.925907 0.857819 0.790931 0.725232 0.660742 0.597507 0.53559 0.475076 0.416196 0.359271 0.304638 0.252647 0.203647 0.158462 0.117016 0.0792875 0.045444 0.0155588 -0.0129334 -0.0395544 -0.0639119 -0.0875129 -0.109521 -0.129172 -0.145799 -0.158844 -0.16785 -0.172446 -0.172371 -0.167668 -0.15855 -0.145335 -0.128468 -0.108543 -0.0862976 -0.0625919 -0.0358453 -0.00648027 0.0249423 0.0610852 0.101845 0.14696 0.195801 0.247552 0.302244 0.359438 0.418714 0.479674 0.541949 0.605264 0.669497 0.734545 0.800324 0.866777 0.933881 1.00167 1.07023 1.14261 1.21939 1.30119 1.38864 1.48238 1.58301 1.69111 1.80723 1.93184 2.06538 2.20817 2.36041 2.52216 2.69329 2.87341 3.06177 
3.06177 2.87746 2.70063 2.53201 2.37205 2.22094 2.07871 1.94522 1.8202 1.70331 1.59412 1.49214 1.39682 1.30762 1.22393 1.14518 1.07079 0.99838 0.927406 0.857739 0.789307 0.722086 0.656089 0.591357 0.527952 0.465963 0.405639 0.347323 0.291377 0.238173 0.188079 0.141905 0.0995975 0.0611382 0.0266755 -0.00374239 -0.0328602 -0.0601807 -0.0852873 -0.109581 -0.132222 -0.152431 -0.169522 -0.182914 -0.192126 -0.196778 -0.196607 -0.191664 -0.182175 -0.168481 -0.151055 -0.130511 -0.107601 -0.083186 -0.0557977 -0.0258847 0.00597222 0.0426163 0.083977 0.129823 0.179555 0.232379 0.288287 0.346816 0.407514 0.469957 0.533746 0.59859 0.664364 0.73097 0.798331 0.866399 0.935167 1.00468 1.07503 1.14913 1.22754 1.31084 1.39965 1.49456 1.59616 1.70498 1.82153 1.94624 2.07948 2.22149 2.37242 2.53224 2.70075 2.8775 3.06177 
3.06177 2.88169 2.70835 2.5425 2.3846 2.23491 2.09352 1.96036 1.83525 1.7179 1.60792 1.50488 1.40828 1.31759 1.23227 1.15176 1.0755 1.00125 0.928485 0.857064 0.786909 0.717987 0.650305 0.583899 0.51883 0.455192 0.393253 0.33338 0.275962 0.221394 0.170061 0.122759 0.0794539 0.0401318 0.00492267 -0.0261466 -0.0560126 -0.0841543 -0.110126 -0.135216 -0.158577 -0.179414 -0.19702 -0.210789 -0.220223 -0.224931 -0.224652 -0.219442 -0.20954 -0.19531 -0.17725 -0.155996 -0.132315 -0.107075 -0.0789228 -0.0483407 -0.0159336 0.0213329 0.063418 0.110118 0.160866 0.214895 0.272157 0.332168 0.394446 0.458535 0.524009 0.590557 0.65805 0.726392 0.795513 0.865377 0.935985 1.00739 1.07971 1.1557 1.23589 1.32084 1.41113 1.50733 1.60998 1.71959 1.8366 1.96141 2.0943 2.23547 2.38497 2.54273 2.70848 2.88173 3.06177 
3.06177 2.88602 2.71632 2.55337 2.39766 2.24949 2.10902 1.97625 1.85105 1.73319 1.62237 1.51818 1.42018 1.32788 1.24077 1.15832 1.08003 1.00375 0.928998 0.855625 0.783546 0.71272 0.643148 0.574862 0.507925 0.442436 0.37868 0.317055 0.257975 0.201858 0.149107 0.100503 0.0560325 0.0156848 -0.0204251 -0.0522876 -0.0830472 -0.112154 -0.139127 -0.165138 -0.189323 -0.21087 -0.229052 -0.243238 -0.252915 -0.25768 -0.257277 -0.251766 -0.241401 -0.226564 -0.207779 -0.185706 -0.161129 -0.134924 -0.105863 -0.0744676 -0.0413705 -0.00333219 0.0396314 0.0873423 0.139266 0.194661 0.253448 0.315116 0.37916 0.445087 0.512443 0.580895 0.650309 0.720591 0.791677 0.863538 0.936187 1.00969 1.08416 1.16221 1.24435 1.33111 1.42302 1.52063 1.62443 1.73489 1.8524 1.97729 2.10981 2.25005 2.39804 2.55361 2.71645 2.88607 3.06177 
3.06177 2.89046 2.72451 2.56458 2.41118 2.26464 2.12516 1.99281 1.86753 1.74915 1.63741 1.53198 1.43245 1.33839 1.24933 1.16476 1.08423 1.00572 0.928764 0.853216 0.778983 0.70602 0.634322 0.563919 0.494875 0.427294 0.361484 0.29787 0.236895 0.179002 0.124612 0.0744894 0.028642 -0.0129326 -0.0501317 -0.0829584 -0.114786 -0.14503 -0.17317 -0.200248 -0.225384 -0.247744 -0.266575 -0.281228 -0.291171 -0.295996 -0.295449 -0.289598 -0.278705 -0.263175 -0.243555 -0.22053 -0.194903 -0.167566 -0.137424 -0.10504 -0.0710837 -0.0320895 0.0119459 0.0608659 0.114167 0.171135 0.231654 0.295198 0.361228 0.429221 0.49869 0.569279 0.640849 0.713305 0.786587 0.860675 0.935591 1.0114 1.08824 1.16856 1.25283 1.34156 1.43525 1.53439 1.63944 1.75082 1.86887 1.99385 2.12594 2.26519 2.41155 2.56481 2.72463 2.8905 3.06177 
3.06177 2.89496 2.73286 2.57607 2.42509 2.28028 2.14188 2.00999 1.88463 1.76569 1.65296 1.54619 1.44501 1.34903 1.25782 1.17094 1.08794 1.00697 0.927564 0.849585 0.772936 0.697566 0.623466 0.550667 0.479232 0.409274 0.341121 0.27523 0.212073 0.15212 0.0958121 0.0438981 -0.00358958 -0.0466414 -0.0851614 -0.119161 -0.15227 -0.183862 -0.213367 -0.241695 -0.267937 -0.291234 -0.310808 -0.325989 -0.33623 -0.341117 -0.340403 -0.334159 -0.32266 -0.306329 -0.285738 -0.261597 -0.234732 -0.20606 -0.174624 -0.141039 -0.106014 -0.0658362 -0.0204858 0.0298955 0.0848313 0.143633 0.20615 0.271835 0.340123 0.410456 0.482312 0.555313 0.629311 0.704211 0.779958 0.856535 0.933974 1.01235 1.09179 1.17459 1.26121 1.3521 1.44772 1.54853 1.65495 1.76731 1.88593 2.011 2.14263 2.28082 2.42546 2.5763 2.73298 2.89501 3.06177 
3.06177 2.89952 2.74134 2.58779 2.43934 2.29634 2.15908 2.0277 1.90226 1.78273 1.66895 1.56072 1.45773 1.35966 1.26611 1.17668 1.09097 1.00726 0.925129 0.844425 0.765054 0.686962 0.610137 0.534609 0.460445 0.387763 0.316914 0.248389 0.182692 0.120321 0.0617408 0.00768877 -0.0417727 -0.0866162 -0.126746 -0.162178 -0.196832 -0.230032 -0.261153 -0.290954 -0.318495 -0.342885 -0.363319 -0.379106 -0.389685 -0.394638 -0.393726 -0.387025 -0.37482 -0.357553 -0.33582 -0.310358 -0.282023 -0.251761 -0.218768 -0.183716 -0.147365 -0.105717 -0.0587438 -0.00657912 0.0503222 0.111293 0.176144 0.244307 0.315187 0.388194 0.462769 0.538507 0.615257 0.69292 0.771441 0.850812 0.931067 1.01229 1.09461 1.18015 1.26933 1.36258 1.46033 1.56296 1.67085 1.78429 1.90351 2.02867 2.1598 2.29686 2.43969 2.58801 2.74146 2.89957 3.06177 
3.06177 2.90411 2.74992 2.59968 2.45384 2.31275 2.17669 2.04585 1.92035 1.80018 1.68526 1.57545 1.4705 1.37014 1.27402 1.18179 1.09308 1.00632 0.921132 0.83736 0.754908 0.673721 0.593786 0.51513 0.437824 0.36199 0.288008 0.2164 0.147709 0.0824633 0.0211573 -0.0354771 -0.0873394 -0.134375 -0.176483 -0.213675 -0.250208 -0.285346 -0.318397 -0.349956 -0.379039 -0.404718 -0.426159 -0.442649 -0.453616 -0.458641 -0.457493 -0.450253 -0.437216 -0.418842 -0.395751 -0.36871 -0.338612 -0.306438 -0.271554 -0.234699 -0.196694 -0.15321 -0.104221 -0.0498575 0.00943712 0.0730098 0.140628 0.211698 0.285593 0.361688 0.439386 0.518259 0.598146 0.678947 0.760611 0.84313 0.926545 1.01094 1.09645 1.18502 1.27703 1.37288 1.47293 1.57755 1.68704 1.80164 1.92151 2.04676 2.17736 2.31323 2.45417 2.59989 2.75003 2.90416 3.06177 
3.06177 2.90871 2.75854 2.61168 2.46852 2.32941 2.19461 2.06436 1.93878 1.81794 1.7018 1.59027 1.48318 1.3803 1.28135 1.18601 1.09397 1.00381 0.915175 0.827928 0.741968 0.657238 0.573724 0.491453 0.410496 0.330981 0.253312 0.178051 0.105781 0.0370703 -0.0275507 -0.0873462 -0.142165 -0.191915 -0.236476 -0.275854 -0.314699 -0.352203 -0.387592 -0.421272 -0.452207 -0.479424 -0.502057 -0.519372 -0.530788 -0.53589 -0.534457 -0.526576 -0.512549 -0.492851 -0.468127 -0.439178 -0.406938 -0.372436 -0.335228 -0.296136 -0.256051 -0.210259 -0.158739 -0.101635 -0.0393868 0.0273552 0.0983036 0.172834 0.250284 0.329989 0.411316 0.493809 0.577303 0.661697 0.746941 0.833031 0.92001 1.00797 1.09703 1.18896 1.2841 1.38281 1.48541 1.5922 1.70342 1.81927 1.93985 2.06519 2.19523 2.32985 2.46882 2.61187 2.75865 2.90876 3.06177 
3.06177 2.91331 2.76718 2.62374 2.48333 2.34625 2.21278 2.08314 1.95749 1.83592 1.71846 1.60507 1.49563 1.38998 1.28788 1.18909 1.0933 0.99931 0.906773 0.815558 0.72557 0.63675 0.549081 0.46259 0.377345 0.293477 0.211414 0.131763 0.0551523 -0.0178004 -0.0865151 -0.15024 -0.208756 -0.261914 -0.309566 -0.351697 -0.393432 -0.433868 -0.472132 -0.508408 -0.541592 -0.570661 -0.594716 -0.613004 -0.624944 -0.630127 -0.628347 -0.619695 -0.604479 -0.583185 -0.55648 -0.525198 -0.490322 -0.452944 -0.412839 -0.370929 -0.328197 -0.279465 -0.22473 -0.16416 -0.0982127 -0.0275488 0.0474737 0.126189 0.207892 0.291877 0.37747 0.46419 0.551872 0.640416 0.729774 0.819946 0.910978 1.00296 1.09602 1.19171 1.29033 1.39221 1.49761 1.60677 1.7199 1.8371 1.95843 2.08387 2.21333 2.34664 2.4836 2.62391 2.76728 2.91335 3.06177 
3.06177 2.91789 2.77581 2.63583 2.49822 2.36324 2.23115 2.10215 1.97641 1.85407 1.73518 1.61975 1.50773 1.399 1.2934 1.19071 1.09071 0.992343 0.895329 0.799536 0.704872 0.611277 0.518731 0.427254 0.33691 0.247823 0.16045 0.0754398 -0.00652211 -0.0847555 -0.158615 -0.227313 -0.29054 -0.348065 -0.399687 -0.445356 -0.490779 -0.534927 -0.576789 -0.616287 -0.652231 -0.683544 -0.709295 -0.728729 -0.741271 -0.746534 -0.744328 -0.734749 -0.718101 -0.694874 -0.665747 -0.631586 -0.593423 -0.552429 -0.508639 -0.46311 -0.416947 -0.364401 -0.305506 -0.240479 -0.169818 -0.0942153 -0.014122 0.0697402 0.156615 0.245747 0.336425 0.428144 0.520745 0.614136 0.708274 0.803164 0.898853 0.995432 1.09303 1.19295 1.29549 1.4009 1.50941 1.6212 1.7364 1.85506 1.97721 2.10276 2.2316 2.36357 2.49844 2.63597 2.77589 2.91792 3.06177 
3.06177 2.92244 2.78443 2.64793 2.51317 2.38036 2.2497 2.12138 1.99557 1.8724 1.75196 1.6343 1.51942 1.40724 1.29768 1.19057 1.08573 0.982322 0.880099 0.778947 0.678775 0.579525 0.48117 0.383718 0.28722 0.191784 0.0978856 0.00622523 -0.0824484 -0.167378 -0.247832 -0.322969 -0.392349 -0.455621 -0.512495 -0.56285 -0.613122 -0.662093 -0.708555 -0.752101 -0.791442 -0.825454 -0.853202 -0.873952 -0.887165 -0.892488 -0.889761 -0.879076 -0.860723 -0.835173 -0.803095 -0.76536 -0.723046 -0.677409 -0.628813 -0.578501 -0.527761 -0.470128 -0.405712 -0.33482 -0.258024 -0.17608 -0.0895595 0.000744184 0.0940123 0.189438 0.286267 0.383984 0.482446 0.581578 0.681349 0.781769 0.882889 0.984793 1.0876 1.19238 1.29937 1.40877 1.52076 1.63546 1.75293 1.87319 1.99619 2.12186 2.25006 2.38061 2.51335 2.64804 2.78449 2.92247 3.06177 
3.06177 2.92698 2.79304 2.66007 2.52823 2.39766 2.26852 2.14095 2.01509 1.89105 1.76895 1.64884 1.53076 1.4147 1.3006 1.18838 1.07789 0.968539 0.860133 0.752573 0.645781 0.539699 0.434293 0.329553 0.225499 0.122206 0.0201584 -0.0798921 -0.177128 -0.270709 -0.359807 -0.443509 -0.5212 -0.592349 -0.656501 -0.713388 -0.770355 -0.82583 -0.878293 -0.926925 -0.970369 -1.00751 -1.03749 -1.05965 -1.07354 -1.07887 -1.07551 -1.06356 -1.04325 -1.015 -0.979417 -0.937308 -0.889736 -0.838019 -0.782919 -0.725973 -0.668811 -0.604078 -0.532042 -0.453179 -0.368191 -0.277933 -0.183121 -0.0846249 0.0166733 0.119915 0.224311 0.329343 0.43491 0.540967 0.647503 0.754538 0.862118 0.970322 1.07925 1.18969 1.30182 1.41579 1.53171 1.64965 1.76962 1.8916 2.01552 2.14128 2.26876 2.39783 2.52835 2.66015 2.79308 2.927 3.06177 
3.06177 2.93153 2.80169 2.67232 2.5435 2.4153 2.2878 2.16109 2.03525 1.91036 1.7865 1.66371 1.54206 1.42155 1.30218 1.1839 1.06666 0.950109 0.83414 0.718687 0.603695 0.489118 0.374921 0.261073 0.147551 0.0343735 -0.0779771 -0.188708 -0.296961 -0.40186 -0.502522 -0.597999 -0.687487 -0.770201 -0.845401 -0.912499 -0.9796 -1.0442 -1.1044 -1.15906 -1.207 -1.24733 -1.27942 -1.30281 -1.3172 -1.32239 -1.31832 -1.30505 -1.28274 -1.25168 -1.21232 -1.16525 -1.11132 -1.05169 -0.987423 -0.920402 -0.853145 -0.777568 -0.694284 -0.604065 -0.507801 -0.406438 -0.300812 -0.191822 -0.0803617 0.0326958 0.146539 0.260665 0.375038 0.489661 0.604548 0.719722 0.83522 0.951096 1.06742 1.18463 1.30284 1.42214 1.54257 1.66414 1.78685 1.91064 2.03547 2.16126 2.28792 2.41539 2.54356 2.67236 2.80171 2.93154 3.06177 
3.06177 2.93612 2.81048 2.68484 2.5592 2.43356 2.30791 2.18227 2.05663 1.93099 1.80535 1.6797 1.55406 1.42842 1.30278 1.17714 1.05149 0.925852 0.80021 0.674568 0.548925 0.423283 0.297641 0.171999 0.0463573 -0.0792658 -0.204411 -0.328373 -0.450431 -0.56988 -0.686027 -0.798199 -0.905746 -1.00805 -1.1045 -1.19456 -1.2777 -1.35343 -1.42133 -1.48098 -1.53206 -1.57426 -1.60734 -1.6311 -1.64542 -1.6502 -1.64542 -1.6311 -1.60734 -1.57426 -1.53206 -1.48098 -1.42133 -1.35343 -1.2777 -1.19456 -1.1045 -1.00805 -0.905746 -0.798199 -0.686027 -0.56988 -0.450431 -0.328373 -0.204411 -0.0792658 0.0463573 0.171999 0.297641 0.423283 0.548925 0.674568 0.80021 0.925852 1.05149 1.17714 1.30278 1.42842 1.55406 1.6797 1.80535 1.93099 2.05663 2.18227 2.30791 2.43356 2.5592 2.68484 2.81048 2.93612 3.06177 

y_vals
0 0 0 0 0 0 0 0 0 0 0 0 0 0 0 0 1.70794e-16 -0.0349847 -0.0676438 -0.0981132 -0.126474 -0.152754 -0.176924 -0.19891 -0.218598 -0.235844 -0.250486 -0.262357 -0.271299 -0.27717 -0.27986 -0.279413 -0.276123 -0.269952 -0.260882 -0.248947 -0.234223 -0.216823 -0.196889 -0.174585 -0.150083 -0.123553 -0.0951556 -0.0650292 -0.033285 0 0.0336751 0.0665772 0.0985914 0.129545 0.159212 0.187326 0.213587 0.237673 0.259256 0.278012 0.293636 0.305848 0.314406 0.319113 0.319847 0.316944 0.310565 0.300784 0.287709 0.271466 0.252193 0.230028 0.205093 0.177486 0.14727 0.114466 0.079046 0.0409327 -1.61731e-16 0 0 0 0 0 0 0 0 0 0 0 0 0 0 0 0 
-0.005 -0.00500716 -0.00501518 -0.00502527 -0.00503858 -0.00505642 -0.0050804 -0.00511269 -0.00515624 -0.00521531 -0.00529623 -0.00540906 -0.00557107 -0.00581561 -0.00621989 -0.00702932 -0.00974272 -0.0418413 -0.0734055 -0.103262 -0.131201 -0.157148 -0.181036 -0.202768 -0.222216 -0.239231 -0.253646 -0.265291 -0.274005 -0.279647 -0.282111 -0.281449 -0.27794 -0.271551 -0.262276 -0.250174 -0.235305 -0.217796 -0.197922 -0.175555 -0.150943 -0.124277 -0.0957246 -0.065432 -0.0335159 -6.16355e-05 0.0337831 0.0668585 0.0990416 0.130153 0.159959 0.188183 0.214501 0.238502 0.260191 0.279092 0.294885 0.307313 0.316106 0.321059 0.322044 0.319379 0.313231 0.303679 0.290831 0.274818 0.255784 0.233873 0.209217 0.181932 0.152112 0.119838 0.0852237 0.048616 0.0116115 0.00772525 0.00662578 0.00608761 0.00576474 0.00555118 0.00540207 0.00529453 0.00521544 0.00515658 0.00511252 0.00507946 0.00505464 0.00503594 0.00502166 0.00501023 0.005 
-0.0105 -0.010515 -0.0105317 -0.0105528 -0.0105806 -0.0106178 -0.0106679 -0.0107352 -0.010826 -0.0109491 -0.0111176 -0.0113524 -0.0116891 -0.012196 -0.0130293 -0.0146653 -0.0195941 -0.0492235 -0.0796931 -0.108903 -0.136385 -0.161973 -0.185553 -0.207006 -0.226192 -0.242954 -0.257119 -0.268516 -0.27698 -0.282372 -0.284588 -0.283689 -0.27994 -0.273312 -0.263814 -0.251531 -0.236506 -0.218884 -0.199059 -0.176621 -0.151889 -0.125072 -0.0963504 -0.0658748 -0.0337695 -0.000128816 0.0339028 0.0671689 0.0995378 0.130822 0.160781 0.189125 0.215507 0.239432 0.261232 0.280289 0.296264 0.308928 0.317978 0.323199 0.32446 0.322057 0.316162 0.306861 0.294262 0.278503 0.259731 0.238098 0.213747 0.186812 0.157419 0.125711 0.0919339 0.0567796 0.0229484 0.0160764 0.0138674 0.0127606 0.012092 0.0116485 0.0113383 0.0111144 0.0109495 0.0108268 0.0107349 0.010666 0.0106142 0.0105751 0.0105453 0.0105214 0.0105 
-0.01655 -0.0165735 -0.0165998 -0.0166328 -0.0166763 -0.0167346 -0.0168129 -0.0169182 -0.0170601 -0.0172525 -0.0175156 -0.0178819 -0.0184062 -0.0191933 -0.0204783 -0.0229473 -0.0296752 -0.0571775 -0.0865518 -0.11508 -0.142073 -0.16727 -0.190514 -0.211662 -0.230561 -0.247045 -0.260938 -0.272061 -0.280252 -0.285368 -0.287313 -0.286154 -0.282141 -0.275254 -0.265513 -0.253035 -0.237841 -0.2201 -0.200311 -0.177794 -0.152929 -0.125948 -0.0970387 -0.0663617 -0.034048 -0.000201993 0.0340354 0.0675115 0.100085 0.13156 0.161686 0.190162 0.216615 0.240475 0.262392 0.281617 0.297789 0.310708 0.320038 0.325554 0.327116 0.325 0.319385 0.310359 0.298035 0.282553 0.264068 0.242739 0.218721 0.192167 0.163236 0.13213 0.0992205 0.0654788 0.0342635 0.0250883 0.0217739 0.0200714 0.0190346 0.0183444 0.0178607 0.017511 0.0172535 0.0170617 0.0169179 0.01681 0.0167289 0.0166678 0.016621 0.0165835 0.01655 
-0.023205 -0.0232377 -0.0232744 -0.0233204 -0.023381 -0.0234621 -0.0235709 -0.0237173 -0.0239145 -0.0241816 -0.0245466 -0.0250541 -0.0257792 -0.0268638 -0.02862 -0.0319159 -0.0400904 -0.0657506 -0.0940298 -0.121843 -0.148309 -0.173083 -0.195962 -0.216777 -0.235362 -0.251542 -0.265135 -0.275959 -0.283849 -0.288665 -0.290312 -0.288866 -0.284565 -0.277394 -0.267391 -0.254702 -0.239327 -0.221458 -0.201691 -0.179085 -0.154074 -0.126911 -0.0977959 -0.0668971 -0.0343539 -0.000281648 0.0341824 0.0678898 0.100688 0.132372 0.162683 0.191303 0.217837 0.241645 0.263685 0.283092 0.299476 0.312671 0.322307 0.328144 0.330036 0.328236 0.322929 0.314205 0.302182 0.287005 0.268834 0.247837 0.224183 0.198042 0.169608 0.139143 0.107131 0.0747656 0.0457385 0.0347945 0.030397 0.0280766 0.02665 0.0256961 0.0250261 0.0245412 0.0241836 0.0239171 0.0237172 0.0235671 0.0234543 0.0233692 0.023304 0.0232518 0.023205 
-0.0305255 -0.0305683 -0.0306162 -0.0306764 -0.0307554 -0.0308611 -0.031003 -0.0311937 -0.0314505 -0.0317979 -0.0322724 -0.0329311 -0.03387 -0.0352682 -0.0375111 -0.0416139 -0.0509351 -0.0749923 -0.102179 -0.129243 -0.155147 -0.179463 -0.201943 -0.222395 -0.240636 -0.256483 -0.269748 -0.280245 -0.287806 -0.292291 -0.293611 -0.291851 -0.287234 -0.279754 -0.269467 -0.256551 -0.240981 -0.222976 -0.203211 -0.180505 -0.155334 -0.127971 -0.0986292 -0.067486 -0.03469 -0.000368288 0.0343457 0.0683077 0.101353 0.133268 0.16378 0.19256 0.219184 0.242958 0.265128 0.28473 0.301342 0.314836 0.324805 0.330994 0.333246 0.331794 0.326824 0.318433 0.306741 0.291898 0.274071 0.253438 0.230179 0.204487 0.176587 0.146801 0.115714 0.0846915 0.0575171 0.0452307 0.0397914 0.0368366 0.0350002 0.0337661 0.0328969 0.0322666 0.0318014 0.0314544 0.031194 0.0309984 0.0308512 0.0307401 0.030655 0.0305867 0.0305255 
-0.0385781 -0.0386318 -0.038692 -0.0387673 -0.0388664 -0.0389987 -0.0391762 -0.0394146 -0.0397353 -0.040169 -0.0407606 -0.0415804 -0.0427456 -0.0444721 -0.0472118 -0.0520876 -0.0623005 -0.0849552 -0.111056 -0.137337 -0.162642 -0.186463 -0.208511 -0.228566 -0.246431 -0.261914 -0.274819 -0.284957 -0.292157 -0.29628 -0.297243 -0.295137 -0.290175 -0.282359 -0.271764 -0.258604 -0.242825 -0.224673 -0.20489 -0.18207 -0.156721 -0.129138 -0.0995461 -0.0681337 -0.0350592 -0.000462451 0.0345271 0.0687695 0.102087 0.134255 0.164989 0.193945 0.220671 0.244431 0.266741 0.286551 0.303409 0.317225 0.327557 0.33413 0.336777 0.335706 0.331107 0.323081 0.311753 0.297275 0.279825 0.259589 0.236761 0.211554 0.184228 0.155159 0.125025 0.09531 0.0697219 0.0564367 0.0500147 0.0464166 0.0441527 0.0426223 0.0415409 0.0407553 0.0401747 0.0397411 0.0394156 0.0391707 0.0389865 0.0388473 0.0387406 0.0386549 0.0385781 
-0.0474359 -0.0475015 -0.0475749 -0.0476667 -0.0477873 -0.0479483 -0.0481641 -0.0484536 -0.048843 -0.0493688 -0.0500851 -0.0510757 -0.0524791 -0.0545462 -0.0577868 -0.0633886 -0.0742764 -0.0956959 -0.120721 -0.146189 -0.170854 -0.194143 -0.215721 -0.235344 -0.252798 -0.267883 -0.280394 -0.290138 -0.296943 -0.30067 -0.301241 -0.298756 -0.293416 -0.285234 -0.274307 -0.260885 -0.24488 -0.226571 -0.206744 -0.183793 -0.158248 -0.130422 -0.100555 -0.0688465 -0.0354649 -0.000564703 0.0347288 0.0692802 0.102898 0.135343 0.166322 0.195471 0.222315 0.246085 0.268544 0.288578 0.3057 0.319864 0.33059 0.337582 0.340661 0.340008 0.335817 0.328192 0.317262 0.303186 0.286147 0.266344 0.243984 0.219302 0.192591 0.164279 0.135121 0.106678 0.0824637 0.068458 0.061128 0.0568861 0.0541802 0.0523387 0.0510326 0.0500815 0.0493775 0.0488511 0.0484556 0.048158 0.0479338 0.0477643 0.0476342 0.0475296 0.0474359 
-0.0571794 -0.0572579 -0.0573456 -0.0574553 -0.057599 -0.0577908 -0.0580475 -0.0583919 -0.0588544 -0.0594782 -0.0603268 -0.0614974 -0.0631496 -0.0655666 -0.0693048 -0.0755746 -0.0869532 -0.107276 -0.131238 -0.155864 -0.179851 -0.202566 -0.223635 -0.242787 -0.259794 -0.274443 -0.286523 -0.295836 -0.302207 -0.305501 -0.305643 -0.302743 -0.29699 -0.28841 -0.277126 -0.263422 -0.247175 -0.228694 -0.208793 -0.185693 -0.15993 -0.131837 -0.101667 -0.0696309 -0.0359108 -0.000675633 0.0349534 0.0698452 0.103793 0.136545 0.167792 0.197154 0.224133 0.247941 0.270563 0.290836 0.308242 0.322781 0.333934 0.341384 0.344933 0.344739 0.340996 0.333812 0.323319 0.309682 0.293094 0.273763 0.251912 0.227797 0.201742 0.174226 0.146065 0.118857 0.0958474 0.0813474 0.0731964 0.0683197 0.0651616 0.0629958 0.061453 0.0603265 0.0594911 0.0588657 0.0583954 0.058041 0.0577739 0.0575719 0.0574166 0.0572916 0.0571794 
-0.0678974 -0.0679897 -0.0680929 -0.0682217 -0.0683903 -0.068615 -0.0689155 -0.0693182 -0.0698585 -0.0705862 -0.0715741 -0.0729332 -0.0748429 -0.0776153 -0.0818404 -0.0887103 -0.100424 -0.119763 -0.14268 -0.166436 -0.189705 -0.211804 -0.232322 -0.250963 -0.267481 -0.281653 -0.293262 -0.302103 -0.308 -0.310819 -0.310491 -0.307135 -0.300933 -0.291922 -0.280253 -0.266246 -0.249739 -0.231068 -0.211062 -0.187788 -0.161783 -0.133395 -0.102891 -0.0704945 -0.036401 -0.000795856 0.0352037 0.0704707 0.104782 0.137871 0.169413 0.199012 0.226148 0.250026 0.272825 0.293355 0.311064 0.326007 0.337623 0.34557 0.349634 0.349943 0.346691 0.339991 0.329977 0.316822 0.300726 0.28191 0.260611 0.237106 0.211752 0.18507 0.157925 0.131914 0.109976 0.095166 0.08629 0.0807975 0.0771819 0.074681 0.0728906 0.0715792 0.0706046 0.069874 0.0693238 0.0689089 0.0685959 0.0683588 0.0681764 0.0680293 0.0678974 
-0.0796871 -0.0797944 -0.0799143 -0.0800636 -0.0802588 -0.0805185 -0.0808657 -0.0813303 -0.0819527 -0.0827898 -0.0839237 -0.0854786 -0.0876524 -0.090781 -0.0954737 -0.102869 -0.114787 -0.133232 -0.155121 -0.177983 -0.200495 -0.221934 -0.241856 -0.259941 -0.275927 -0.289579 -0.300672 -0.308997 -0.314375 -0.316675 -0.315833 -0.311979 -0.305286 -0.295809 -0.283725 -0.269393 -0.252606 -0.233724 -0.213576 -0.190102 -0.163828 -0.135113 -0.10424 -0.0714455 -0.03694 -0.000926007 0.035483 0.0711638 0.105875 0.139335 0.171204 0.201065 0.228382 0.252367 0.275361 0.296168 0.314202 0.329578 0.341695 0.350184 0.354808 0.355667 0.352956 0.346786 0.337298 0.32467 0.309111 0.290856 0.270154 0.247307 0.222698 0.196887 0.170774 0.145923 0.124953 0.109984 0.100485 0.0944056 0.0903332 0.0874893 0.0854419 0.0839369 0.0828157 0.0819736 0.0813387 0.0808594 0.0804973 0.0802228 0.0800113 0.0798405 0.0796871 
-0.0926558 -0.0927792 -0.0929169 -0.0930882 -0.0933118 -0.0936088 -0.0940053 -0.0945352 -0.0952441 -0.0961956 -0.0974812 -0.0992375 -0.101679 -0.105159 -0.110292 -0.118133 -0.130144 -0.147766 -0.168647 -0.190593 -0.212306 -0.23304 -0.25232 -0.269802 -0.285208 -0.298293 -0.308822 -0.316582 -0.321393 -0.323125 -0.321721 -0.317321 -0.310095 -0.300113 -0.287584 -0.272904 -0.255814 -0.236697 -0.216366 -0.19266 -0.166084 -0.137008 -0.105727 -0.0724933 -0.0375328 -0.00106674 0.0357949 0.0719322 0.107085 0.140954 0.173182 0.203336 0.230864 0.254998 0.278209 0.299312 0.317695 0.333535 0.346194 0.355271 0.360505 0.361967 0.359848 0.35426 0.345348 0.333297 0.318325 0.300678 0.280624 0.258482 0.234665 0.209762 0.184693 0.160967 0.140885 0.125881 0.115863 0.109237 0.104715 0.101524 0.0992122 0.0975059 0.0962311 0.0952718 0.0945474 0.0939998 0.0935856 0.0932712 0.0930285 0.0928322 0.0926558 
-0.106921 -0.107062 -0.107219 -0.107414 -0.107667 -0.108004 -0.108452 -0.109051 -0.10985 -0.11092 -0.112362 -0.114323 -0.117032 -0.120854 -0.126391 -0.134596 -0.146604 -0.163456 -0.183348 -0.204357 -0.225234 -0.245216 -0.263803 -0.280632 -0.295408 -0.307874 -0.317788 -0.32493 -0.329121 -0.330233 -0.328215 -0.323219 -0.315413 -0.304886 -0.29188 -0.276825 -0.259408 -0.240025 -0.219466 -0.19549 -0.168576 -0.139099 -0.107367 -0.0736482 -0.0381852 -0.0012187 0.0361437 0.0727849 0.108425 0.142745 0.175371 0.205852 0.233626 0.257953 0.28141 0.302833 0.321588 0.337926 0.351169 0.360882 0.366782 0.368902 0.367432 0.362482 0.354202 0.342781 0.328449 0.311464 0.292109 0.270722 0.247743 0.223784 0.199772 0.177138 0.157884 0.142948 0.132516 0.125391 0.120435 0.116897 0.114316 0.112402 0.110968 0.109886 0.109068 0.108448 0.107979 0.107622 0.107346 0.107122 0.106921 
-0.122614 -0.122773 -0.12295 -0.123169 -0.123455 -0.123833 -0.124336 -0.125005 -0.125898 -0.127091 -0.128692 -0.130859 -0.133832 -0.137979 -0.143877 -0.152361 -0.164285 -0.180404 -0.199327 -0.21938 -0.239381 -0.258563 -0.276406 -0.292528 -0.306619 -0.318411 -0.327654 -0.334121 -0.337635 -0.33807 -0.335382 -0.329736 -0.321299 -0.310185 -0.296667 -0.28121 -0.263436 -0.243753 -0.222915 -0.198626 -0.171331 -0.141408 -0.109177 -0.0749219 -0.0389031 -0.00138256 0.0365343 0.0737322 0.109909 0.144728 0.177794 0.208642 0.236704 0.261276 0.285009 0.306778 0.325934 0.342803 0.356674 0.367078 0.3737 0.376539 0.37578 0.371529 0.36394 0.353209 0.339574 0.323307 0.304706 0.284129 0.262034 0.239055 0.216108 0.194536 0.176069 0.161286 0.150543 0.142976 0.137609 0.13373 0.130879 0.128753 0.127155 0.125946 0.125029 0.124334 0.123807 0.123405 0.123094 0.122841 0.122614 
-0.139875 -0.140054 -0.140253 -0.140498 -0.140817 -0.141238 -0.141798 -0.142541 -0.14353 -0.144847 -0.146608 -0.14898 -0.152207 -0.156656 -0.162864 -0.171545 -0.183314 -0.198726 -0.216693 -0.235774 -0.254861 -0.273194 -0.290239 -0.305597 -0.318945 -0.330004 -0.338513 -0.344245 -0.347019 -0.346716 -0.343296 -0.336942 -0.327823 -0.316075 -0.302009 -0.28612 -0.267956 -0.247931 -0.226757 -0.202105 -0.174381 -0.143961 -0.111177 -0.0763277 -0.0396938 -0.00155896 0.0369723 0.0747857 0.111557 0.146926 0.180482 0.211743 0.24014 0.265013 0.289062 0.311207 0.330791 0.34823 0.362776 0.373926 0.381331 0.384955 0.384973 0.381488 0.374655 0.364676 0.3518 0.336312 0.318523 0.29881 0.277648 0.255682 0.233809 0.213274 0.195566 0.181011 0.170057 0.162113 0.156364 0.152156 0.149036 0.146698 0.144931 0.143591 0.142573 0.141799 0.141211 0.140763 0.140414 0.14013 0.139875 
-0.158862 -0.159062 -0.159284 -0.159557 -0.159911 -0.160377 -0.160994 -0.161814 -0.1629 -0.164342 -0.166262 -0.168833 -0.172301 -0.17702 -0.183483 -0.192278 -0.203829 -0.218547 -0.235571 -0.253663 -0.271798 -0.289231 -0.305422 -0.319957 -0.3325 -0.342761 -0.350472 -0.355402 -0.35737 -0.356261 -0.352044 -0.34492 -0.335063 -0.322634 -0.307979 -0.291623 -0.273031 -0.252616 -0.231046 -0.205972 -0.177762 -0.146787 -0.113388 -0.0778803 -0.0405649 -0.00174853 0.0374642 0.0759588 0.113386 0.149366 0.183467 0.215194 0.243983 0.269219 0.293629 0.316186 0.336231 0.354277 0.369548 0.381502 0.389756 0.394235 0.395102 0.392455 0.386449 0.377291 0.365241 0.350594 0.333679 0.314886 0.294706 0.273786 0.252996 0.233478 0.216512 0.20225 0.191181 0.18293 0.176838 0.172319 0.168938 0.166387 0.164451 0.162978 0.161856 0.161001 0.16035 0.159852 0.159464 0.159148 0.158862 
-0.179749 -0.17997 -0.180216 -0.180518 -0.180908 -0.18142 -0.182097 -0.182993 -0.184177 -0.185743 -0.187818 -0.190578 -0.194266 -0.19922 -0.205876 -0.214707 -0.225981 -0.24001 -0.256098 -0.273185 -0.29033 -0.306813 -0.322091 -0.335739 -0.347411 -0.356806 -0.363649 -0.367705 -0.368795 -0.366809 -0.361725 -0.353764 -0.343109 -0.329949 -0.314662 -0.2978 -0.278736 -0.257875 -0.235839 -0.210275 -0.181515 -0.149919 -0.115835 -0.0795967 -0.0415253 -0.00195183 0.0380177 0.077267 0.115422 0.152079 0.186788 0.219043 0.248289 0.273957 0.298781 0.32179 0.342331 0.361027 0.377074 0.389895 0.399068 0.404476 0.40627 0.404538 0.399435 0.391172 0.380019 0.366283 0.350306 0.332491 0.313342 0.2935 0.273802 0.255288 0.239057 0.225147 0.214053 0.20557 0.199182 0.194376 0.190745 0.187987 0.185883 0.184276 0.183048 0.18211 0.181394 0.180845 0.180416 0.180065 0.179749 
-0.202724 -0.202968 -0.203239 -0.203571 -0.203998 -0.204557 -0.205294 -0.206266 -0.207546 -0.209233 -0.211455 -0.21439 -0.218274 -0.223419 -0.230203 -0.238993 -0.249937 -0.263271 -0.278427 -0.294491 -0.310609 -0.326091 -0.340395 -0.353091 -0.363822 -0.372278 -0.378178 -0.381283 -0.381417 -0.378477 -0.372452 -0.363582 -0.352067 -0.338119 -0.322153 -0.304743 -0.285155 -0.263783 -0.241204 -0.215075 -0.185689 -0.153394 -0.118548 -0.0814964 -0.042585 -0.00216938 0.0386415 0.0787283 0.117691 0.155102 0.190491 0.223346 0.253123 0.2793 0.304599 0.328108 0.349186 0.368577 0.385455 0.399207 0.409372 0.41579 0.418594 0.41786 0.413741 0.406454 0.396273 0.38352 0.368548 0.351773 0.333703 0.314972 0.296376 0.278858 0.263364 0.249861 0.23883 0.230191 0.22356 0.2185 0.214636 0.211679 0.209411 0.207671 0.206337 0.205315 0.204533 0.203931 0.20346 0.203073 0.202724 
-0.227996 -0.228264 -0.228561 -0.228924 -0.229388 -0.229994 -0.230791 -0.231838 -0.233212 -0.235013 -0.237372 -0.240463 -0.24451 -0.249798 -0.256642 -0.265317 -0.275878 -0.288508 -0.302728 -0.317752 -0.332806 -0.347234 -0.360503 -0.372177 -0.381893 -0.389333 -0.394209 -0.396281 -0.395376 -0.3914 -0.384353 -0.374501 -0.362058 -0.347265 -0.330567 -0.312557 -0.292385 -0.270428 -0.247222 -0.220438 -0.190338 -0.157258 -0.121558 -0.0836015 -0.0437552 -0.00240155 0.0393461 0.0803639 0.120224 0.158475 0.194629 0.228167 0.258561 0.285332 0.311177 0.335242 0.356903 0.377038 0.394806 0.409558 0.420792 0.428303 0.432206 0.43256 0.429513 0.423286 0.414159 0.402465 0.388568 0.372895 0.355954 0.338367 0.320886 0.304362 0.289615 0.27657 0.265684 0.25697 0.250154 0.244877 0.240804 0.237661 0.235237 0.233367 0.231928 0.230823 0.229974 0.229319 0.228804 0.22838 0.227996 
-0.255796 -0.256089 -0.256412 -0.256806 -0.257308 -0.257961 -0.258816 -0.259935 -0.261397 -0.263303 -0.265784 -0.269007 -0.273182 -0.278558 -0.285394 -0.293881 -0.304011 -0.315919 -0.329194 -0.343158 -0.357111 -0.370432 -0.382601 -0.393183 -0.401807 -0.408148 -0.411915 -0.412867 -0.410835 -0.405734 -0.397581 -0.386667 -0.373223 -0.35752 -0.340032 -0.321365 -0.300539 -0.277913 -0.253983 -0.226444 -0.19553 -0.161563 -0.124906 -0.0859379 -0.0450489 -0.00264859 0.0401439 0.0821985 0.12306 0.16225 0.199265 0.233583 0.264691 0.292152 0.318625 0.34331 0.365607 0.386543 0.405261 0.421085 0.43347 0.442164 0.447258 0.448795 0.446916 0.441838 0.433851 0.423297 0.410549 0.39604 0.380279 0.36387 0.347519 0.331994 0.31801 0.305472 0.29481 0.286101 0.279165 0.273716 0.269462 0.266152 0.263581 0.261589 0.260048 0.25886 0.257945 0.257236 0.256677 0.256215 0.255796 
-0.286375 -0.286693 -0.287044 -0.287469 -0.288008 -0.288706 -0.289616 -0.290803 -0.292346 -0.294345 -0.296929 -0.300255 -0.304515 -0.309923 -0.316681 -0.324912 -0.33456 -0.345723 -0.358042 -0.370924 -0.383737 -0.395898 -0.406903 -0.416318 -0.423769 -0.428926 -0.431493 -0.431231 -0.427978 -0.42166 -0.41231 -0.40025 -0.385729 -0.369045 -0.3507 -0.331308 -0.309748 -0.286356 -0.261593 -0.233185 -0.201341 -0.166369 -0.128636 -0.0885357 -0.0464811 -0.0029105 0.0410497 0.0842618 0.126241 0.166485 0.204474 0.239684 0.271618 0.299876 0.32707 0.352451 0.375446 0.397243 0.41698 0.433951 0.447573 0.457544 0.463929 0.466749 0.466135 0.462304 0.455549 0.446217 0.434693 0.421414 0.406885 0.391688 0.376485 0.361969 0.348769 0.336789 0.326425 0.317801 0.310813 0.305243 0.300844 0.297389 0.294687 0.29258 0.290944 0.289677 0.288697 0.287935 0.287332 0.286831 0.286375 
-0.320013 -0.320356 -0.320734 -0.321189 -0.321764 -0.322505 -0.323467 -0.324715 -0.326328 -0.328405 -0.331069 -0.334465 -0.338764 -0.344142 -0.350752 -0.358661 -0.367778 -0.37817 -0.389515 -0.40129 -0.412924 -0.423873 -0.433647 -0.44182 -0.448015 -0.451897 -0.45317 -0.451597 -0.447023 -0.43939 -0.428748 -0.415451 -0.399768 -0.382025 -0.362746 -0.342553 -0.320164 -0.295896 -0.270178 -0.240769 -0.20786 -0.171749 -0.132802 -0.0914299 -0.0480692 -0.00318696 0.0420814 0.0865891 0.129822 0.171252 0.210345 0.246575 0.279463 0.308639 0.336662 0.362827 0.386591 0.409319 0.430148 0.448348 0.463297 0.474642 0.482422 0.486632 0.487389 0.484905 0.479475 0.471454 0.461233 0.44925 0.436004 0.422056 0.408022 0.394532 0.382142 0.370768 0.360774 0.352314 0.345345 0.339709 0.335205 0.331634 0.32882 0.326612 0.324888 0.323547 0.322505 0.321692 0.321045 0.320505 0.320013 
-0.357014 -0.357383 -0.357787 -0.358271 -0.35888 -0.359661 -0.360668 -0.361968 -0.363639 -0.365775 -0.368492 -0.371921 -0.376208 -0.381495 -0.387889 -0.395411 -0.403949 -0.413539 -0.423889 -0.434531 -0.444947 -0.454629 -0.463107 -0.46996 -0.474813 -0.477328 -0.477208 -0.474221 -0.468223 -0.45917 -0.447135 -0.432505 -0.415568 -0.396679 -0.376378 -0.355294 -0.331968 -0.306697 -0.279883 -0.249324 -0.215195 -0.177786 -0.137467 -0.0946624 -0.0498334 -0.00347722 0.0432605 0.0892228 0.133865 0.176635 0.216983 0.254383 0.288373 0.318603 0.347577 0.374628 0.399244 0.422984 0.444987 0.464502 0.480872 0.493696 0.502979 0.508689 0.510926 0.509895 0.50589 0.499269 0.490429 0.479809 0.467899 0.455237 0.442398 0.429954 0.418405 0.407686 0.398131 0.389911 0.383033 0.377392 0.372829 0.369175 0.366272 0.363979 0.362178 0.360771 0.359672 0.35881 0.35812 0.357542 0.357014 
-0.397715 -0.398108 -0.398538 -0.39905 -0.399689 -0.400504 -0.40155 -0.402891 -0.404604 -0.406777 -0.409516 -0.412936 -0.417159 -0.422292 -0.428404 -0.435478 -0.44339 -0.452146 -0.461475 -0.470955 -0.480115 -0.488478 -0.495594 -0.501051 -0.504474 -0.505527 -0.503912 -0.499405 -0.491874 -0.481292 -0.467759 -0.45169 -0.433399 -0.413262 -0.391838 -0.369758 -0.34537 -0.318953 -0.290882 -0.259 -0.223472 -0.184583 -0.142707 -0.0982824 -0.0517976 -0.00377984 0.0446137 0.0922149 0.138448 0.182736 0.224515 0.26326 0.298518 0.32996 0.360024 0.38808 0.413645 0.43849 0.461758 0.482683 0.500575 0.514985 0.525882 0.533207 0.537038 0.537568 0.535088 0.529959 0.522581 0.513391 0.50287 0.491533 0.479916 0.468543 0.457869 0.447852 0.438803 0.430899 0.424184 0.4186 0.414028 0.410329 0.407364 0.405006 0.403143 0.401678 0.400529 0.399623 0.398893 0.398279 0.397715 
-0.442487 -0.442903 -0.443356 -0.443892 -0.444557 -0.4454 -0.446475 -0.447845 -0.449581 -0.451766 -0.454492 -0.45786 -0.461965 -0.466884 -0.472649 -0.479219 -0.486458 -0.494347 -0.502628 -0.510918 -0.518783 -0.525776 -0.531466 -0.535451 -0.53736 -0.536854 -0.533641 -0.527505 -0.518327 -0.506104 -0.490957 -0.473336 -0.453577 -0.432079 -0.409415 -0.386217 -0.360624 -0.332894 -0.303382 -0.269978 -0.232844 -0.192261 -0.148611 -0.102349 -0.05399 -0.00409252 0.0461737 0.0956283 0.143664 0.18968 0.233097 0.273386 0.310107 0.34294 0.374254 0.403453 0.430079 0.456136 0.480772 0.503211 0.522732 0.53884 0.551469 0.560526 0.566065 0.568267 0.567414 0.563869 0.558032 0.550339 0.541259 0.531285 0.52092 0.510647 0.500883 0.491616 0.483133 0.475616 0.469137 0.463674 0.459147 0.455445 0.452451 0.450051 0.448142 0.446633 0.445442 0.444497 0.443731 0.443083 0.442487 
-0.491735 -0.492172 -0.492645 -0.493202 -0.493888 -0.494751 -0.495844 -0.497226 -0.498964 -0.501133 -0.503812 -0.507082 -0.511015 -0.51566 -0.52102 -0.527032 -0.533555 -0.540544 -0.547752 -0.554824 -0.561358 -0.566934 -0.571138 -0.573579 -0.573889 -0.57173 -0.566816 -0.55894 -0.548001 -0.534016 -0.517134 -0.497838 -0.476484 -0.453493 -0.429452 -0.404996 -0.378031 -0.348796 -0.31763 -0.282474 -0.243491 -0.200966 -0.155288 -0.106934 -0.056444 -0.00441164 0.047981 0.0995408 0.149629 0.197617 0.242913 0.284983 0.323389 0.357821 0.39057 0.421068 0.448887 0.476281 0.502405 0.526473 0.547737 0.565661 0.580141 0.591048 0.598412 0.602394 0.60327 0.601398 0.597179 0.591047 0.583457 0.574884 0.565802 0.556658 0.547839 0.539368 0.531509 0.524447 0.518272 0.512995 0.508567 0.504908 0.50192 0.499506 0.497572 0.496033 0.494811 0.493835 0.493039 0.492361 0.491735 
-0.545909 -0.546362 -0.546852 -0.547424 -0.548123 -0.548996 -0.550094 -0.551471 -0.553189 -0.555311 -0.557904 -0.561032 -0.564742 -0.569058 -0.573959 -0.579366 -0.585135 -0.591195 -0.597305 -0.603135 -0.608307 -0.612425 -0.615091 -0.615921 -0.614554 -0.610653 -0.603937 -0.594212 -0.581393 -0.565523 -0.546778 -0.525668 -0.502575 -0.477939 -0.452362 -0.426486 -0.397956 -0.366994 -0.333925 -0.296749 -0.255634 -0.210873 -0.16287 -0.112122 -0.0591998 -0.00473176 0.0500863 0.104048 0.156482 0.206734 0.254192 0.298316 0.338668 0.374938 0.409336 0.441318 0.470482 0.499359 0.527107 0.552932 0.576064 0.595928 0.612379 0.625256 0.634557 0.640427 0.643127 0.643012 0.640483 0.635969 0.629916 0.622778 0.615006 0.607018 0.59918 0.591546 0.584365 0.577819 0.572014 0.566985 0.562714 0.559144 0.556202 0.553804 0.551868 0.550317 0.549077 0.54808 0.547261 0.546559 0.545909 
-0.6055 -0.605965 -0.606465 -0.607046 -0.60775 -0.608622 -0.609709 -0.611062 -0.612734 -0.614779 -0.617249 -0.62019 -0.62363 -0.627568 -0.631964 -0.636726 -0.641708 -0.646815 -0.651811 -0.656382 -0.660171 -0.662799 -0.663884 -0.66305 -0.659937 -0.654213 -0.645601 -0.633921 -0.619106 -0.601222 -0.580474 -0.5574 -0.532402 -0.505946 -0.478648 -0.451162 -0.420842 -0.387895 -0.352631 -0.31312 -0.269541 -0.222198 -0.171516 -0.118017 -0.0623052 -0.00504485 0.0525533 0.10927 0.164399 0.217257 0.267213 0.313714 0.356317 0.394707 0.431001 0.464681 0.495367 0.525896 0.555426 0.583155 0.608291 0.630224 0.648769 0.66373 0.675077 0.682932 0.687543 0.689259 0.688482 0.685634 0.681153 0.675479 0.66904 0.662233 0.655405 0.648645 0.642187 0.636212 0.630837 0.626117 0.622057 0.618626 0.615769 0.61342 0.61151 0.609967 0.608725 0.607719 0.606887 0.606168 0.6055 
-0.67105 -0.67152 -0.672025 -0.672606 -0.673305 -0.674162 -0.675222 -0.67653 -0.67813 -0.680066 -0.682378 -0.685092 -0.688218 -0.691737 -0.695592 -0.699679 -0.703852 -0.707994 -0.711869 -0.715175 -0.717572 -0.718696 -0.718174 -0.715637 -0.710729 -0.703116 -0.692527 -0.678794 -0.661869 -0.641841 -0.618941 -0.593733 -0.566644 -0.538163 -0.50893 -0.479611 -0.447237 -0.411999 -0.374197 -0.331979 -0.28554 -0.235205 -0.181422 -0.124746 -0.0658172 -0.00533926 0.0554623 0.115355 0.173595 0.229469 0.282322 0.331583 0.376795 0.417637 0.45612 0.491747 0.524164 0.556542 0.588038 0.617836 0.645126 0.669262 0.690023 0.707177 0.720665 0.730589 0.737182 0.740787 0.741805 0.740657 0.737771 0.733576 0.728483 0.722873 0.717077 0.711219 0.705522 0.700164 0.695271 0.690914 0.687119 0.683874 0.681144 0.67888 0.677024 0.675513 0.674287 0.673286 0.672452 0.671727 0.67105 
-0.743155 -0.743623 -0.744123 -0.744695 -0.745376 -0.746204 -0.747219 -0.748459 -0.749961 -0.751759 -0.753878 -0.756331 -0.759109 -0.762178 -0.765466 -0.768863 -0.772219 -0.775396 -0.778159 -0.780215 -0.781233 -0.780861 -0.778733 -0.774483 -0.767755 -0.758212 -0.745586 -0.72972 -0.71058 -0.688276 -0.663067 -0.635537 -0.606141 -0.575399 -0.543976 -0.512564 -0.477823 -0.439933 -0.39918 -0.35381 -0.304038 -0.250216 -0.192828 -0.132463 -0.0698042 -0.00559815 0.0589148 0.122488 0.18434 0.243723 0.299951 0.352428 0.40068 0.444368 0.485386 0.523256 0.557647 0.592109 0.625784 0.65784 0.687446 0.713927 0.737021 0.756462 0.772169 0.78422 0.792839 0.798363 0.801195 0.801755 0.800466 0.797747 0.793997 0.789584 0.784831 0.779891 0.77498 0.770276 0.765909 0.761962 0.758479 0.755467 0.752907 0.750764 0.748992 0.747539 0.74635 0.745371 0.744549 0.743829 0.743155 
-0.82247 -0.822927 -0.823412 -0.823963 -0.824612 -0.825396 -0.826346 -0.827497 -0.828876 -0.830507 -0.832405 -0.834567 -0.836973 -0.839573 -0.842285 -0.844992 -0.847541 -0.849777 -0.851462 -0.852308 -0.851992 -0.850168 -0.846472 -0.84054 -0.832009 -0.820535 -0.80585 -0.787797 -0.766356 -0.741652 -0.713968 -0.683908 -0.651958 -0.618677 -0.584764 -0.550946 -0.513465 -0.472483 -0.428281 -0.379218 -0.325538 -0.267633 -0.206026 -0.141355 -0.074347 -0.00579739 0.0630393 0.130904 0.196973 0.260458 0.320638 0.376886 0.428697 0.47571 0.519679 0.560146 0.596802 0.633623 0.669728 0.704259 0.736361 0.765329 0.79086 0.812662 0.83063 0.84483 0.855476 0.862907 0.867531 0.86977 0.870046 0.868771 0.866337 0.863102 0.859382 0.85536 0.851247 0.847217 0.843408 0.839912 0.836784 0.834047 0.831697 0.829712 0.828056 0.826687 0.825559 0.824622 0.823828 0.823128 0.82247 
-0.909718 -0.91015 -0.910609 -0.911125 -0.911729 -0.91245 -0.913317 -0.914355 -0.915588 -0.917028 -0.918681 -0.920534 -0.922554 -0.92468 -0.926825 -0.928864 -0.930643 -0.931989 -0.932663 -0.93238 -0.930821 -0.92764 -0.922475 -0.914954 -0.904703 -0.891364 -0.874653 -0.854411 -0.830616 -0.803405 -0.77308 -0.74026 -0.705472 -0.669322 -0.632557 -0.595953 -0.555271 -0.510659 -0.462391 -0.408965 -0.350671 -0.287948 -0.221375 -0.151645 -0.0795393 -0.00590244 0.0679978 0.140891 0.21191 0.280223 0.345063 0.40576 0.46177 0.512697 0.560131 0.603626 0.642903 0.682416 0.721247 0.758502 0.793295 0.82489 0.852941 0.877135 0.897354 0.913659 0.926268 0.935527 0.941857 0.945689 0.947448 0.947543 0.94636 0.944254 0.941534 0.938407 0.935083 0.931735 0.928502 0.925484 0.922747 0.920323 0.918221 0.91643 0.914923 0.913668 0.912624 0.911751 0.911005 0.910342 0.909718 
-1.00569 -1.00609 -1.0065 -1.00697 -1.00751 -1.00815 -1.00892 -1.00982 -1.01089 -1.01212 -1.01351 -1.01504 -1.01667 -1.01834 -1.01995 -1.02137 -1.02244 -1.02299 -1.02277 -1.02149 -1.01885 -1.01448 -1.00804 -0.999117 -0.987335 -0.9723 -0.953701 -0.931352 -0.905217 -0.875428 -0.842301 -0.806471 -0.768511 -0.729092 -0.689025 -0.649158 -0.604694 -0.555764 -0.502644 -0.44401 -0.380213 -0.311761 -0.239302 -0.163596 -0.0854847 -0.00586389 0.0739913 0.152806 0.229668 0.303696 0.374071 0.440067 0.501084 0.556673 0.608221 0.655294 0.697636 0.740255 0.782173 0.822442 0.860136 0.894482 0.925093 0.951642 0.974009 0.99227 1.00667 1.01757 1.02542 1.03068 1.03376 1.03509 1.03504 1.03397 1.03218 1.0299 1.02733 1.02466 1.022 1.01948 1.01716 1.01508 1.01326 1.0117 1.01038 1.00926 1.00833 1.00755 1.00687 1.00626 1.00569 
-1.11126 -1.1116 -1.11197 -1.11237 -1.11283 -1.11338 -1.11402 -1.11477 -1.11565 -1.11665 -1.11777 -1.11899 -1.12025 -1.12148 -1.1226 -1.12348 -1.12396 -1.12384 -1.1229 -1.12085 -1.11737 -1.11212 -1.10471 -1.09475 -1.08179 -1.06542 -1.04524 -1.02102 -0.992677 -0.960312 -0.924249 -0.885133 -0.843599 -0.800402 -0.756449 -0.712686 -0.663662 -0.609499 -0.550485 -0.485537 -0.415095 -0.339765 -0.260284 -0.177489 -0.0922832 -0.00561119 0.0812595 0.167064 0.250848 0.331684 0.408692 0.481074 0.548148 0.609386 0.665915 0.717297 0.763295 0.80956 0.855025 0.898659 0.939478 0.976671 1.0098 1.03854 1.0628 1.08269 1.09851 1.11069 1.11973 1.1261 1.13024 1.13257 1.13347 1.13329 1.13232 1.1308 1.12893 1.12689 1.12481 1.12279 1.12091 1.1192 1.11769 1.11639 1.11528 1.11434 1.11354 1.11287 1.11229 1.11176 1.11126 
-1.22738 -1.22766 -1.22796 -1.22828 -1.22865 -1.22907 -1.22958 -1.23016 -1.23084 -1.23161 -1.23245 -1.23335 -1.23426 -1.23511 -1.23582 -1.23627 -1.2363 -1.23573 -1.23432 -1.23182 -1.2279 -1.22223 -1.21441 -1.20401 -1.19056 -1.17353 -1.15241 -1.12684 -1.09662 -1.06181 -1.02272 -0.980005 -0.93438 -0.886711 -0.83804 -0.789467 -0.734756 -0.674042 -0.607673 -0.534901 -0.456314 -0.372652 -0.284761 -0.193556 -0.0999928 -0.00504449 0.0900582 0.18409 0.276075 0.365048 0.450071 0.530257 0.604814 0.673085 0.735838 0.792592 0.843104 0.893787 0.943429 0.990878 1.03507 1.07515 1.11063 1.14119 1.16678 1.18764 1.2042 1.217 1.22663 1.23358 1.23834 1.24131 1.24287 1.24335 1.24303 1.24215 1.2409 1.23944 1.23791 1.23639 1.23495 1.23364 1.23247 1.23146 1.23059 1.22985 1.22922 1.22868 1.22821 1.22779 1.22738 
-1.35512 -1.35532 -1.35553 -1.35575 -1.35601 -1.35631 -1.35666 -1.35706 -1.35752 -1.35804 -1.35861 -1.35921 -1.3598 -1.36033 -1.36072 -1.36087 -1.36065 -1.35989 -1.3584 -1.35592 -1.35217 -1.34683 -1.33952 -1.32978 -1.31708 -1.30074 -1.27995 -1.25404 -1.22264 -1.18573 -1.1436 -1.0969 -1.04644 -0.993227 -0.938489 -0.883573 -0.821292 -0.75191 -0.675969 -0.593241 -0.504538 -0.410761 -0.312858 -0.211793 -0.108529 -0.00402732 0.100576 0.20415 0.30574 0.404382 0.499108 0.588958 0.673005 0.750397 0.821373 0.885282 0.941758 0.998118 1.05292 1.10484 1.15271 1.19563 1.23305 1.2647 1.29059 1.31114 1.32707 1.33925 1.3484 1.35506 1.35972 1.36277 1.36455 1.36536 1.36546 1.36506 1.36432 1.36339 1.36238 1.36135 1.36037 1.35947 1.35867 1.35797 1.35737 1.35686 1.35642 1.35604 1.35571 1.35541 1.35512 
-1.49563 -1.49574 -1.49585 -1.49596 -1.4961 -1.49625 -1.49643 -1.49663 -1.49687 -1.49714 -1.49743 -1.49773 -1.49803 -1.49828 -1.49845 -1.49846 -1.49823 -1.49764 -1.49655 -1.4948 -1.49216 -1.4884 -1.48319 -1.47615 -1.46673 -1.45398 -1.43605 -1.41167 -1.38032 -1.34195 -1.29684 -1.24559 -1.18905 -1.12831 -1.06479 -1.00014 -0.92636 -0.844457 -0.755481 -0.65992 -0.558786 -0.453049 -0.343645 -0.231479 -0.117438 -0.00239238 0.112699 0.226879 0.339284 0.449034 0.555226 0.65693 0.753177 0.842952 0.925787 1.00058 1.06625 1.13084 1.19262 1.25009 1.30206 1.34766 1.38634 1.41782 1.44216 1.45989 1.47234 1.4814 1.48807 1.4929 1.49627 1.49851 1.49988 1.50058 1.50081 1.50069 1.50036 1.4999 1.49938 1.49886 1.49835 1.49788 1.49747 1.49711 1.4968 1.49654 1.49631 1.49612 1.49594 1.49579 1.49563 
-1.6502 -1.6502 -1.6502 -1.6502 -1.6502 -1.6502 -1.6502 -1.6502 -1.6502 -1.6502 -1.6502 -1.6502 -1.6502 -1.6502 -1.6502 -1.6502 -1.6502 -1.6502 -1.6502 -1.6502 -1.6502 -1.6502 -1.6502 -1.6502 -1.6502 -1.64829 -1.63749 -1.6172 -1.58753 -1.54867 -1.50084 -1.44431 -1.37941 -1.30652 -1.22606 -1.1385 -1.04434 -0.944124 -0.838442 -0.727901 -0.613143 -0.494833 -0.373655 -0.250313 -0.12552 0 0.12552 0.250313 0.373655 0.494833 0.613143 0.727901 0.838442 0.944124 1.04434 1.1385 1.22606 1.30652 1.37941 1.44431 1.50084 1.54867 1.58753 1.6172 1.63749 1.64829 1.6502 1.6502 1.6502 1.6502 1.6502 1.6502 1.6502 1.6502 1.6502 1.6502 1.6502 1.6502 1.6502 1.6502 1.6502 1.6502 1.6502 1.6502 1.6502 1.6502 1.6502 1.6502 1.6502 1.6502 1.6502 
