ni
91

nj
38

x_vals
3.10134 2.85717 2.6352 2.4334 2.24996 2.08319 1.93158 1.79375 1.66845 1.55454 1.45099 1.35686 1.27128 1.19348 1.12275 1.05845 1 0.94486 0.890109 0.835883 0.78232 0.729557 0.67773 0.626974 0.57742 0.529194 0.48242 0.437218 0.3937 0.351976 0.31215 0.274869 0.239877 0.206981 0.176245 0.147735 0.121519 0.0976658 0.0762449 0.0573262 0.0409786 0.027269 0.0162608 0.00801262 0.00257713 0 0.00035604 0.00371146 0.0100862 0.0194899 0.0319214 0.0473675 0.0658016 0.0871834 0.111457 0.138551 0.168377 0.200833 0.235799 0.27314 0.312451 0.353252 0.395952 0.440408 0.486472 0.533989 0.582802 0.632749 0.683666 0.735386 0.787739 0.840553 0.893653 0.946862 1 1.05845 1.12275 1.19348 1.27128 1.35686 1.45099 1.55454 1.66845 1.79375 1.93158 2.08319 2.24996 2.4334 2.6352 2.85717 3.10134 
3.10134 2.85804 2.63662 2.43518 2.25195 2.08528 1.93371 1.79586 1.6705 1.5565 1.45283 1.35856 1.27284 1.19489 1.124 1.05954 1.00092 0.9456 0.890679 0.836295 0.782582 0.729677 0.677713 0.626824 0.577139 0.528783 0.481881 0.436553 0.392916 0.35108 0.311156 0.273785 0.238714 0.205758 0.174989 0.1465 0.120292 0.0964377 0.0750142 0.0561029 0.0397926 0.0262567 0.0152686 0.00699896 0.00153295 -0.00106646 -0.000711573 0.0026552 0.00904567 0.0184591 0.0308678 0.0461555 0.0645493 0.0859153 0.110178 0.137253 0.167048 0.199529 0.234549 0.271968 0.311378 0.352295 0.395119 0.439705 0.485904 0.533559 0.582512 0.6326 0.683661 0.735531 0.788039 0.841018 0.894293 0.94769 1.00102 1.05962 1.12407 1.19494 1.27289 1.3586 1.45286 1.55652 1.67052 1.79587 1.93372 2.08529 2.25195 2.43519 2.63662 2.85804 3.10134 
3.10134 2.85898 2.63818 2.43714 2.25413 2.08759 1.93605 1.79817 1.67275 1.55865 1.45486 1.36045 1.27457 1.19645 1.12539 1.06074 1.00193 0.946409 0.891302 0.836743 0.782866 0.729804 0.677689 0.626653 0.576824 0.528326 0.481282 0.435816 0.392047 0.350089 0.310058 0.272586 0.237429 0.204409 0.173607 0.145141 0.118942 0.0950859 0.0736599 0.054758 0.0384923 0.025126 0.0141594 0.00586757 0.000369418 -0.00225343 -0.00189998 0.00147883 0.00788612 0.0173095 0.0296936 0.044825 0.0631723 0.0845205 0.108771 0.135826 0.165587 0.198091 0.233169 0.270673 0.31019 0.351236 0.394195 0.438925 0.485272 0.533079 0.582185 0.632429 0.683649 0.735682 0.788363 0.841521 0.894989 0.948592 1.00214 1.06091 1.12552 1.19656 1.27466 1.36053 1.45492 1.5587 1.67279 1.79821 1.93607 2.0876 2.25414 2.43714 2.63819 2.85898 3.10134 
3.10134 2.86002 2.63989 2.43927 2.25653 2.09012 1.93862 1.80073 1.67523 1.56102 1.45709 1.36252 1.27647 1.19817 1.12691 1.06206 1.00304 0.947294 0.891981 0.837231 0.783173 0.729938 0.677657 0.626459 0.576471 0.527815 0.480615 0.434997 0.391082 0.34899 0.308841 0.271261 0.23601 0.202922 0.172086 0.143646 0.117456 0.0935974 0.0721688 0.0532786 0.0370645 0.0238619 0.0129182 0.00460329 -0.000928586 -0.00357599 -0.0032243 0.000167237 0.00659245 0.0160263 0.0283839 0.0433626 0.0616576 0.0829856 0.107223 0.134256 0.163978 0.196506 0.231647 0.269241 0.308875 0.350061 0.39317 0.438057 0.484568 0.532543 0.581818 0.632232 0.683627 0.735841 0.788709 0.842066 0.895744 0.949573 1.00337 1.06233 1.12713 1.19835 1.27662 1.36265 1.45719 1.5611 1.67529 1.80077 1.93866 2.09015 2.25655 2.43928 2.6399 2.86002 3.10134 
3.10134 2.86115 2.64176 2.44162 2.25916 2.0929 1.94145 1.80353 1.67795 1.56363 1.45955 1.36481 1.27858 1.20007 1.1286 1.06352 1.00425 0.94826 0.892722 0.83776 0.783503 0.730077 0.677612 0.626236 0.576073 0.527243 0.479871 0.434086 0.390012 0.347773 0.307494 0.269794 0.234442 0.20128 0.17041 0.142 0.115819 0.091957 0.0705261 0.0516501 0.0354942 0.0224473 0.0115273 0.00318872 -0.00237839 -0.00505141 -0.00470181 -0.00129686 0.00514739 0.014592 0.0269218 0.0417533 0.0599903 0.0812956 0.105518 0.132529 0.162207 0.194759 0.229965 0.267657 0.307419 0.348758 0.39203 0.437091 0.483782 0.531941 0.581403 0.632005 0.683592 0.736005 0.78908 0.842655 0.896564 0.95064 1.00471 1.06389 1.1289 1.20032 1.27878 1.36499 1.45969 1.56374 1.67804 1.8036 1.9415 2.09294 2.25918 2.44163 2.64177 2.86115 3.10134 
3.10134 2.86238 2.6438 2.44418 2.26204 2.09595 1.94456 1.80662 1.68095 1.5665 1.46226 1.36734 1.28089 1.20217 1.13046 1.06513 1.00559 0.949316 0.893528 0.838334 0.783856 0.730221 0.677554 0.625981 0.575625 0.526602 0.479041 0.433071 0.388822 0.346421 0.306001 0.26817 0.232708 0.199467 0.168563 0.140187 0.114014 0.0901479 0.0687149 0.0498558 0.0337639 0.0208627 0.00996694 0.00160385 -0.00399991 -0.00669952 -0.00635236 -0.00293331 0.00353115 0.012987 0.025288 0.0399795 0.0581535 0.0794335 0.103641 0.130627 0.160258 0.192831 0.228108 0.265905 0.305804 0.347312 0.390764 0.436014 0.482904 0.531266 0.580934 0.631743 0.683542 0.736173 0.789476 0.843289 0.897451 0.9518 1.00617 1.06561 1.13085 1.20249 1.28116 1.36756 1.46245 1.56665 1.68107 1.80671 1.94463 2.096 2.26207 2.4442 2.64381 2.86238 3.10134 
3.10134 2.86371 2.64602 2.44698 2.2652 2.09929 1.94797 1.81001 1.68426 1.56966 1.46525 1.37012 1.28345 1.20447 1.13251 1.0669 1.00705 0.950469 0.894404 0.838954 0.784234 0.730368 0.677477 0.625687 0.575118 0.525883 0.478113 0.43194 0.387499 0.344921 0.304345 0.266371 0.230789 0.197465 0.166528 0.138186 0.112022 0.088151 0.0667161 0.0478767 0.0318531 0.0190857 0.00821393 -0.000174365 -0.00581607 -0.00854316 -0.00819879 -0.00476493 0.00172093 0.0111887 0.0234603 0.0380212 0.0561281 0.07738 0.101571 0.128531 0.158111 0.190705 0.226055 0.263966 0.304014 0.345704 0.389354 0.434814 0.481921 0.530508 0.580401 0.631439 0.683471 0.736343 0.789896 0.843972 0.898412 0.95306 1.00777 1.0675 1.133 1.20488 1.28379 1.3704 1.46548 1.56984 1.6844 1.81012 1.94806 2.09935 2.26524 2.44701 2.64604 2.86372 3.10134 
3.10134 2.86517 2.64845 2.45005 2.26865 2.10296 1.95172 1.81373 1.68788 1.57314 1.46853 1.37318 1.28626 1.20702 1.13476 1.06885 1.00865 0.951726 0.895357 0.839623 0.784636 0.730514 0.677377 0.625347 0.574543 0.525075 0.477073 0.430677 0.386024 0.343252 0.302505 0.264376 0.228664 0.195252 0.164281 0.135978 0.10982 0.0859443 0.0645077 0.0456904 0.029738 0.0170905 0.00624172 -0.00217256 -0.00785338 -0.0106087 -0.0102674 -0.00681807 -0.000309529 0.00917083 0.0214135 0.0358549 0.053892 0.0751133 0.0992863 0.12622 0.155743 0.188357 0.223784 0.261817 0.302027 0.343917 0.387782 0.433472 0.48082 0.529653 0.579797 0.631085 0.683375 0.736511 0.790339 0.844703 0.89945 0.954428 1.00952 1.06957 1.13536 1.20751 1.28667 1.37352 1.46881 1.57336 1.68806 1.81387 1.95182 2.10303 2.2687 2.45008 2.64846 2.86517 3.10134 
3.10134 2.86675 2.65109 2.45339 2.27243 2.10698 1.95583 1.81782 1.69187 1.57696 1.47215 1.37655 1.28935 1.20981 1.13724 1.07098 1.01041 0.953097 0.896389 0.840344 0.785062 0.730658 0.677249 0.624954 0.573889 0.524163 0.475908 0.429265 0.38438 0.341394 0.300461 0.262161 0.22631 0.192805 0.1618 0.133537 0.107386 0.0835028 0.0620646 0.0432714 0.0273906 0.0148474 0.00401961 -0.00442157 -0.0101426 -0.0129267 -0.0125888 -0.00912321 -0.00259064 0.00690342 0.0191186 0.0334534 0.0514196 0.0726084 0.0967627 0.123669 0.153132 0.185763 0.221271 0.259434 0.29982 0.341926 0.386029 0.431972 0.479584 0.528689 0.579107 0.630674 0.683246 0.736674 0.790805 0.845486 0.900569 0.955911 1.01141 1.07183 1.13795 1.21041 1.28985 1.37695 1.47248 1.57723 1.69208 1.81798 1.95595 2.10706 2.27249 2.45342 2.65111 2.86675 3.10134 
3.10134 2.86846 2.65397 2.45704 2.27656 2.11137 1.96033 1.8223 1.69625 1.58116 1.47612 1.38025 1.29276 1.21289 1.13996 1.07332 1.01232 0.954589 0.897507 0.841116 0.785509 0.730794 0.677084 0.624496 0.573145 0.523134 0.474598 0.427684 0.382543 0.339324 0.298185 0.259701 0.223699 0.190095 0.159058 0.130835 0.104689 0.0807976 0.0593573 0.0405895 0.0247783 0.012322 0.00151199 -0.00695724 -0.0127193 -0.0155327 -0.0151984 -0.0117158 -0.00515765 0.00435156 0.0165418 0.0307849 0.0486813 0.0698363 0.0939714 0.120849 0.15025 0.182896 0.218489 0.256791 0.297366 0.339709 0.384071 0.430292 0.478195 0.527599 0.57832 0.630193 0.683077 0.736826 0.79129 0.846321 0.901774 0.957519 1.01348 1.07431 1.14079 1.21358 1.29333 1.38073 1.47651 1.58148 1.69649 1.82249 1.96047 2.11147 2.27663 2.45708 2.65399 2.86847 3.10134 
3.10134 2.87031 2.65709 2.46101 2.28107 2.11618 1.96525 1.82722 1.70105 1.58578 1.48048 1.38432 1.29649 1.21626 1.14295 1.07588 1.01441 0.956211 0.898716 0.841943 0.785976 0.730916 0.676874 0.623963 0.572294 0.521968 0.473123 0.425911 0.380489 0.337014 0.29565 0.256964 0.220802 0.187093 0.156022 0.12784 0.101697 0.0777953 0.056352 0.037609 0.0218626 0.00947446 -0.00132253 -0.00982126 -0.0156251 -0.0184681 -0.0181375 -0.0146369 -0.00805159 0.0014748 0.0136442 0.0278123 0.0456424 0.0667636 0.0908794 0.117728 0.147063 0.179724 0.215405 0.253857 0.294636 0.337234 0.381881 0.428406 0.476629 0.526363 0.577419 0.629629 0.682858 0.736961 0.791792 0.847207 0.903069 0.959258 1.01572 1.07701 1.1439 1.21706 1.29716 1.38487 1.48093 1.58614 1.70134 1.82744 1.96542 2.11629 2.28114 2.46105 2.65711 2.87032 3.10134 
3.10134 2.87231 2.66047 2.46533 2.28598 2.12143 1.97065 1.8326 1.70632 1.59084 1.48527 1.38879 1.30059 1.21997 1.14621 1.07868 1.01669 0.957973 0.900018 0.842823 0.786458 0.731018 0.676609 0.62334 0.571319 0.520646 0.471459 0.423919 0.378189 0.334432 0.292822 0.253917 0.217581 0.183763 0.152655 0.124515 0.0983724 0.0744569 0.0530085 0.0342882 0.0185983 0.00625803 -0.00453219 -0.0130624 -0.0189088 -0.0217814 -0.0214544 -0.0179349 -0.0113203 -0.00177398 0.0103806 0.0244918 0.0422623 0.0633513 0.0874488 0.114269 0.143537 0.17621 0.211984 0.250594 0.291594 0.334471 0.379428 0.426288 0.474863 0.52496 0.576385 0.628968 0.682576 0.737069 0.792305 0.848144 0.904456 0.961136 1.01816 1.07995 1.1473 1.22088 1.30136 1.38942 1.48579 1.59125 1.70664 1.83285 1.97083 2.12156 2.28607 2.46538 2.6605 2.87232 3.10134 
3.10134 2.87446 2.66414 2.47001 2.29133 2.12716 1.97654 1.83849 1.71208 1.59638 1.49052 1.39368 1.30509 1.22402 1.14979 1.08173 1.01917 0.959882 0.901419 0.843756 0.78695 0.731089 0.676273 0.622608 0.570199 0.519141 0.469578 0.421676 0.375607 0.331542 0.289662 0.25052 0.213997 0.180062 0.148917 0.120814 0.0946691 0.0707364 0.0492796 0.0305771 0.0149318 0.00261808 -0.00817344 -0.0167377 -0.0226273 -0.0255294 -0.0252058 -0.021666 -0.0150199 -0.00544984 0.00669771 0.0207722 0.0384929 0.0595534 0.0836349 0.110429 0.139629 0.172315 0.208184 0.246964 0.288201 0.33138 0.376677 0.423904 0.472866 0.523363 0.575195 0.628189 0.682217 0.73714 0.792822 0.849129 0.905939 0.96316 1.02079 1.08315 1.151 1.22505 1.30595 1.3944 1.49111 1.59685 1.71245 1.83878 1.97674 2.1273 2.29143 2.47007 2.66417 2.87447 3.10134 
3.10134 2.87677 2.66809 2.4751 2.29714 2.13339 1.98296 1.84493 1.71839 1.60245 1.49627 1.39904 1.31001 1.22845 1.15369 1.08505 1.02186 0.961946 0.90292 0.844739 0.787445 0.731118 0.675851 0.621748 0.568908 0.517425 0.467447 0.419147 0.372704 0.328302 0.286127 0.246726 0.210003 0.175943 0.144757 0.116689 0.090535 0.06658 0.0451091 0.0264165 0.0108003 -0.00150967 -0.0123125 -0.0209143 -0.026848 -0.0297792 -0.0294584 -0.0258969 -0.0192161 -0.00961736 0.00253338 0.0165929 0.0342774 0.0553161 0.0793855 0.106155 0.135289 0.167988 0.203959 0.24292 0.284413 0.327918 0.373585 0.421215 0.470603 0.521541 0.573823 0.627271 0.681762 0.737161 0.793336 0.850159 0.907517 0.965337 1.02364 1.08662 1.15504 1.2296 1.31098 1.39984 1.49692 1.60298 1.7188 1.84525 1.9832 2.13356 2.29725 2.47516 2.66813 2.87679 3.10134 
3.10134 2.87926 2.67236 2.4806 2.30345 2.14018 1.98997 1.85195 1.72527 1.60908 1.50255 1.4049 1.31539 1.23329 1.15794 1.08866 1.02478 0.964172 0.904523 0.845767 0.787932 0.731088 0.675323 0.620733 0.567416 0.515464 0.465026 0.416287 0.369435 0.324661 0.282163 0.242483 0.205544 0.17135 0.140116 0.112076 0.0859081 0.0619233 0.0404302 0.0217356 0.00612897 -0.0062012 -0.0170275 -0.0256713 -0.0316501 -0.0346101 -0.0342912 -0.0307058 -0.0239866 -0.0143526 -0.00218595 0.0118822 0.0295479 0.0505749 0.0746389 0.10139 0.13046 0.163175 0.199253 0.238408 0.280176 0.324035 0.370107 0.418178 0.468034 0.519458 0.572236 0.626187 0.681189 0.737114 0.793833 0.851226 0.909192 0.967671 1.02671 1.09038 1.15943 1.23456 1.31646 1.4058 1.50328 1.60967 1.72574 1.85231 1.99023 2.14036 2.30357 2.48067 2.6724 2.87927 3.10134 
3.10134 2.88191 2.67695 2.48654 2.31028 2.14755 1.99759 1.85961 1.73279 1.61632 1.50941 1.4113 1.32125 1.23856 1.16256 1.09258 1.02793 0.966565 0.906227 0.846834 0.788399 0.730982 0.674663 0.619533 0.565688 0.513215 0.462271 0.413048 0.365745 0.320564 0.277712 0.237727 0.200555 0.166216 0.134927 0.106907 0.0807142 0.0566898 0.0351627 0.0164498 0.000829229 -0.0115466 -0.0224108 -0.0311025 -0.0371278 -0.0401159 -0.0397977 -0.0361858 -0.0294232 -0.0197455 -0.00754737 0.0065552 0.0242238 0.0452534 0.0693218 0.0960605 0.125073 0.15781 0.194003 0.233365 0.27543 0.319673 0.366185 0.41474 0.465111 0.517071 0.570397 0.624903 0.680472 0.736978 0.794299 0.852323 0.91096 0.970167 1.03 1.09444 1.16419 1.23996 1.32243 1.41229 1.51022 1.61697 1.7333 1.86 1.99788 2.14775 2.31042 2.48662 2.67699 2.88193 3.10134 
3.10134 2.88475 2.68187 2.49294 2.31767 2.15553 2.00586 1.86793 1.74097 1.62421 1.51689 1.41827 1.32764 1.24429 1.16757 1.09681 1.03132 0.969128 0.908029 0.847929 0.788828 0.730774 0.67384 0.618112 0.56368 0.510632 0.459127 0.40937 0.361571 0.315942 0.272701 0.232386 0.194961 0.160463 0.129106 0.101093 0.0748649 0.0507872 0.0292099 0.0104575 -0.00520452 -0.0176533 -0.0285721 -0.0373193 -0.0433932 -0.0464088 -0.0460894 -0.0424475 -0.0356352 -0.0259028 -0.0136546 0.000510495 0.0182082 0.0392597 0.0633464 0.0900841 0.119049 0.151814 0.188133 0.227719 0.270105 0.314763 0.361756 0.410842 0.461779 0.51433 0.568261 0.623382 0.679577 0.736727 0.794715 0.853437 0.912815 0.972825 1.03354 1.09881 1.16933 1.24581 1.32893 1.41935 1.51778 1.62492 1.74153 1.86836 2.00618 2.15575 2.31782 2.49303 2.68191 2.88476 3.10134 
3.10134 2.88776 2.68714 2.49982 2.32564 2.16417 2.01483 1.87696 1.74986 1.63279 1.52503 1.42585 1.33457 1.25051 1.173 1.10137 1.03497 0.971862 0.909921 0.849038 0.789197 0.730435 0.672818 0.616424 0.561342 0.507654 0.45553 0.405183 0.356837 0.310716 0.267049 0.226372 0.188671 0.153995 0.122555 0.094535 0.0682539 0.0441048 0.0224557 0.00363676 -0.0120985 -0.0246495 -0.0356425 -0.0444547 -0.0505801 -0.0536227 -0.0532996 -0.049623 -0.0427528 -0.0329522 -0.0206315 -0.00637291 0.011385 0.0324832 0.0566073 0.0833594 0.112289 0.145096 0.181554 0.221382 0.264117 0.309226 0.356744 0.406411 0.457972 0.511174 0.565774 0.621576 0.678466 0.736329 0.795055 0.85455 0.914749 0.975643 1.03732 1.10351 1.17489 1.25215 1.33597 1.42702 1.52599 1.63356 1.75047 1.87743 2.01517 2.16441 2.3258 2.49991 2.68718 2.88778 3.10134 
3.10134 2.89096 2.69276 2.50719 2.33421 2.17348 2.02453 1.88675 1.7595 1.6421 1.53385 1.43408 1.34209 1.25723 1.17885 1.10628 1.03887 0.974761 0.911891 0.85014 0.789477 0.729928 0.67155 0.614416 0.55861 0.504215 0.451404 0.400405 0.351455 0.304791 0.260655 0.219582 0.181577 0.1467 0.115155 0.0871077 0.0607524 0.0365079 0.0147592 -0.00415928 -0.0200041 -0.0326894 -0.0437791 -0.052668 -0.0588491 -0.0619182 -0.0615884 -0.0578708 -0.0509323 -0.0410463 -0.0286271 -0.0142403 0.00361415 0.0247904 0.0489774 0.0757648 0.104678 0.137544 0.174159 0.214255 0.257368 0.302968 0.351059 0.401364 0.453611 0.507533 0.562874 0.619429 0.67709 0.735744 0.795289 0.855641 0.916747 0.978614 1.04134 1.10854 1.18086 1.25899 1.34359 1.43534 1.53489 1.64293 1.76016 1.88725 2.0249 2.17374 2.33438 2.50729 2.69281 2.89098 3.10134 
3.10134 2.89434 2.69873 2.51506 2.3434 2.1835 2.03498 1.89732 1.76993 1.65218 1.54341 1.44298 1.35022 1.26449 1.18514 1.11153 1.04302 0.977819 0.913923 0.851208 0.789632 0.729207 0.669981 0.612024 0.555413 0.50023 0.446658 0.394937 0.345318 0.298055 0.253401 0.21189 0.173548 0.138441 0.106764 0.0786619 0.0522044 0.0278335 0.00594969 -0.0131082 -0.0291038 -0.0419588 -0.053171 -0.0621512 -0.0683938 -0.0714894 -0.0711488 -0.0673823 -0.0603619 -0.0503694 -0.0378208 -0.0232669 -0.00527351 0.0160195 0.0403022 0.0671528 0.0960752 0.129024 0.165822 0.206213 0.249741 0.295877 0.344596 0.395602 0.448605 0.503322 0.559483 0.616875 0.675391 0.734924 0.795378 0.856679 0.918789 0.981728 1.04561 1.1139 1.18726 1.26635 1.35182 1.44432 1.54452 1.65307 1.77063 1.89786 2.03538 2.18378 2.34358 2.51517 2.69878 2.89436 3.10134 
3.10134 2.8979 2.70506 2.52345 2.35322 2.19425 2.04623 1.90871 1.78118 1.66306 1.55373 1.45258 1.35897 1.27228 1.19188 1.11713 1.04742 0.981019 0.915991 0.852208 0.789615 0.728214 0.668044 0.609167 0.551659 0.4956 0.441182 0.38866 0.338301 0.290373 0.245144 0.203148 0.164425 0.129051 0.097207 0.0690155 0.0424194 0.0178823 -0.00418046 -0.0234252 -0.0396186 -0.0526829 -0.0640474 -0.0731368 -0.0794486 -0.082571 -0.0822146 -0.0783888 -0.0712693 -0.0611444 -0.0484302 -0.0336647 -0.0154834 0.00597338 0.0303935 0.057344 0.0863085 0.119372 0.156387 0.19711 0.241097 0.28782 0.337228 0.389006 0.442844 0.498442 0.555511 0.613833 0.673299 0.733809 0.795273 0.857628 0.920847 0.984966 1.0501 1.11961 1.19411 1.27424 1.36066 1.45401 1.55491 1.66401 1.78193 1.90928 2.04665 2.19455 2.35342 2.52357 2.70512 2.89792 3.10134 
3.10134 2.90164 2.71174 2.53235 2.36369 2.20575 2.05828 1.92095 1.79328 1.67477 1.56484 1.46291 1.36838 1.28064 1.19908 1.12309 1.05206 0.984338 0.918062 0.853094 0.789369 0.72688 0.665656 0.605753 0.547243 0.490207 0.434847 0.381433 0.33025 0.281582 0.235712 0.193172 0.154017 0.118327 0.0862699 0.0579453 0.0311642 0.006411 -0.0158847 -0.0353724 -0.051817 -0.0651358 -0.0766871 -0.0859075 -0.0922986 -0.0954489 -0.0950705 -0.091172 -0.0839319 -0.0736429 -0.0607202 -0.045692 -0.0272655 -0.00558846 0.0190214 0.0461187 0.0751685 0.108391 0.145665 0.186767 0.231266 0.278638 0.328806 0.381436 0.436198 0.492771 0.55085 0.610205 0.67073 0.732326 0.794913 0.858437 0.922885 0.988302 1.05481 1.12564 1.20139 1.28268 1.37015 1.46441 1.56608 1.67577 1.79407 1.92155 2.05873 2.20606 2.3639 2.53247 2.71181 2.90166 3.10134 
3.10134 2.90554 2.71877 2.54175 2.37481 2.21799 2.07116 1.93405 1.80626 1.68733 1.57676 1.47398 1.37844 1.28955 1.20673 1.12937 1.05691 0.987741 0.920088 0.853806 0.788821 0.725117 0.662715 0.601664 0.542034 0.483906 0.427494 0.373084 0.320981 0.271484 0.224893 0.181737 0.142086 0.106019 0.0736905 0.0451771 0.0181525 -0.00687928 -0.0294734 -0.0492702 -0.0660277 -0.0796526 -0.0914311 -0.100809 -0.107293 -0.110473 -0.110065 -0.106077 -0.0986889 -0.0881969 -0.0750153 -0.0596646 -0.0409263 -0.018961 0.0059031 0.0332071 0.0623974 0.0958344 0.133425 0.174965 0.220041 0.268136 0.319147 0.372721 0.428508 0.486165 0.545368 0.605875 0.667579 0.730387 0.794225 0.859047 0.924853 0.991698 1.05971 1.13199 1.20911 1.29167 1.38028 1.47554 1.57805 1.68838 1.80708 1.93468 2.07163 2.21832 2.37502 2.54188 2.71884 2.90556 3.10134 
3.10134 2.90961 2.72613 2.55165 2.38656 2.23098 2.08487 1.94802 1.82012 1.70076 1.58949 1.48581 1.38917 1.29903 1.21481 1.13597 1.06193 0.991182 0.92201 0.85427 0.787882 0.72282 0.659098 0.59676 0.535875 0.476523 0.418931 0.363405 0.310267 0.259838 0.21243 0.16857 0.12834 0.0918187 0.0591446 0.0303725 0.00303073 -0.0223567 -0.0453285 -0.0655123 -0.0826544 -0.0966459 -0.108699 -0.118266 -0.12486 -0.128073 -0.127626 -0.123527 -0.115958 -0.105215 -0.0917146 -0.075971 -0.0568422 -0.0345074 -0.0093098 0.0182756 0.0476767 0.0814004 0.119381 0.161437 0.207172 0.256078 0.308031 0.362657 0.419586 0.478451 0.538908 0.600701 0.663723 0.727883 0.793114 0.859379 0.926688 0.995106 1.06477 1.13863 1.21724 1.30119 1.39105 1.48741 1.59083 1.70184 1.82097 1.94867 2.08535 2.23132 2.38678 2.55178 2.7262 2.90963 3.10134 
3.10134 2.91383 2.73381 2.56203 2.39893 2.24471 2.0994 1.96286 1.83486 1.71506 1.60305 1.49838 1.40055 1.30904 1.22332 1.14284 1.06709 0.994598 0.923749 0.85439 0.786437 0.719856 0.654654 0.590871 0.528574 0.467845 0.408925 0.35214 0.297834 0.246346 0.198003 0.153329 0.112416 0.0753428 0.04223 0.0131116 -0.014639 -0.0404769 -0.0639222 -0.0845857 -0.102197 -0.116626 -0.129011 -0.138807 -0.145531 -0.148781 -0.148284 -0.144048 -0.136255 -0.125205 -0.111312 -0.0950921 -0.0754793 -0.0526773 -0.0270492 0.000910856 0.0306108 0.0647132 0.103179 0.145849 0.192346 0.242174 0.295186 0.350993 0.4092 0.469418 0.531278 0.594512 0.659009 0.724681 0.791466 0.859337 0.92831 0.998459 1.06992 1.14551 1.22577 1.31123 1.40246 1.50001 1.60441 1.71616 1.83573 1.96353 2.09989 2.24505 2.39915 2.56216 2.73387 2.91385 3.10134 
3.10134 2.91818 2.74177 2.57285 2.41189 2.25915 2.11472 1.97855 1.85047 1.73021 1.61741 1.51168 1.41256 1.31956 1.23219 1.14994 1.0723 0.997906 0.925205 0.854049 0.784348 0.716064 0.649198 0.583786 0.519896 0.457612 0.397189 0.338976 0.28334 0.230639 0.181216 0.135591 0.0938646 0.0561143 0.0224454 -0.00712876 -0.0354022 -0.0618073 -0.0858421 -0.107096 -0.125277 -0.140229 -0.153013 -0.163087 -0.169968 -0.173262 -0.172701 -0.168295 -0.160226 -0.148797 -0.134425 -0.117627 -0.0974179 -0.0740306 -0.0478531 -0.0194028 0.0107062 0.0453041 0.0843769 0.127786 0.175176 0.226064 0.280281 0.337423 0.39707 0.458809 0.522248 0.587099 0.653252 0.720619 0.789141 0.858799 0.929617 1.00167 1.07511 1.15259 1.23464 1.32176 1.41448 1.51333 1.61879 1.73132 1.85135 1.97923 2.11522 2.2595 2.41212 2.57299 2.74184 2.9182 3.10134 
3.10134 2.92265 2.75 2.58408 2.4254 2.27426 2.13081 1.99507 1.86693 1.74619 1.63256 1.52568 1.42516 1.33055 1.24138 1.15719 1.07749 1.001 0.926252 0.853096 0.781441 0.711244 0.642502 0.57525 0.509555 0.445505 0.383371 0.323527 0.266363 0.212259 0.161575 0.114825 0.0721193 0.0335348 -0.000838003 -0.0310045 -0.0599424 -0.0870583 -0.111824 -0.133804 -0.152675 -0.168255 -0.181521 -0.191931 -0.199004 -0.202349 -0.201707 -0.197089 -0.18868 -0.176785 -0.161826 -0.144327 -0.123386 -0.0992689 -0.0723961 -0.0433121 -0.0126561 0.0225848 0.0624191 0.106729 0.155179 0.2073 0.262903 0.321566 0.38285 0.44631 0.511532 0.578209 0.646226 0.715496 0.785964 0.857616 0.930481 1.00464 1.08024 1.1598 1.2438 1.33272 1.42707 1.52732 1.63393 1.7473 1.86781 1.99574 2.13131 2.27461 2.42563 2.58422 2.75007 2.92267 3.10134 
3.10134 2.92722 2.75845 2.59569 2.43942 2.28999 2.14762 2.01236 1.88418 1.76295 1.64843 1.54034 1.4383 1.34194 1.25081 1.1645 1.08254 1.00375 0.926732 0.851347 0.777502 0.705151 0.634288 0.564947 0.497196 0.431128 0.367033 0.30531 0.246376 0.190634 0.138459 0.0903627 0.0464675 0.00684952 -0.0284136 -0.0593436 -0.0891226 -0.117127 -0.142799 -0.165668 -0.185379 -0.201714 -0.215565 -0.226384 -0.233691 -0.237099 -0.236355 -0.231474 -0.222643 -0.210174 -0.194497 -0.176144 -0.154302 -0.129279 -0.10153 -0.0716339 -0.0402584 -0.0041881 0.0366056 0.082022 0.131746 0.18532 0.242536 0.302954 0.36611 0.431534 0.498782 0.567528 0.637654 0.709069 0.781721 0.855601 0.930742 1.00723 1.0852 1.16703 1.25317 1.34407 1.44018 1.54195 1.64978 1.76405 1.88505 2.01302 2.1481 2.29034 2.43964 2.59582 2.75852 2.92725 3.10134 
3.10134 2.93188 2.7671 2.6076 2.45388 2.30629 2.16508 2.03037 1.90218 1.78045 1.66499 1.55558 1.45192 1.35364 1.26039 1.17175 1.08732 1.00598 0.926447 0.848573 0.772267 0.697481 0.62421 0.552487 0.482382 0.413993 0.347631 0.283724 0.222716 0.165037 0.111081 0.0613583 0.0160043 -0.0249016 -0.0612913 -0.0932 -0.124042 -0.153159 -0.179954 -0.203917 -0.224653 -0.241901 -0.256465 -0.267786 -0.27538 -0.278864 -0.277992 -0.272784 -0.26343 -0.250252 -0.23369 -0.214294 -0.191343 -0.165193 -0.136342 -0.105409 -0.0730969 -0.0359603 0.00604546 0.0528341 0.104106 0.159416 0.218531 0.280994 0.346318 0.414 0.483568 0.554674 0.627194 0.701036 0.77615 0.852527 0.930204 1.00927 1.08985 1.17418 1.26265 1.3557 1.45373 1.55714 1.6663 1.78151 1.90302 2.03101 2.16555 2.30662 2.4541 2.60774 2.76717 2.9319 3.10134 
3.10134 2.9366 2.7759 2.61979 2.46872 2.32308 2.18312 2.04902 1.92085 1.7986 1.68215 1.57134 1.46591 1.36557 1.26998 1.1788 1.09164 1.00749 0.925154 0.84449 0.765407 0.68786 0.611841 0.537386 0.464567 0.393488 0.324482 0.258009 0.194546 0.13455 0.0784401 0.0267288 -0.0204306 -0.0629507 -0.100769 -0.13393 -0.166117 -0.196629 -0.224822 -0.250138 -0.272133 -0.290495 -0.305932 -0.317869 -0.325818 -0.329395 -0.328364 -0.322747 -0.312743 -0.298685 -0.28103 -0.26035 -0.236027 -0.20847 -0.178231 -0.145977 -0.112453 -0.0739471 -0.030404 0.0180996 0.0712753 0.128683 0.190066 0.254944 0.322802 0.393107 0.465353 0.539169 0.614425 0.691028 0.768926 0.848112 0.928625 1.01055 1.09402 1.18108 1.27212 1.36751 1.46763 1.57282 1.68339 1.79961 1.92165 2.04963 2.18357 2.32339 2.46893 2.61991 2.77596 2.93662 3.10134 
3.10134 2.94136 2.78481 2.63217 2.48387 2.34028 2.20166 2.06824 1.94011 1.81732 1.69983 1.58751 1.48017 1.37758 1.27945 1.18546 1.0953 1.00803 0.922556 0.83875 0.756521 0.675824 0.596651 0.51904 0.443067 0.368841 0.29672 0.227199 0.160793 0.0979922 0.0392451 -0.0149255 -0.0643411 -0.1089 -0.148538 -0.183305 -0.2172 -0.24947 -0.279413 -0.306414 -0.329966 -0.3497 -0.366215 -0.378915 -0.387303 -0.390996 -0.389764 -0.383636 -0.37282 -0.357664 -0.33865 -0.316378 -0.290344 -0.261022 -0.229029 -0.195087 -0.159995 -0.119729 -0.0742253 -0.0235597 0.0319833 0.0919628 0.156089 0.223856 0.294716 0.368099 0.443465 0.520418 0.598824 0.678585 0.759649 0.84201 0.925707 1.01083 1.0975 1.18758 1.28143 1.37938 1.48177 1.58888 1.70098 1.81826 1.94085 2.06881 2.20208 2.34057 2.48407 2.63229 2.78487 2.94138 3.10134 
3.10134 2.94614 2.79379 2.64471 2.49927 2.35781 2.22063 2.08793 1.95987 1.83654 1.71793 1.60399 1.49459 1.38954 1.28861 1.19154 1.09805 1.00729 0.918288 0.830924 0.745108 0.660794 0.577976 0.496691 0.417019 0.339074 0.263241 0.190055 0.120073 0.0538297 -0.00818874 -0.0654394 -0.117707 -0.164864 -0.206838 -0.243676 -0.279756 -0.31426 -0.346415 -0.375531 -0.401028 -0.422467 -0.440322 -0.453973 -0.462908 -0.466744 -0.465258 -0.458488 -0.446653 -0.430121 -0.409404 -0.38514 -0.356954 -0.3254 -0.29117 -0.255061 -0.217935 -0.175392 -0.12737 -0.0739512 -0.015428 0.047747 0.11524 0.186512 0.260973 0.338013 0.417053 0.497674 0.579734 0.663135 0.747824 0.833797 0.921091 1.00979 1.10002 1.19346 1.29041 1.39118 1.49604 1.60524 1.71898 1.83739 1.96055 2.08844 2.22101 2.35808 2.49944 2.64481 2.79385 2.94616 3.10134 
3.10134 2.95093 2.80281 2.65734 2.51484 2.37561 2.23994 2.10803 1.98007 1.85617 1.73638 1.6207 1.50905 1.40131 1.2973 1.1968 1.09958 1.0049 0.911909 0.820486 0.730546 0.642043 0.554973 0.469371 0.385316 0.302927 0.222615 0.14496 0.0705724 3.99795e-05 -0.0660977 -0.127263 -0.183187 -0.233699 -0.278704 -0.318237 -0.357145 -0.394522 -0.429504 -0.461306 -0.489258 -0.512837 -0.532371 -0.54721 -0.556828 -0.56084 -0.559033 -0.551452 -0.538332 -0.520065 -0.497197 -0.470415 -0.439494 -0.405085 -0.367975 -0.329053 -0.289266 -0.24375 -0.192456 -0.135487 -0.0731589 -0.00595324 0.0657372 0.141323 0.220167 0.30161 0.38503 0.469981 0.556324 0.643958 0.732834 0.822947 0.914337 1.00708 1.10131 1.19849 1.29888 1.40275 1.51033 1.6218 1.7373 1.85691 1.98066 2.10848 2.24027 2.37585 2.51499 2.65743 2.80286 2.95095 3.10134 
3.10134 2.95571 2.81185 2.67004 2.53054 2.39363 2.25954 2.12849 2.00065 1.87617 1.75513 1.63757 1.52347 1.41276 1.30532 1.20099 1.09957 1.00044 0.902882 0.806778 0.712048 0.618645 0.526561 0.435826 0.346516 0.258745 0.172952 0.0897676 0.00986408 -0.0661013 -0.137516 -0.203745 -0.264439 -0.319361 -0.368368 -0.411469 -0.454097 -0.495228 -0.533876 -0.569134 -0.600218 -0.626502 -0.648147 -0.664473 -0.674939 -0.679165 -0.676949 -0.668346 -0.653604 -0.63314 -0.607538 -0.577539 -0.5431 -0.504986 -0.464107 -0.421476 -0.378156 -0.328698 -0.273083 -0.211459 -0.144191 -0.071814 0.00519541 0.0861809 0.17044 0.25726 0.34597 0.436103 0.527522 0.620135 0.713896 0.808807 0.904908 1.00228 1.10103 1.20242 1.30666 1.41398 1.52455 1.63849 1.7559 1.87679 2.00114 2.12886 2.25982 2.39383 2.53067 2.67011 2.81189 2.95572 3.10134 
3.10134 2.96047 2.82088 2.68278 2.54637 2.41186 2.27944 2.14931 2.02164 1.89656 1.7742 1.65461 1.53782 1.42382 1.31254 1.20386 1.09765 0.993408 0.89055 0.788972 0.688598 0.58938 0.491301 0.394382 0.298681 0.204298 0.111693 0.0215515 -0.0653805 -0.148359 -0.226672 -0.299599 -0.366669 -0.427535 -0.481968 -0.529915 -0.577564 -0.623718 -0.66721 -0.70697 -0.742075 -0.771786 -0.796074 -0.814237 -0.825739 -0.830212 -0.827477 -0.817596 -0.800824 -0.777591 -0.74851 -0.71437 -0.675343 -0.632333 -0.586412 -0.538768 -0.490636 -0.435817 -0.374355 -0.306487 -0.232668 -0.153524 -0.0696477 0.0182135 0.109279 0.202767 0.297963 0.39438 0.491902 0.590452 0.689998 0.790548 0.892146 0.994869 1.09882 1.205 1.31361 1.42479 1.53867 1.65533 1.7748 1.89705 2.02202 2.1496 2.27965 2.41201 2.54647 2.68284 2.82092 2.96048 3.10134 
3.10134 2.96523 2.82994 2.6956 2.56235 2.43034 2.2997 2.1706 2.04315 1.9175 1.79374 1.67196 1.55222 1.43454 1.31889 1.20523 1.09346 0.983218 0.874088 0.765978 0.65882 0.552566 0.447186 0.34268 0.239076 0.136435 0.0352237 -0.0638186 -0.159867 -0.252079 -0.339624 -0.421662 -0.497547 -0.566749 -0.62887 -0.683714 -0.738451 -0.791562 -0.841595 -0.887262 -0.927498 -0.961471 -0.988965 -1.00931 -1.022 -1.02674 -1.02336 -1.01193 -0.992695 -0.966062 -0.932625 -0.893183 -0.848128 -0.798505 -0.745598 -0.690872 -0.635879 -0.573445 -0.503763 -0.427242 -0.344499 -0.256299 -0.163387 -0.0666173 0.0331406 0.135038 0.238315 0.342484 0.447471 0.553234 0.659763 0.767077 0.875221 0.984264 1.0943 1.20605 1.31966 1.43523 1.55282 1.67247 1.79416 1.91783 2.04341 2.17079 2.29985 2.43044 2.56242 2.69564 2.82996 2.96524 3.10134 
3.10134 2.97 2.83905 2.70855 2.57858 2.44921 2.32051 2.19258 2.06548 1.93931 1.81414 1.69003 1.56704 1.4452 1.32454 1.20503 1.08665 0.969187 0.852412 0.736267 0.620703 0.505678 0.391158 0.277116 0.163533 0.0503972 -0.0618352 -0.172387 -0.280382 -0.384919 -0.485089 -0.579953 -0.668654 -0.750384 -0.824417 -0.890205 -0.955898 -1.01913 -1.07803 -1.1312 -1.17759 -1.21644 -1.24742 -1.27004 -1.28391 -1.28884 -1.28471 -1.27159 -1.24965 -1.2192 -1.18072 -1.13485 -1.08209 -1.02349 -0.960415 -0.894742 -0.828846 -0.754592 -0.672538 -0.583428 -0.488125 -0.387554 -0.282601 -0.174184 -0.0632138 0.0494226 0.162938 0.276865 0.391207 0.505971 0.621176 0.736849 0.853028 0.969762 1.08711 1.20548 1.32495 1.44557 1.56735 1.69029 1.81435 1.93948 2.06562 2.19268 2.32059 2.44926 2.57861 2.70857 2.83906 2.97 3.10134 
3.10134 2.97482 2.84829 2.72177 2.59525 2.46873 2.34221 2.21569 2.08917 1.96264 1.83612 1.7096 1.58308 1.45656 1.33004 1.20352 1.07699 0.950473 0.823952 0.697431 0.570909 0.444388 0.317866 0.191345 0.0648236 -0.0617151 -0.187841 -0.312864 -0.436048 -0.556671 -0.674022 -0.787414 -0.89618 -0.99968 -1.09731 -1.18849 -1.27268 -1.3494 -1.41819 -1.47865 -1.53042 -1.5732 -1.60674 -1.63084 -1.64535 -1.6502 -1.64535 -1.63084 -1.60674 -1.5732 -1.53042 -1.47865 -1.41819 -1.3494 -1.27268 -1.18849 -1.09731 -0.99968 -0.89618 -0.787414 -0.674022 -0.556671 -0.436048 -0.312864 -0.187841 -0.0617151 0.0648236 0.191345 0.317866 0.444388 0.570909 0.697431 0.823952 0.950473 1.07699 1.20352 1.33004 1.45656 1.58308 1.7096 1.83612 1.96264 2.08917 2.21569 2.34221 2.46873 2.59525 2.72177 2.84829 2.97482 3.10134 

y_vals
0 0 0 0 0 0 0 0 0 0 0 0 0 0 0 0 8.76626e-17 -0.0160053 -0.0309714 -0.0449684 -0.0580383 -0.0701938 -0.0814198 -0.0916758 -0.1009 -0.109017 -0.115937 -0.121572 -0.125833 -0.128641 -0.129933 -0.129782 -0.128491 -0.126002 -0.122253 -0.117207 -0.110853 -0.103199 -0.0942701 -0.0841073 -0.0727591 -0.0602787 -0.0467189 -0.0321276 -0.016545 0 0.0169351 0.0336756 0.0501547 0.0662703 0.0818886 0.0968485 0.110968 0.124049 0.135886 0.146272 0.155006 0.161898 0.166774 0.169481 0.169921 0.168415 0.165099 0.159999 0.15316 0.144638 0.134495 0.122793 0.109589 0.0949259 0.0788339 0.0613212 0.0423736 0.0219534 -7.85996e-17 0 0 0 0 0 0 0 0 0 0 0 0 0 0 0 0 
-0.005 -0.00499843 -0.00499682 -0.00499507 -0.00499325 -0.00499155 -0.00499041 -0.00499048 -0.00499284 -0.00499909 -0.00501165 -0.00503434 -0.0050736 -0.00514145 -0.00526482 -0.00552562 -0.00638204 -0.0212711 -0.0358226 -0.0495623 -0.0624342 -0.0744182 -0.0854842 -0.0955842 -0.104652 -0.112609 -0.119366 -0.124831 -0.128917 -0.131545 -0.132658 -0.132336 -0.130855 -0.128163 -0.124205 -0.118957 -0.112397 -0.104533 -0.0953918 -0.0850194 -0.0734831 -0.0609742 -0.0472861 -0.0325325 -0.0167717 -4.32511e-05 0.0170776 0.0340035 0.0506601 0.066936 0.0826791 0.0976592 0.111938 0.125199 0.137219 0.147788 0.156706 0.163803 0.168892 0.171818 0.172483 0.171184 0.168059 0.163142 0.15648 0.14813 0.138157 0.126626 0.113598 0.099125 0.083248 0.065999 0.0474165 0.0276195 0.00733482 0.00594048 0.00552245 0.00532035 0.00520391 0.00513147 0.00508476 0.00505422 0.00503424 0.00502126 0.00501295 0.00500773 0.00500451 0.00500254 0.00500135 0.00500058 0.005 
-0.0105 -0.0104967 -0.0104933 -0.0104897 -0.0104859 -0.0104823 -0.0104799 -0.01048 -0.0104848 -0.0104977 -0.0105237 -0.0105707 -0.0106521 -0.0107925 -0.011047 -0.0115776 -0.0131981 -0.0270471 -0.0411559 -0.0546147 -0.0672692 -0.0790645 -0.0899545 -0.0998828 -0.108779 -0.11656 -0.123137 -0.128415 -0.132308 -0.134738 -0.135654 -0.135141 -0.133451 -0.130536 -0.126349 -0.120879 -0.114094 -0.106 -0.0966275 -0.0860276 -0.0742917 -0.0617378 -0.0479085 -0.0329768 -0.0170205 -9.01574e-05 0.017235 0.0343647 0.0512162 0.0676678 0.083548 0.0985633 0.113013 0.126469 0.138689 0.149457 0.158577 0.165899 0.171221 0.174387 0.175299 0.174227 0.171313 0.166598 0.16013 0.15197 0.142184 0.130841 0.118008 0.103744 0.0881022 0.0711411 0.0529528 0.0338059 0.0150307 0.0124298 0.0115818 0.011165 0.0109237 0.0107733 0.0106763 0.0106128 0.0105712 0.0105442 0.010527 0.0105161 0.0105094 0.0105053 0.0105028 0.0105012 0.0105 
-0.01655 -0.0165449 -0.0165396 -0.0165338 -0.0165278 -0.0165222 -0.0165183 -0.0165183 -0.0165257 -0.0165456 -0.0165859 -0.0166589 -0.0167852 -0.017003 -0.0173958 -0.0182016 -0.020493 -0.0333787 -0.0470177 -0.0601708 -0.072587 -0.0841748 -0.0948712 -0.10461 -0.113317 -0.120905 -0.127283 -0.132356 -0.136036 -0.138249 -0.138948 -0.138224 -0.136301 -0.133141 -0.128704 -0.122991 -0.115959 -0.107615 -0.0979894 -0.0871427 -0.0751947 -0.0625766 -0.0485914 -0.0334643 -0.0172932 -0.000140959 0.0174088 0.0347625 0.0518281 0.0684724 0.0845037 0.0995714 0.114204 0.127873 0.14031 0.151297 0.160636 0.168203 0.173782 0.177211 0.178393 0.177571 0.174891 0.170399 0.164145 0.156193 0.146613 0.135478 0.122859 0.108823 0.0934402 0.0767927 0.0590287 0.0405569 0.0231426 0.0195121 0.0182274 0.0175843 0.0172098 0.0169759 0.0168248 0.0167258 0.0166611 0.016619 0.0165921 0.0165752 0.0165647 0.0165583 0.0165544 0.0165519 0.01655 
-0.023205 -0.0231978 -0.0231904 -0.0231824 -0.023174 -0.0231661 -0.0231606 -0.0231605 -0.0231705 -0.0231978 -0.0232532 -0.0233537 -0.0235277 -0.0238272 -0.0243644 -0.0254473 -0.0283167 -0.0403147 -0.0534589 -0.0662804 -0.0784356 -0.0897956 -0.100279 -0.10981 -0.118308 -0.125683 -0.131842 -0.136689 -0.140136 -0.142109 -0.142569 -0.141609 -0.139431 -0.136001 -0.131289 -0.125312 -0.118011 -0.109392 -0.0994911 -0.0883771 -0.076203 -0.0634986 -0.0493409 -0.0339992 -0.0175921 -0.000195897 0.017601 0.0352009 0.0525014 0.0693573 0.0855554 0.100696 0.115525 0.129424 0.1421 0.153325 0.162904 0.170738 0.176598 0.180316 0.181793 0.181247 0.178825 0.174578 0.168561 0.160839 0.151485 0.140579 0.128195 0.11441 0.0993098 0.0830034 0.0656944 0.0479197 0.0317291 0.0272347 0.0255128 0.0246331 0.0241175 0.0237945 0.0235855 0.0234486 0.0233589 0.0233007 0.0232634 0.0232399 0.0232254 0.0232165 0.0232111 0.0232077 0.023205 
-0.0305255 -0.0305161 -0.0305064 -0.0304959 -0.0304849 -0.0304745 -0.0304671 -0.0304667 -0.0304794 -0.0305143 -0.0305857 -0.0307153 -0.0309395 -0.0313248 -0.0320112 -0.0333682 -0.0367243 -0.0479079 -0.060535 -0.0729979 -0.084868 -0.0959777 -0.106227 -0.115529 -0.123797 -0.130939 -0.136857 -0.141455 -0.144644 -0.146353 -0.14655 -0.145329 -0.142868 -0.139141 -0.134129 -0.127864 -0.120268 -0.11135 -0.101148 -0.0897446 -0.0773288 -0.0645125 -0.0501634 -0.0345861 -0.0179198 -0.000255207 0.0178136 0.0356841 0.0532427 0.0703307 0.0867134 0.10195 0.116991 0.131141 0.144076 0.155561 0.1654 0.173528 0.179694 0.183729 0.18553 0.185287 0.18315 0.179174 0.173417 0.165948 0.156845 0.146189 0.134064 0.120555 0.105763 0.0898272 0.0730043 0.0559448 0.0408525 0.0356481 0.0334956 0.0323713 0.0317072 0.0312896 0.031019 0.0308416 0.0307253 0.0306498 0.0306014 0.0305709 0.0305521 0.0305406 0.0305335 0.030529 0.0305255 
-0.0385781 -0.0385663 -0.0385541 -0.0385409 -0.038527 -0.0385138 -0.0385044 -0.0385035 -0.0385187 -0.0385616 -0.0386495 -0.0388096 -0.0390864 -0.0395606 -0.0403994 -0.0420225 -0.045777 -0.0562155 -0.0683062 -0.0803831 -0.091942 -0.102777 -0.112769 -0.121819 -0.129834 -0.136718 -0.142371 -0.146695 -0.149601 -0.15102 -0.150926 -0.149414 -0.146641 -0.142589 -0.137248 -0.130668 -0.122751 -0.113506 -0.102977 -0.0912609 -0.0785853 -0.0656286 -0.0510665 -0.0352301 -0.018279 -0.000319118 0.0180487 0.0362167 0.0540587 0.0714018 0.0879896 0.103349 0.118618 0.13304 0.146258 0.158027 0.168151 0.176597 0.183101 0.187482 0.189636 0.189728 0.187905 0.184228 0.178759 0.171569 0.162741 0.152361 0.14052 0.127313 0.112859 0.0973233 0.0810176 0.0646869 0.0505799 0.0448072 0.0422383 0.0408642 0.0400449 0.0395277 0.0391918 0.0389714 0.0388268 0.0387329 0.0386727 0.0386347 0.0386112 0.0385969 0.0385881 0.0385824 0.0385781 
-0.0474359 -0.0474215 -0.0474066 -0.0473904 -0.0473734 -0.0473572 -0.0473454 -0.0473438 -0.0473615 -0.0474125 -0.0475175 -0.0477091 -0.0480403 -0.048606 -0.0495977 -0.0514738 -0.0555424 -0.0652996 -0.0768382 -0.0885012 -0.0997214 -0.110256 -0.119965 -0.128738 -0.136475 -0.143076 -0.148437 -0.152458 -0.155052 -0.156152 -0.155737 -0.153902 -0.150785 -0.146375 -0.140675 -0.133752 -0.125484 -0.115883 -0.104998 -0.0929435 -0.0799876 -0.0668581 -0.0520584 -0.0359367 -0.0186725 -0.000387843 0.0183091 0.036804 0.0549574 0.072581 0.089397 0.10491 0.120427 0.135144 0.14867 0.160749 0.171182 0.179976 0.186847 0.191609 0.19415 0.19461 0.193133 0.189786 0.184635 0.177753 0.169227 0.159151 0.147622 0.134746 0.120659 0.105556 0.0897983 0.0742056 0.0609836 0.054772 0.0518086 0.0501826 0.049203 0.0485816 0.048177 0.0479112 0.0477367 0.0476232 0.0475504 0.0475046 0.0474761 0.0474588 0.0474481 0.0474412 0.0474359 
-0.0571794 -0.0571622 -0.0571444 -0.0571251 -0.0571046 -0.0570851 -0.0570705 -0.0570679 -0.057088 -0.057147 -0.0572695 -0.0574934 -0.0578803 -0.0585385 -0.0596813 -0.0617916 -0.0660949 -0.0752282 -0.0862026 -0.097424 -0.108276 -0.118482 -0.12788 -0.136349 -0.14378 -0.150068 -0.155108 -0.158797 -0.161047 -0.161796 -0.161025 -0.158832 -0.155336 -0.150533 -0.14444 -0.137144 -0.128494 -0.118503 -0.107232 -0.0948124 -0.0815525 -0.068214 -0.0531483 -0.0367122 -0.0191037 -0.000461577 0.0185975 0.037452 0.0559477 0.07388 0.0909509 0.106651 0.12244 0.137476 0.151338 0.163754 0.174523 0.183696 0.19097 0.196148 0.199113 0.199977 0.198882 0.1959 0.191098 0.184555 0.176363 0.166622 0.155434 0.142921 0.129233 0.114597 0.099416 0.0845659 0.0721418 0.0656082 0.0622799 0.0604039 0.0592605 0.058531 0.0580548 0.0577412 0.0575353 0.0574012 0.0573152 0.057261 0.0572273 0.0572067 0.057194 0.0571858 0.0571794 
-0.0678974 -0.0678771 -0.0678561 -0.0678333 -0.0678091 -0.0677859 -0.0677683 -0.0677643 -0.0677864 -0.0678533 -0.0679933 -0.0682499 -0.0686928 -0.0694432 -0.070732 -0.0730526 -0.0775167 -0.086076 -0.0964775 -0.10723 -0.117684 -0.12753 -0.136588 -0.144722 -0.151817 -0.157761 -0.162446 -0.165769 -0.167642 -0.168003 -0.16684 -0.164248 -0.160334 -0.1551 -0.148579 -0.140877 -0.13181 -0.121396 -0.109705 -0.0968901 -0.0832985 -0.0697107 -0.0543468 -0.0375636 -0.0195761 -0.000540484 0.0189173 0.0381672 0.0570393 0.075312 0.0926683 0.108595 0.12468 0.140063 0.15429 0.167074 0.178209 0.187794 0.195508 0.201141 0.204568 0.205877 0.205205 0.202625 0.198209 0.19204 0.184215 0.17484 0.164028 0.151911 0.138657 0.124521 0.109946 0.0958395 0.0841396 0.0773885 0.0737317 0.0716122 0.0703037 0.0694635 0.068913 0.0685499 0.068311 0.0681555 0.0680556 0.0679925 0.0679533 0.0679293 0.0679145 0.0679048 0.0678974 
-0.0796871 -0.0796636 -0.0796391 -0.0796125 -0.0795842 -0.0795569 -0.0795358 -0.0795301 -0.0795537 -0.0796282 -0.0797854 -0.0800743 -0.0805727 -0.081413 -0.0828392 -0.0853412 -0.0898978 -0.0979252 -0.107748 -0.118004 -0.128028 -0.137483 -0.146168 -0.153934 -0.160659 -0.166225 -0.17052 -0.17344 -0.174896 -0.17483 -0.173233 -0.1702 -0.165824 -0.160118 -0.15313 -0.144987 -0.135466 -0.124591 -0.112444 -0.099202 -0.0852468 -0.0713651 -0.0556658 -0.0384988 -0.0200937 -0.000624696 0.0192722 0.0389571 0.0582434 0.076892 0.0945687 0.110763 0.127176 0.142936 0.15756 0.170744 0.182277 0.19231 0.200504 0.206635 0.210569 0.212366 0.212159 0.210023 0.206033 0.200276 0.192855 0.183884 0.173483 0.161798 0.149015 0.135414 0.121472 0.108105 0.0970689 0.0901935 0.0862509 0.0838992 0.0824269 0.0814746 0.0808481 0.0804339 0.0801611 0.0799832 0.0798688 0.0797966 0.0797516 0.079724 0.0797069 0.0796958 0.0796871 
-0.0926558 -0.0926287 -0.0926005 -0.0925699 -0.0925372 -0.0925053 -0.0924802 -0.0924721 -0.0924967 -0.092578 -0.0927517 -0.0930719 -0.0936239 -0.0945495 -0.0961008 -0.0987509 -0.103338 -0.110867 -0.120107 -0.129841 -0.139402 -0.148431 -0.156707 -0.164071 -0.170388 -0.175539 -0.179405 -0.18188 -0.182877 -0.18234 -0.180264 -0.176742 -0.171858 -0.165634 -0.158137 -0.149514 -0.139499 -0.128124 -0.115482 -0.101777 -0.0874211 -0.0731961 -0.0571189 -0.0395265 -0.020661 -0.000714305 0.0196663 0.0398302 0.0595728 0.0786372 0.0966745 0.113185 0.129959 0.14613 0.161186 0.174805 0.18677 0.197291 0.206008 0.212683 0.217169 0.219503 0.21981 0.218163 0.214642 0.20934 0.202364 0.193836 0.183886 0.172671 0.160397 0.147368 0.134084 0.121452 0.11103 0.104113 0.0999322 0.097365 0.0957333 0.0946692 0.093966 0.0934998 0.0931922 0.0929913 0.0928621 0.0927803 0.0927294 0.092698 0.0926785 0.0926657 0.0926558 
-0.106921 -0.10689 -0.106858 -0.106823 -0.106786 -0.106749 -0.106719 -0.106708 -0.106733 -0.10682 -0.107009 -0.107358 -0.107961 -0.108964 -0.110624 -0.113385 -0.117945 -0.125001 -0.133658 -0.142845 -0.151909 -0.160475 -0.168304 -0.175226 -0.181097 -0.185789 -0.189183 -0.191169 -0.19166 -0.190605 -0.187998 -0.183935 -0.178492 -0.171701 -0.163649 -0.154505 -0.143954 -0.132034 -0.118857 -0.104648 -0.0898481 -0.0752254 -0.0587216 -0.0406568 -0.021283 -0.000809359 0.0201046 0.0407961 0.061042 0.0805673 0.0990111 0.115889 0.133066 0.149685 0.16521 0.179303 0.191737 0.202787 0.212074 0.219343 0.224434 0.227357 0.228228 0.227122 0.224119 0.219318 0.212831 0.204789 0.195331 0.184629 0.172905 0.160483 0.14788 0.135976 0.126133 0.119246 0.114879 0.112119 0.110336 0.109162 0.108383 0.107865 0.107522 0.107297 0.107153 0.107061 0.107004 0.106969 0.106947 0.106933 0.106921 
-0.122614 -0.122579 -0.122542 -0.122502 -0.122459 -0.122417 -0.122382 -0.122367 -0.122391 -0.122483 -0.122684 -0.12306 -0.123708 -0.12478 -0.126528 -0.12936 -0.133841 -0.140441 -0.148512 -0.157128 -0.165661 -0.173725 -0.181067 -0.187505 -0.192885 -0.197074 -0.199948 -0.201394 -0.201329 -0.199701 -0.196508 -0.191846 -0.185788 -0.178378 -0.169723 -0.160014 -0.148879 -0.136369 -0.122609 -0.107851 -0.0925585 -0.0774778 -0.060492 -0.0419015 -0.0219654 -0.00090986 0.0205926 0.041866 0.0626677 0.0827051 0.101608 0.118912 0.136537 0.153645 0.169682 0.18429 0.197233 0.208857 0.218764 0.226682 0.232432 0.236001 0.237495 0.236984 0.234553 0.230303 0.224354 0.216845 0.207926 0.197781 0.186649 0.174869 0.162971 0.151788 0.142497 0.135706 0.131207 0.12828 0.126358 0.12508 0.124226 0.123656 0.123278 0.123031 0.122871 0.12277 0.122706 0.122667 0.122643 0.122626 0.122614 
-0.139875 -0.139835 -0.139794 -0.139749 -0.139701 -0.139653 -0.139612 -0.139592 -0.139613 -0.139707 -0.13992 -0.140317 -0.141002 -0.142129 -0.143941 -0.146803 -0.151157 -0.157311 -0.164795 -0.172816 -0.180782 -0.188303 -0.195116 -0.201023 -0.205865 -0.209501 -0.211802 -0.212656 -0.211977 -0.209717 -0.205876 -0.200553 -0.19382 -0.185733 -0.176422 -0.166099 -0.154331 -0.14118 -0.126788 -0.11143 -0.0955874 -0.0799819 -0.0624507 -0.0432737 -0.0227146 -0.00101577 0.0211367 0.0430527 0.0644692 0.0850769 0.104499 0.122293 0.14042 0.158065 0.174658 0.189825 0.203322 0.215568 0.22615 0.234775 0.241245 0.245521 0.2477 0.247845 0.246044 0.242401 0.237044 0.230119 0.221788 0.212247 0.20175 0.19065 0.179475 0.169008 0.160254 0.153615 0.14904 0.14598 0.143934 0.14256 0.141636 0.141016 0.140604 0.140334 0.140159 0.140047 0.139978 0.139934 0.139907 0.139889 0.139875 
-0.158862 -0.158818 -0.158772 -0.158722 -0.158667 -0.158612 -0.158564 -0.158538 -0.158556 -0.15865 -0.158869 -0.159283 -0.159996 -0.161162 -0.163009 -0.165856 -0.170039 -0.175749 -0.182643 -0.190047 -0.197411 -0.204347 -0.210582 -0.21591 -0.220162 -0.223191 -0.224862 -0.225063 -0.223707 -0.220751 -0.216194 -0.210142 -0.202668 -0.193843 -0.183819 -0.172831 -0.160376 -0.146528 -0.131448 -0.115433 -0.0989748 -0.0827704 -0.064622 -0.0447891 -0.0235382 -0.00112699 0.0217445 0.0443711 0.0664692 0.0877134 0.107723 0.126078 0.144768 0.163003 0.180203 0.195979 0.210075 0.222997 0.234312 0.243706 0.250961 0.256013 0.258943 0.259812 0.258704 0.25573 0.251022 0.244737 0.237047 0.22816 0.218343 0.207959 0.197527 0.187772 0.179546 0.173112 0.168519 0.165362 0.163214 0.161754 0.160765 0.160099 0.159655 0.159362 0.159172 0.159052 0.158976 0.158928 0.158898 0.158878 0.158862 
-0.179749 -0.1797 -0.179648 -0.179592 -0.179531 -0.179468 -0.179413 -0.179379 -0.179391 -0.179481 -0.179702 -0.180125 -0.180854 -0.182039 -0.183891 -0.186678 -0.190649 -0.195911 -0.202209 -0.208974 -0.215699 -0.222006 -0.227614 -0.23231 -0.235916 -0.238278 -0.239258 -0.238739 -0.236638 -0.232913 -0.227568 -0.220713 -0.212425 -0.202795 -0.191998 -0.180289 -0.167089 -0.152484 -0.136654 -0.119916 -0.102767 -0.0858815 -0.0670339 -0.0464658 -0.0244451 -0.00124344 0.0224248 0.0458387 0.0686941 0.0906506 0.111325 0.13032 0.149643 0.168529 0.186393 0.202831 0.217578 0.231231 0.243341 0.253572 0.261683 0.267583 0.27134 0.273004 0.272659 0.27042 0.266426 0.260841 0.253848 0.245667 0.236576 0.226945 0.217276 0.208231 0.200535 0.194353 0.189799 0.186586 0.184359 0.182829 0.181783 0.181075 0.180601 0.180288 0.180084 0.179954 0.179872 0.179821 0.179788 0.179766 0.179749 
-0.202724 -0.202669 -0.202612 -0.20255 -0.202481 -0.202411 -0.202347 -0.202304 -0.202306 -0.20239 -0.202607 -0.203029 -0.203759 -0.204941 -0.206763 -0.209447 -0.213166 -0.21797 -0.223665 -0.229767 -0.235816 -0.241447 -0.246377 -0.250385 -0.253284 -0.254914 -0.255134 -0.253824 -0.250903 -0.246331 -0.240116 -0.232377 -0.2232 -0.212693 -0.201056 -0.188567 -0.174558 -0.159129 -0.14248 -0.124943 -0.107019 -0.0893592 -0.0697194 -0.0483254 -0.0254456 -0.00136499 0.0231879 0.0474761 0.0711752 0.0939306 0.115359 0.135083 0.155118 0.174723 0.193314 0.210474 0.225926 0.240372 0.253345 0.264486 0.273529 0.280356 0.285018 0.287556 0.288052 0.28662 0.283407 0.278586 0.272351 0.264933 0.256616 0.247773 0.238886 0.230555 0.223394 0.21751 0.21305 0.209825 0.20755 0.205966 0.204875 0.204131 0.203631 0.2033 0.203084 0.202945 0.202857 0.202802 0.202767 0.202743 0.202724 
-0.227996 -0.227936 -0.227873 -0.227804 -0.227728 -0.227649 -0.227574 -0.227521 -0.227512 -0.227584 -0.227789 -0.228199 -0.228915 -0.230067 -0.231822 -0.234358 -0.237786 -0.24212 -0.247198 -0.252614 -0.257952 -0.262859 -0.267056 -0.270314 -0.272441 -0.273271 -0.272656 -0.270476 -0.266653 -0.261148 -0.253976 -0.245266 -0.235117 -0.223655 -0.211106 -0.197773 -0.182885 -0.166559 -0.149011 -0.130589 -0.111793 -0.0932551 -0.0727171 -0.0503931 -0.0265521 -0.00149153 0.0240462 0.0493079 0.0739494 0.0976031 0.119886 0.140438 0.161275 0.181679 0.201067 0.219014 0.235233 0.250539 0.264447 0.276576 0.286633 0.294472 0.300126 0.303623 0.305041 0.304496 0.302139 0.298152 0.292738 0.286139 0.278646 0.270628 0.262543 0.254933 0.24832 0.242776 0.238465 0.235275 0.232984 0.231368 0.230244 0.229473 0.228952 0.228605 0.228379 0.228232 0.22814 0.228081 0.228043 0.228017 0.227996 
-0.255796 -0.25573 -0.255661 -0.255585 -0.255501 -0.255412 -0.255326 -0.255259 -0.255235 -0.25529 -0.255476 -0.255862 -0.256542 -0.257638 -0.259289 -0.261631 -0.264732 -0.268576 -0.273024 -0.277729 -0.282316 -0.286451 -0.289858 -0.292302 -0.293588 -0.293541 -0.292011 -0.288876 -0.28406 -0.27753 -0.269305 -0.259531 -0.248319 -0.235819 -0.222282 -0.208033 -0.19219 -0.174885 -0.156349 -0.136942 -0.117164 -0.0976294 -0.0760725 -0.0526992 -0.0277795 -0.00162296 0.0250144 0.0513634 0.0770607 0.101727 0.124979 0.14647 0.168212 0.189506 0.209773 0.22858 0.245632 0.261869 0.27679 0.289991 0.301152 0.310093 0.316832 0.321381 0.32381 0.324236 0.322815 0.319735 0.315211 0.309491 0.302872 0.295715 0.288455 0.281576 0.275528 0.270365 0.266257 0.263151 0.260879 0.259255 0.258115 0.257327 0.256791 0.256433 0.256198 0.256046 0.255948 0.255886 0.255846 0.255818 0.255796 
-0.286375 -0.286303 -0.286228 -0.286145 -0.286052 -0.285952 -0.285854 -0.285772 -0.285729 -0.285761 -0.285917 -0.286265 -0.286889 -0.287898 -0.289405 -0.291513 -0.29425 -0.297581 -0.301381 -0.305349 -0.309146 -0.31246 -0.315016 -0.31658 -0.31695 -0.315946 -0.313413 -0.309231 -0.303325 -0.295667 -0.286287 -0.275348 -0.262978 -0.249349 -0.234738 -0.219496 -0.202614 -0.184236 -0.16461 -0.144105 -0.123218 -0.102554 -0.0798398 -0.0552794 -0.0291455 -0.00175921 0.02611 0.0536777 0.080562 0.106372 0.130725 0.153281 0.176045 0.198333 0.219569 0.239318 0.257278 0.274525 0.290544 0.304908 0.317266 0.327409 0.335333 0.341032 0.344568 0.346057 0.345656 0.343562 0.339998 0.335219 0.329525 0.323268 0.316855 0.310723 0.305261 0.300519 0.296666 0.293691 0.291477 0.289873 0.288734 0.287942 0.287399 0.287035 0.286794 0.286637 0.286536 0.286472 0.286429 0.286399 0.286375 
-0.320013 -0.319935 -0.319853 -0.319762 -0.31966 -0.319549 -0.319437 -0.319336 -0.319271 -0.319273 -0.31939 -0.319683 -0.320229 -0.321119 -0.322445 -0.324276 -0.326614 -0.329408 -0.332539 -0.335742 -0.338711 -0.341151 -0.342795 -0.343408 -0.342784 -0.340737 -0.337108 -0.331779 -0.324677 -0.315784 -0.305139 -0.292926 -0.279292 -0.264435 -0.248661 -0.23234 -0.214323 -0.194767 -0.173933 -0.152199 -0.13006 -0.108112 -0.084083 -0.0581769 -0.0306714 -0.0019002 0.0273544 0.0562931 0.0845163 0.111622 0.137225 0.160991 0.18491 0.20831 0.230621 0.251405 0.270354 0.288699 0.305908 0.321532 0.33519 0.34664 0.355854 0.362809 0.367556 0.370203 0.370913 0.369887 0.367357 0.363583 0.358866 0.353546 0.348007 0.34264 0.337788 0.333505 0.329956 0.327162 0.325046 0.323491 0.322375 0.321591 0.321051 0.320686 0.320443 0.320284 0.320181 0.320114 0.32007 0.320038 0.320013 
-0.357014 -0.35693 -0.356841 -0.356742 -0.356631 -0.356508 -0.35638 -0.356259 -0.356166 -0.356132 -0.356198 -0.35642 -0.356865 -0.357606 -0.358713 -0.360227 -0.362132 -0.364363 -0.366802 -0.36921 -0.371311 -0.372826 -0.373496 -0.373086 -0.371386 -0.368204 -0.36338 -0.356797 -0.348387 -0.338141 -0.326113 -0.312509 -0.297499 -0.281308 -0.264267 -0.246773 -0.227514 -0.206661 -0.184484 -0.161369 -0.137812 -0.114405 -0.0888789 -0.061443 -0.032383 -0.00204582 0.0287733 0.0592609 0.0889998 0.117576 0.144602 0.169742 0.19497 0.219618 0.243125 0.265049 0.285079 0.304618 0.323119 0.340108 0.355175 0.368044 0.378663 0.386986 0.39305 0.396959 0.398874 0.399002 0.397582 0.394878 0.391189 0.386846 0.382207 0.377626 0.373411 0.369626 0.366427 0.36386 0.361882 0.360408 0.359337 0.358578 0.358051 0.357691 0.357451 0.357292 0.357188 0.35712 0.357074 0.357041 0.357014 
-0.397715 -0.397625 -0.397529 -0.397423 -0.397302 -0.397167 -0.397022 -0.396878 -0.396753 -0.396675 -0.39668 -0.396814 -0.397134 -0.397696 -0.398549 -0.39971 -0.401149 -0.40279 -0.404512 -0.406098 -0.407292 -0.407831 -0.407464 -0.405957 -0.403095 -0.398684 -0.392561 -0.384611 -0.374773 -0.36305 -0.349512 -0.334391 -0.317883 -0.300239 -0.28182 -0.263045 -0.242423 -0.220134 -0.196459 -0.17179 -0.146624 -0.121554 -0.0943196 -0.0651397 -0.0343112 -0.00219579 0.0303981 0.0626432 0.0941049 0.124357 0.153004 0.179708 0.206418 0.232473 0.257313 0.280498 0.301713 0.322554 0.342457 0.360926 0.37752 0.391929 0.404072 0.413881 0.421377 0.426655 0.429873 0.431243 0.431009 0.42944 0.426831 0.423503 0.419791 0.416021 0.41247 0.409217 0.406413 0.404117 0.402318 0.400955 0.399953 0.399235 0.398731 0.398385 0.398151 0.397996 0.397893 0.397824 0.397778 0.397744 0.397715 
-0.442487 -0.44239 -0.442288 -0.442174 -0.442043 -0.441895 -0.441732 -0.441563 -0.441403 -0.441274 -0.441206 -0.441237 -0.44141 -0.441766 -0.442333 -0.44311 -0.444053 -0.445079 -0.446061 -0.446796 -0.447045 -0.44656 -0.445094 -0.442416 -0.438308 -0.43257 -0.425039 -0.415604 -0.404211 -0.390878 -0.375695 -0.358923 -0.340782 -0.321556 -0.301634 -0.281458 -0.259333 -0.235449 -0.210095 -0.183669 -0.156673 -0.129704 -0.100516 -0.0693419 -0.0364935 -0.00234956 0.0322673 0.0665158 0.0999434 0.13211 0.16261 0.191097 0.219491 0.247134 0.273466 0.29805 0.32057 0.342833 0.364261 0.384335 0.402583 0.418659 0.432454 0.443873 0.452918 0.459674 0.464295 0.466995 0.468024 0.467653 0.466174 0.463899 0.461142 0.458205 0.455345 0.452658 0.450287 0.448304 0.446719 0.4455 0.44459 0.44393 0.443462 0.443137 0.442915 0.442765 0.442665 0.442598 0.442551 0.442516 0.442487 
-0.491735 -0.491633 -0.491525 -0.491403 -0.491263 -0.491101 -0.49092 -0.490724 -0.490525 -0.490339 -0.490189 -0.490103 -0.490111 -0.490237 -0.490491 -0.490856 -0.49128 -0.49167 -0.491891 -0.491749 -0.491021 -0.489465 -0.486843 -0.482923 -0.477484 -0.470322 -0.461273 -0.450229 -0.43715 -0.422068 -0.405097 -0.386527 -0.366609 -0.345656 -0.32409 -0.302375 -0.278586 -0.252922 -0.225679 -0.197262 -0.168177 -0.139033 -0.107603 -0.0741402 -0.0389748 -0.00250602 0.0344281 0.0709717 0.106652 0.141013 0.173636 0.204162 0.234476 0.263916 0.291926 0.318068 0.342028 0.36585 0.38894 0.410756 0.430794 0.448673 0.464252 0.477409 0.488123 0.496468 0.502593 0.506709 0.509074 0.509961 0.509658 0.508468 0.506691 0.50461 0.502465 0.500371 0.498467 0.496833 0.495497 0.494448 0.493654 0.493068 0.492647 0.492351 0.492147 0.492007 0.491912 0.491846 0.4918 0.491765 0.491735 
-0.545909 -0.545801 -0.545687 -0.545559 -0.545409 -0.545235 -0.545035 -0.544812 -0.544571 -0.544324 -0.544085 -0.543871 -0.543699 -0.543577 -0.543499 -0.543435 -0.543321 -0.54306 -0.542504 -0.541467 -0.539734 -0.537071 -0.533242 -0.528014 -0.521165 -0.512484 -0.501807 -0.489033 -0.474132 -0.457156 -0.438245 -0.417719 -0.395862 -0.373023 -0.349651 -0.326238 -0.3006 -0.27294 -0.243562 -0.212878 -0.181403 -0.149757 -0.115746 -0.0796451 -0.0418099 -0.00266322 0.0369393 0.0761251 0.1144 0.151287 0.18635 0.219215 0.251722 0.283205 0.313108 0.340993 0.366549 0.392085 0.416992 0.4407 0.462677 0.482502 0.500003 0.515027 0.527531 0.537574 0.545296 0.550911 0.554678 0.556875 0.557788 0.557711 0.556934 0.555724 0.554313 0.552835 0.551423 0.550165 0.549106 0.548254 0.547594 0.547098 0.546736 0.546477 0.546295 0.546168 0.54608 0.546018 0.545974 0.545939 0.545909 
-0.6055 -0.605388 -0.605269 -0.605134 -0.604977 -0.604791 -0.604573 -0.604322 -0.60404 -0.60373 -0.603398 -0.60305 -0.60269 -0.60231 -0.601891 -0.601387 -0.60073 -0.599811 -0.598473 -0.596534 -0.59378 -0.589984 -0.584908 -0.57832 -0.569991 -0.559705 -0.547297 -0.532671 -0.515813 -0.496794 -0.47578 -0.453129 -0.429157 -0.404248 -0.378887 -0.353594 -0.325889 -0.29598 -0.264178 -0.230902 -0.196679 -0.162143 -0.125146 -0.0859922 -0.0450654 -0.0028179 0.0398738 0.0821178 0.123394 0.163201 0.201082 0.236642 0.271665 0.305478 0.337524 0.367368 0.394699 0.422129 0.449026 0.474795 0.498869 0.520792 0.540356 0.557376 0.571786 0.583628 0.593034 0.600217 0.605443 0.608989 0.611145 0.612198 0.612431 0.612101 0.611433 0.610583 0.609679 0.608818 0.608055 0.607418 0.606909 0.606516 0.606222 0.606006 0.605851 0.60574 0.605662 0.605605 0.605563 0.605529 0.6055 
-0.67105 -0.670935 -0.670812 -0.670673 -0.670509 -0.670313 -0.67008 -0.669803 -0.669481 -0.669109 -0.668686 -0.668205 -0.667656 -0.66702 -0.666261 -0.665323 -0.664129 -0.662561 -0.660453 -0.657618 -0.653847 -0.64891 -0.642569 -0.634586 -0.624726 -0.612764 -0.598533 -0.581944 -0.562996 -0.541782 -0.518499 -0.493538 -0.467254 -0.44007 -0.412508 -0.385119 -0.355092 -0.322636 -0.288067 -0.251813 -0.214414 -0.176523 -0.136055 -0.0933487 -0.0488228 -0.0029649 0.0433233 0.0891266 0.133894 0.177095 0.218245 0.256922 0.294845 0.331328 0.365814 0.397868 0.427186 0.456715 0.4858 0.513814 0.540158 0.564338 0.586106 0.605246 0.621669 0.635397 0.646557 0.655359 0.662078 0.666996 0.670403 0.672587 0.673823 0.674367 0.67444 0.674215 0.673823 0.673365 0.672909 0.672498 0.672149 0.671868 0.671649 0.671482 0.671358 0.671266 0.671199 0.671149 0.67111 0.671078 0.67105 
-0.743155 -0.743038 -0.742913 -0.742771 -0.742604 -0.742401 -0.742155 -0.741858 -0.741501 -0.741073 -0.740565 -0.739959 -0.739234 -0.738355 -0.737274 -0.735925 -0.734221 -0.732033 -0.729187 -0.725491 -0.720731 -0.714675 -0.70708 -0.697698 -0.686285 -0.672604 -0.656482 -0.637836 -0.616677 -0.59312 -0.567394 -0.539923 -0.511107 -0.481413 -0.451402 -0.421667 -0.389015 -0.353655 -0.315908 -0.276211 -0.235121 -0.193314 -0.148788 -0.101923 -0.0531826 -0.00309635 0.0474037 0.0973743 0.146226 0.193394 0.238357 0.280663 0.321944 0.361504 0.398781 0.433344 0.464895 0.496763 0.528262 0.55873 0.58753 0.614129 0.638238 0.65961 0.678132 0.693809 0.706763 0.717206 0.725423 0.731704 0.736344 0.739631 0.741843 0.743233 0.744024 0.744406 0.744511 0.744448 0.744296 0.744111 0.743926 0.743759 0.743618 0.743504 0.743413 0.743342 0.743288 0.743245 0.743211 0.743182 0.743155 
-0.82247 -0.822354 -0.82223 -0.822088 -0.82192 -0.821714 -0.821462 -0.82115 -0.820767 -0.820295 -0.819717 -0.819005 -0.818127 -0.817035 -0.815671 -0.813956 -0.811793 -0.809045 -0.805524 -0.801035 -0.795356 -0.788247 -0.779454 -0.768717 -0.755776 -0.740377 -0.722337 -0.701573 -0.678104 -0.652068 -0.623722 -0.59353 -0.561936 -0.529458 -0.49671 -0.464328 -0.428686 -0.389991 -0.348568 -0.304864 -0.259455 -0.213043 -0.163739 -0.111977 -0.0582696 -0.00320046 0.0522627 0.107142 0.160804 0.212636 0.262076 0.308635 0.353833 0.396962 0.437455 0.474885 0.508962 0.54345 0.577623 0.610777 0.642232 0.671413 0.697988 0.72168 0.742351 0.76 0.774741 0.7868 0.796472 0.804062 0.809873 0.8142 0.817325 0.819504 0.820963 0.821906 0.822473 0.822778 0.822912 0.822942 0.822913 0.822858 0.822794 0.82273 0.822674 0.822625 0.822584 0.822549 0.82252 0.822495 0.82247 
-0.909718 -0.909605 -0.909484 -0.909346 -0.909181 -0.908979 -0.908727 -0.908411 -0.908015 -0.907518 -0.906892 -0.906105 -0.905113 -0.903859 -0.902273 -0.900265 -0.897728 -0.894516 -0.890432 -0.885269 -0.878798 -0.870763 -0.860898 -0.848923 -0.834554 -0.817513 -0.797595 -0.774708 -0.748875 -0.720247 -0.689113 -0.655972 -0.621324 -0.585746 -0.549912 -0.51452 -0.475443 -0.432883 -0.387167 -0.338757 -0.288249 -0.236379 -0.18141 -0.123837 -0.0642385 -0.00325985 0.0580886 0.118789 0.178151 0.235509 0.290249 0.341831 0.391637 0.43894 0.48317 0.523903 0.560862 0.598306 0.635457 0.671558 0.705878 0.737796 0.766935 0.792988 0.815803 0.835374 0.851825 0.865397 0.876409 0.885185 0.892043 0.897292 0.901218 0.904085 0.906125 0.907556 0.908521 0.909146 0.909528 0.909746 0.909856 0.9099 0.909905 0.90989 0.909865 0.909837 0.909809 0.909784 0.90976 0.909738 0.909718 
-1.00569 -1.00558 -1.00547 -1.00534 -1.00519 -1.00499 -1.00475 -1.00445 -1.00405 -1.00356 -1.00292 -1.0021 -1.00105 -0.999704 -0.997984 -0.995792 -0.99301 -0.989482 -0.985003 -0.979358 -0.972302 -0.963566 -0.952861 -0.939878 -0.924303 -0.905815 -0.884175 -0.859261 -0.831085 -0.799805 -0.765734 -0.729409 -0.691392 -0.652335 -0.612989 -0.57413 -0.531055 -0.483957 -0.433167 -0.379165 -0.322577 -0.264176 -0.20243 -0.137913 -0.0712793 -0.00324884 0.065121 0.132768 0.198936 0.262892 0.323959 0.381537 0.436821 0.489067 0.537693 0.582278 0.622563 0.663376 0.703869 0.743212 0.780615 0.815402 0.847149 0.875527 0.900377 0.921707 0.939666 0.954528 0.966652 0.976388 0.984079 0.990049 0.994597 0.997995 1.00048 1.00228 1.00355 1.00442 1.00499 1.00535 1.00557 1.0057 1.00576 1.00578 1.00578 1.00577 1.00576 1.00574 1.00572 1.00571 1.00569 
-1.11126 -1.11116 -1.11106 -1.11095 -1.11081 -1.11064 -1.11042 -1.11014 -1.10977 -1.1093 -1.10869 -1.1079 -1.10687 -1.10553 -1.1038 -1.10157 -1.09872 -1.09509 -1.09047 -1.08463 -1.07732 -1.06825 -1.05709 -1.04352 -1.02715 -1.00762 -0.984613 -0.957946 -0.927592 -0.893695 -0.856584 -0.816834 -0.775081 -0.732071 -0.688662 -0.645737 -0.597918 -0.545388 -0.488493 -0.427741 -0.363802 -0.297497 -0.227572 -0.154696 -0.0796147 -0.00312935 0.073656 0.149636 0.223981 0.295884 0.364589 0.429415 0.491315 0.549514 0.603409 0.652577 0.69677 0.741486 0.785772 0.828702 0.869405 0.907146 0.941448 0.97197 0.998569 1.02129 1.04035 1.05609 1.06891 1.07923 1.0874 1.09378 1.09867 1.10237 1.1051 1.10711 1.10855 1.10955 1.11023 1.11068 1.11097 1.11114 1.11124 1.11129 1.11131 1.11131 1.11131 1.1113 1.11128 1.11127 1.11126 
-1.22738 -1.22731 -1.22722 -1.22713 -1.22701 -1.22687 -1.22669 -1.22645 -1.22614 -1.22574 -1.22521 -1.22451 -1.22358 -1.22237 -1.22078 -1.21872 -1.21605 -1.21261 -1.2082 -1.2026 -1.19553 -1.18669 -1.17574 -1.16229 -1.1459 -1.1261 -1.10244 -1.07462 -1.04251 -1.0062 -0.966042 -0.922624 -0.876679 -0.829079 -0.780828 -0.732972 -0.679328 -0.620087 -0.555635 -0.486548 -0.413565 -0.337575 -0.257699 -0.174717 -0.0894708 -0.00284449 0.0840298 0.170022 0.254231 0.335775 0.413807 0.487546 0.557615 0.623183 0.683597 0.7384 0.787345 0.836716 0.885406 0.93235 0.97657 1.01726 1.05388 1.08611 1.11384 1.13724 1.15662 1.17247 1.18529 1.19555 1.20364 1.20995 1.21478 1.21844 1.22115 1.22314 1.22457 1.22558 1.22626 1.22672 1.22702 1.2272 1.22731 1.22737 1.2274 1.22741 1.22741 1.22741 1.2274 1.22739 1.22738 
-1.35512 -1.35507 -1.35501 -1.35494 -1.35485 -1.35475 -1.35462 -1.35445 -1.35422 -1.35392 -1.35352 -1.35299 -1.35228 -1.35133 -1.35007 -1.34841 -1.34623 -1.34339 -1.33969 -1.33494 -1.32886 -1.32117 -1.3115 -1.29942 -1.28441 -1.26584 -1.24298 -1.21522 -1.18225 -1.14407 -1.10099 -1.05365 -1.00287 -0.94969 -0.895321 -0.841073 -0.779792 -0.711762 -0.637521 -0.557797 -0.47346 -0.385483 -0.293477 -0.198332 -0.100965 -0.00230967 0.0965249 0.194434 0.290481 0.383731 0.47326 0.558173 0.638651 0.713764 0.782723 0.84493 0.90005 0.955314 1.00936 1.06092 1.10888 1.15234 1.19075 1.22377 1.25142 1.27404 1.29225 1.30682 1.31841 1.32755 1.33469 1.3402 1.3444 1.34754 1.34986 1.35154 1.35275 1.35359 1.35416 1.35454 1.35479 1.35494 1.35504 1.35509 1.35512 1.35513 1.35514 1.35514 1.35513 1.35513 1.35512 
-1.49563 -1.49561 -1.49557 -1.49554 -1.49549 -1.49544 -1.49537 -1.49528 -1.49516 -1.495 -1.49478 -1.49449 -1.49409 -1.49356 -1.49283 -1.49186 -1.49055 -1.48881 -1.48651 -1.48349 -1.47955 -1.47446 -1.46791 -1.45949 -1.44866 -1.43455 -1.41545 -1.39011 -1.35797 -1.31896 -1.27336 -1.22178 -1.16508 -1.10443 -1.04128 -0.977335 -0.904508 -0.823713 -0.735945 -0.642212 -0.543516 -0.44085 -0.334395 -0.225069 -0.113775 -0.00140586 0.111055 0.222631 0.332434 0.439565 0.543108 0.642126 0.736287 0.824567 0.905933 0.979358 1.04389 1.10763 1.16884 1.22602 1.27798 1.3238 1.36293 1.39507 1.4203 1.43919 1.45304 1.46358 1.47169 1.47794 1.48271 1.48633 1.48903 1.49103 1.49248 1.49351 1.49424 1.49474 1.49508 1.4953 1.49544 1.49553 1.49558 1.49561 1.49563 1.49564 1.49564 1.49564 1.49564 1.49564 1.49563 
-1.6502 -1.6502 -1.6502 -1.6502 -1.6502 -1.6502 -1.6502 -1.6502 -1.6502 -1.6502 -1.6502 -1.6502 -1.6502 -1.6502 -1.6502 -1.6502 -1.6502 -1.6502 -1.6502 -1.6502 -1.6502 -1.6502 -1.6502 -1.6502 -1.6502 -1.64904 -1.63947 -1.62027 -1.59155 -1.55347 -1.50627 -1.45022 -1.38565 -1.31293 -1.23251 -1.14484 -1.05044 -0.949878 -0.843731 -0.732627 -0.617219 -0.498184 -0.376222 -0.252049 -0.126396 0 0.126396 0.252049 0.376222 0.498184 0.617219 0.732627 0.843731 0.949878 1.05044 1.14484 1.23251 1.31293 1.38565 1.45022 1.50627 1.55347 1.59155 1.62027 1.63947 1.64904 1.6502 1.6502 1.6502 1.6502 1.6502 1.6502 1.6502 1.6502 1.6502 1.6502 1.6502 1.6502 1.6502 1.6502 1.6502 1.6502 1.6502 1.6502 1.6502 1.6502 1.6502 1.6502 1.6502 1.6502 1.6502 
