    0 566.583237
    1 749.492655
    2 959.977276
    3 1132.427577
    4 1289.197169
    5 1436.689825
    6 1574.144751
    7 1703.552271
    8 1827.976665
    9 1947.307492
   10 2057.755085
   11 2153.996158
   12 2231.528861
   13 2287.623519
   14 2321.022200
   15 2331.684013
   16 2320.457610
   17 2288.633752
   18 2238.122037
   19 2171.292672
   20 2090.906740
   21 2000.191365
   22 1902.100321
   23 1799.713061
   24 1695.918022
   25 1593.152771
   26 1493.429751
   27 1398.380494
   28 1309.383471
   29 1227.467254
   30 1153.256083
   31 1087.029019
   32 1028.740134
   33 977.914242
   34 933.775655
   35 895.075556
   36 860.397476
   37 828.338389
   38 797.654731
   39 767.390046
   40 736.842477
   41 705.632701
   42 673.655993
   43 641.061449
   44 608.153352
   45 575.339946
   46 543.090646
   47 511.873253
   48 482.160693
   49 454.361184
   50 428.834834
   51 405.885824
   52 385.757327
   53 368.608179
   54 354.510132
   55 343.443757
   56 335.284890
   57 329.802855
   58 326.728438
   59 325.715396
   60 326.413951
   61 328.448916
   62 331.447248
   63 335.045958
   64 338.901946
   65 342.715820
   66 346.212279
   67 349.156901
   68 351.358089
   69 352.644445
   70 352.872810
   71 351.941582
   72 349.788511
   73 346.384730
   74 341.732411
   75 335.858663
   76 328.793629
   77 320.610909
   78 311.398707
   79 301.261308
   80 290.320944
   81 278.702877
   82 266.548529
   83 254.008322
   84 241.244186
   85 228.423522
   86 215.713035
   87 203.280998
   88 191.290764
   89 179.902060
   90 169.256950
   91 159.483936
   92 150.690481
   93 142.947970
   94 136.282334
   95 130.675353
   96 126.063606
   97 122.340575
   98 119.366102
   99 116.980362
  100 115.019828
  101 113.323749
  102 111.747649
  103 110.174413
  104 108.514716
  105 106.708068
  106 104.722972
  107 102.557045
  108 100.233423
  109 97.798001
  110 95.318081
  111 92.875609
  112 90.562205
  113 88.474576
  114 86.706510
  115 85.342360
  116 84.444528
  117 84.047549
  118 84.155751
  119 84.739714
  120 85.740748
  121 87.078254
  122 88.657384
  123 90.377925
  124 92.140877
  125 93.851162
  126 95.423582
  127 96.783976
  128 97.869853
  129 98.632369
  130 99.034608
  131 99.050565
  132 98.665443
  133 97.873798
  134 96.679211
  135 95.093994
  136 93.137190
  137 90.834191
  138 88.216328
  139 85.321184
  140 82.189731
  141 78.866351
  142 75.398340
  143 71.835581
  144 68.229262
  145 64.632614
  146 61.099176
  147 57.681380
  148 54.429618
  149 51.390187
  150 48.603635
  151 46.102357
  152 43.908231
  153 42.030433
  154 40.463705
  155 39.188172
  156 38.170987
  157 37.369289
  158 36.734547
  159 36.216580
  160 35.767092
  161 35.342815
  162 34.907037
  163 34.430638
  164 33.892600
  165 33.279867
  166 32.586792
  167 31.814695
  168 30.970889
  169 30.068134
  170 29.123709
  171 28.158536
  172 27.196330
  173 26.262464
  174 25.382708
  175 24.581566
  176 23.880506
  177 23.296131
  178 22.838719
  179 22.510974
  180 22.307562
  181 22.215934
  182 22.217693
  183 22.290328
  184 22.409287
  185 22.549851
  186 22.688641
  187 22.804712
  188 22.880144
  189 22.900565
  190 22.854959
  191 22.735810
  192 22.538931
  193 22.263195
  194 21.910370
  195 21.484821
  196 20.993254
  197 20.444370
  198 19.848867
  199 19.218857
  200 18.567758
  201 17.909968
  202 17.260432
  203 16.634084
  204 16.045292
  205 15.507129
  206 15.030557
  207 14.623741
  208 14.291275
  209 14.033792
  210 13.847909
  211 13.726559
  212 13.659683
  213 13.635159
  214 13.639800
  215 13.660291
  216 13.683932
  217 13.699239
  218 13.696366
  219 13.667200
  220 13.605464
  221 13.506714
  222 13.368163
  223 13.188799
  224 12.969081
  225 12.710782
  226 12.416873
  227 12.091364
  228 11.739160
  229 11.365897
  230 10.977806
  231 10.581513
  232 10.183859
  233 9.791716
  234 9.411687
  235 9.049969
  236 8.712004
  237 8.402225
  238 8.123820
  239 7.878537
  240 7.666592
  241 7.486691
  242 7.336182
  243 7.211319
  244 7.107612
  245 7.020218
  246 6.944325
  247 6.875456
  248 6.809737
  249 6.744079
  250 6.676276
  251 6.605054
  252 6.530074
  253 6.451871
  254 6.371768
  255 6.291769
  256 6.214399
  257 6.142526
  258 6.079140
  259 6.027136
  260 5.989110
  261 5.967148
  262 5.962635
  263 5.976120
  264 6.007254
  265 6.054820
  266 6.116814
  267 6.190592
  268 6.273044
  269 6.360773
  270 6.450279
  271 6.538105
  272 6.620899
  273 6.695572
  274 6.759556
  275 6.810601
  276 6.846789
  277 6.866613
  278 6.868996
  279 6.853275
  280 6.819161
  281 6.766702
  282 6.696275
  283 6.608566
  284 6.504523
  285 6.385338
  286 6.252411
  287 6.107347
  288 5.951808
  289 5.787635
  290 5.616737
  291 5.441049
  292 5.262506
  293 5.083014
  294 4.904411
  295 4.728441
  296 4.556721
  297 4.390706
  298 4.231666
  299 4.080664
  300 3.938544
  301 3.805927
  302 3.683207
  303 3.570570
  304 3.468012
  305 3.375366
  306 3.292342
  307 3.218562
  308 3.153597
  309 3.097005
  310 3.048354
  311 3.007246
  312 2.973325
  313 2.946274
  314 2.925815
  315 2.911686
  316 2.903625
  317 2.901349
  318 2.904532
  319 2.912787
  320 2.925656
  321 2.942602
  322 2.963007
  323 2.986181
  324 3.011376
  325 3.037796
  326 3.064616
  327 3.091005
  328 3.116140
  329 3.139234
  330 3.159539
  331 3.176368
  332 3.189103
  333 3.197209
  334 3.200238
  335 3.197833
  336 3.189731
  337 3.175764
  338 3.155858
  339 3.130029
  340 3.098381
  341 3.061096
  342 3.018432
  343 2.970716
  344 2.918335
  345 2.861729
  346 2.801383
  347 2.737815
  348 2.671572
  349 2.603215
  350 2.533314
  351 2.462438
  352 2.391146
  353 2.319977
  354 2.249446
  355 2.180032
  356 2.112175
  357 2.046268
  358 1.982655
  359 1.921628
  360 1.863422
  361 1.808220
  362 1.756152
  363 1.707297
  364 1.661689
  365 1.619323
  366 1.580158
  367 1.544125
  368 1.511134
  369 1.481079
  370 1.453840
  371 1.429290
  372 1.407298
  373 1.387727
  374 1.370437
  375 1.355284
  376 1.342116
  377 1.330777
  378 1.321100
  379 1.312910
  380 1.306021
  381 1.300239
  382 1.295357
  383 1.291165
  384 1.287445
  385 1.283979
  386 1.280549
  387 1.276943
  388 1.272956
  389 1.268395
  390 1.263086
  391 1.256870
  392 1.249609
  393 1.241188
  394 1.231515
  395 1.220524
  396 1.208172
  397 1.194444
  398 1.179348
  399 1.162917
  400 1.145206
  401 1.126290
  402 1.106265
  403 1.085241
  404 1.063345
  405 1.040714
  406 1.017494
  407 0.993838
  408 0.969900
  409 0.945837
  410 0.921801
  411 0.897939
  412 0.874390
  413 0.851283
  414 0.828730
  415 0.806835
  416 0.785680
  417 0.765334
  418 0.745846
  419 0.727248
  420 0.709557
  421 0.692773
  422 0.676880
  423 0.661856
  424 0.647669
  425 0.634277
  426 0.621635
  427 0.609692
  428 0.598399
  429 0.587706
  430 0.577568
  431 0.567943
  432 0.558791
  433 0.550079
  434 0.541774
  435 0.533850
  436 0.526282
  437 0.519048
  438 0.512127
  439 0.505496
  440 0.499137
  441 0.493027
  442 0.487143
  443 0.481463
  444 0.475961
  445 0.470611
  446 0.465387
  447 0.460261
  448 0.455209
  449 0.450206
  450 0.445228
  451 0.440255
  452 0.435271
  453 0.430263
  454 0.425220
  455 0.420140
  456 0.415022
  457 0.409870
  458 0.404695
  459 0.399509
  460 0.394329
  461 0.389174
  462 0.384067
  463 0.379031
  464 0.374089
  465 0.369266
  466 0.364583
  467 0.360060
  468 0.355715
  469 0.351560
  470 0.347606
  471 0.343856
  472 0.340312
  473 0.336968
  474 0.333816
  475 0.330842
  476 0.328029
  477 0.325358
  478 0.322807
  479 0.320353
  480 0.317970
  481 0.315636
  482 0.313326
  483 0.311020
  484 0.308696
  485 0.306338
  486 0.303931
  487 0.301462
  488 0.298923
  489 0.296309
  490 0.293615
  491 0.290843
  492 0.287994
  493 0.285075
  494 0.282092
  495 0.279055
  496 0.275973
  497 0.272858
  498 0.269723
  499 0.266580
  500 0.263443
  501 0.260324
  502 0.257235
  503 0.254189
  504 0.251197
  505 0.248268
  506 0.245413
  507 0.242639
  508 0.239955
  509 0.237366
  510 0.234877
  511 0.232492
  512 0.230215
  513 0.228048
  514 0.225993
  515 0.224049
  516 0.222216
  517 0.220492
  518 0.218877
  519 0.217366
  520 0.215957
  521 0.214645
  522 0.213424
  523 0.212288
  524 0.211232
  525 0.210247
  526 0.209326
  527 0.208459
  528 0.207639
  529 0.206855
  530 0.206098
  531 0.205358
  532 0.204624
  533 0.203888
  534 0.203139
  535 0.202368
  536 0.201566
  537 0.200726
  538 0.199840
  539 0.198900
  540 0.197901
  541 0.196839
  542 0.195710
  543 0.194510
  544 0.193238
  545 0.191893
  546 0.190476
  547 0.188987
  548 0.187428
  549 0.185804
  550 0.184117
  551 0.182372
  552 0.180575
  553 0.178730
  554 0.176844
  555 0.174924
  556 0.172976
  557 0.171007
  558 0.169023
  559 0.167033
  560 0.165041
  561 0.163055
  562 0.161082
  563 0.159126
  564 0.157194
  565 0.155290
  566 0.153419
  567 0.151585
  568 0.149792
  569 0.148042
  570 0.146338
  571 0.144682
  572 0.143075
  573 0.141518
  574 0.140011
  575 0.138554
  576 0.137146
  577 0.135786
  578 0.134472
  579 0.133203
  580 0.131976
  581 0.130788
  582 0.129637
  583 0.128519
  584 0.127431
  585 0.126369
  586 0.125331
  587 0.124311
  588 0.123308
  589 0.122316
  590 0.121333
  591 0.120355
  592 0.119378
  593 0.118399
  594 0.117416
  595 0.116426
  596 0.115426
  597 0.114414
  598 0.113388
  599 0.112346
  600 0.111288
  601 0.110212
  602 0.109118
  603 0.108006
  604 0.106874
  605 0.105725
  606 0.104558
  607 0.103375
  608 0.102176
  609 0.100963
  610 0.099738
  611 0.098502
  612 0.097257
  613 0.096005
  614 0.094749
  615 0.093490
  616 0.092231
  617 0.090974
  618 0.089721
  619 0.088474
  620 0.087236
  621 0.086009
  622 0.084793
  623 0.083592
  624 0.082407
  625 0.081238
  626 0.080088
  627 0.078958
  628 0.077848
  629 0.076760
  630 0.075693
  631 0.074648
  632 0.073626
  633 0.072627
  634 0.071649
  635 0.070694
  636 0.069760
  637 0.068848
  638 0.067956
  639 0.067084
  640 0.066230
  641 0.065394
  642 0.064576
  643 0.063773
  644 0.062984
  645 0.062210
  646 0.061447
  647 0.060696
  648 0.059956
  649 0.059224
  650 0.058500
  651 0.057783
  652 0.057072
  653 0.056365
  654 0.055664
  655 0.054965
  656 0.054269
  657 0.053576
  658 0.052884
  659 0.052193
  660 0.051504
  661 0.050815
  662 0.050127
  663 0.049439
  664 0.048752
  665 0.048066
  666 0.047381
  667 0.046697
  668 0.046015
  669 0.045334
  670 0.044657
  671 0.043982
  672 0.043310
  673 0.042643
  674 0.041980
  675 0.041323
  676 0.040671
  677 0.040025
  678 0.039386
  679 0.038754
  680 0.038131
  681 0.037515
  682 0.036908
  683 0.036310
  684 0.035722
  685 0.035143
  686 0.034574
  687 0.034015
  688 0.033466
  689 0.032928
  690 0.032400
  691 0.031883
  692 0.031376
  693 0.030879
  694 0.030392
  695 0.029915
  696 0.029448
  697 0.028991
  698 0.028542
  699 0.028103
  700 0.027673
  701 0.027251
  702 0.026837
  703 0.026430
  704 0.026031
  705 0.025639
  706 0.025254
  707 0.024875
  708 0.024502
  709 0.024135
  710 0.023773
  711 0.023416
  712 0.023064
  713 0.022716
  714 0.022373
  715 0.022034
  716 0.021699
  717 0.021368
  718 0.021040
  719 0.020715
  720 0.020394
  721 0.020077
  722 0.019762
  723 0.019451
  724 0.019143
  725 0.018838
  726 0.018536
  727 0.018238
  728 0.017943
  729 0.017651
  730 0.017363
  731 0.017079
  732 0.016798
  733 0.016521
  734 0.016248
  735 0.015979
  736 0.015714
  737 0.015453
  738 0.015196
  739 0.014943
  740 0.014695
  741 0.014451
  742 0.014212
  743 0.013977
  744 0.013746
  745 0.013520
  746 0.013298
  747 0.013080
  748 0.012867
  749 0.012659
  750 0.012454
  751 0.012254
  752 0.012058
  753 0.011866
  754 0.011677
  755 0.011493
  756 0.011313
  757 0.011136
  758 0.010963
  759 0.010793
  760 0.010627
  761 0.010464
  762 0.010304
  763 0.010148
  764 0.009994
  765 0.009843
  766 0.009696
  767 0.009550
  768 0.009408
  769 0.009268
  770 0.009131
  771 0.008996
  772 0.008863
  773 0.008733
  774 0.008605
  775 0.008479
  776 0.008355
  777 0.008234
  778 0.008114
  779 0.007997
  780 0.007882
  781 0.007768
  782 0.007657
  783 0.007547
  784 0.007440
  785 0.007334
  786 0.007230
  787 0.007129
  788 0.007029
  789 0.006930
  790 0.006834
  791 0.006739
  792 0.006647
  793 0.006555
  794 0.006466
  795 0.006378
  796 0.006292
  797 0.006208
  798 0.006125
  799 0.006044
  800 0.005965
  801 0.005887
  802 0.005810
  803 0.005735
  804 0.005661
  805 0.005589
  806 0.005518
  807 0.005448
  808 0.005380
  809 0.005312
  810 0.005246
  811 0.005182
  812 0.005118
  813 0.005055
  814 0.004993
  815 0.004933
  816 0.004873
  817 0.004814
  818 0.004757
  819 0.004700
  820 0.004644
  821 0.004589
  822 0.004535
  823 0.004482
  824 0.004429
  825 0.004378
  826 0.004327
  827 0.004277
  828 0.004228
  829 0.004179
  830 0.004131
  831 0.004085
  832 0.004038
  833 0.003993
  834 0.003948
  835 0.003905
  836 0.003861
  837 0.003819
  838 0.003777
  839 0.003736
  840 0.003696
  841 0.003656
  842 0.003617
  843 0.003579
  844 0.003541
  845 0.003504
  846 0.003467
  847 0.003431
  848 0.003396
  849 0.003361
  850 0.003327
  851 0.003293
  852 0.003260
  853 0.003227
  854 0.003195
  855 0.003163
  856 0.003132
  857 0.003101
  858 0.003070
  859 0.003040
  860 0.003010
  861 0.002981
  862 0.002952
  863 0.002923
  864 0.002894
  865 0.002866
  866 0.002838
  867 0.002810
  868 0.002783
  869 0.002756
  870 0.002729
  871 0.002702
  872 0.002676
  873 0.002649
  874 0.002623
  875 0.002598
  876 0.002572
  877 0.002547
  878 0.002521
  879 0.002497
  880 0.002472
  881 0.002447
  882 0.002423
  883 0.002399
  884 0.002375
  885 0.002352
  886 0.002328
  887 0.002305
  888 0.002283
  889 0.002260
  890 0.002238
  891 0.002216
  892 0.002194
  893 0.002172
  894 0.002151
  895 0.002130
  896 0.002109
  897 0.002088
  898 0.002068
  899 0.002048
  900 0.002028
  901 0.002008
  902 0.001989
  903 0.001970
  904 0.001951
  905 0.001932
  906 0.001914
  907 0.001895
  908 0.001877
  909 0.001859
  910 0.001842
  911 0.001824
  912 0.001807
  913 0.001790
  914 0.001773
  915 0.001756
  916 0.001740
  917 0.001723
  918 0.001707
  919 0.001691
  920 0.001675
  921 0.001659
  922 0.001643
  923 0.001627
  924 0.001612
  925 0.001596
  926 0.001581
  927 0.001566
  928 0.001551
  929 0.001536
  930 0.001521
  931 0.001507
  932 0.001492
  933 0.001477
  934 0.001463
  935 0.001449
  936 0.001435
  937 0.001421
  938 0.001407
  939 0.001393
  940 0.001379
  941 0.001365
  942 0.001352
  943 0.001339
  944 0.001325
  945 0.001312
  946 0.001299
  947 0.001286
  948 0.001274
  949 0.001261
  950 0.001249
  951 0.001236
  952 0.001224
  953 0.001212
  954 0.001200
  955 0.001188
  956 0.001176
  957 0.001165
  958 0.001153
  959 0.001142
  960 0.001131
  961 0.001119
  962 0.001108
  963 0.001098
  964 0.001087
  965 0.001076
  966 0.001066
  967 0.001055
  968 0.001045
  969 0.001035
  970 0.001025
  971 0.001015
  972 0.001005
  973 0.000995
  974 0.000985
  975 0.000976
  976 0.000966
  977 0.000957
  978 0.000947
  979 0.000938
  980 0.000929
  981 0.000920
  982 0.000911
  983 0.000902
  984 0.000893
  985 0.000884
  986 0.000876
  987 0.000867
  988 0.000858
  989 0.000850
  990 0.000841
  991 0.000833
  992 0.000825
  993 0.000817
  994 0.000808
  995 0.000800
  996 0.000792
  997 0.000784
  998 0.000777
  999 0.000769
 1000 0.000761
 1001 0.000753
 1002 0.000746
 1003 0.000738
 1004 0.000731
 1005 0.000724
 1006 0.000716
 1007 0.000709
 1008 0.000702
 1009 0.000695
 1010 0.000688
 1011 0.000681
 1012 0.000674
 1013 0.000667
 1014 0.000661
 1015 0.000654
 1016 0.000647
 1017 0.000641
 1018 0.000634
 1019 0.000628
 1020 0.000622
 1021 0.000615
 1022 0.000609
 1023 0.000603
 1024 0.000597
 1025 0.000591
 1026 0.000585
 1027 0.000579
 1028 0.000573
 1029 0.000567
 1030 0.000562
