0 3.32763e-14 3.44221e-14 2.54206e-14 2.18367e-14 2.09763e-14 2.77695e-14 2.38143e-14 2.27596e-14 1.64729e-14 -2.76168e-15 2.28513e-15 41.9058 37.0909 30.3627 25.9412 19.6692 10.8299 -0.729581 -15.677 -35.0695 -60.7619 -96.0303 -147.216 -194.032 3.5084e-13 194.032 147.216 96.0303 60.7619 35.0695 15.677 0.729581 -10.8299 -19.6692 -25.9412 -30.3627 -37.0909 -41.9058 2.28513e-15 -2.76168e-15 1.64729e-14 2.27596e-14 2.38143e-14 2.77695e-14 2.09763e-14 2.18367e-14 2.54206e-14 3.44221e-14 3.32763e-14 0 
0.0048678 0.0048678 0.0240215 0.0448032 0.0700624 0.109999 0.179604 0.291992 0.393012 0.188673 -0.23931 6.97948 43.7002 38.348 28.8274 23.2492 17.0322 8.06006 -4.00427 -19.6702 -40.0726 -67.2073 -104.763 -156.874 -197.763 -4.4174e-13 197.763 156.874 104.763 67.2073 40.0726 19.6702 4.00427 -8.06006 -17.0322 -23.2492 -28.8274 -38.348 -43.7002 -6.97948 0.23931 -0.188673 -0.393012 -0.291992 -0.179604 -0.109999 -0.0700624 -0.0448032 -0.0240215 -0.0048678 -0.0048678 
0.00761761 0.0076176 0.0428058 0.0780962 0.121033 0.1929 0.321225 0.530938 0.737956 0.440041 -0.487368 7.2323 41.4679 38.0097 29.0157 22.9691 16.5647 7.47824 -4.75247 -20.6588 -41.4704 -69.1506 -107.096 -157.605 -188.608 -4.49826e-13 188.608 157.605 107.096 69.1506 41.4704 20.6588 4.75247 -7.47824 -16.5647 -22.9691 -29.0157 -38.0097 -41.4679 -7.2323 0.487368 -0.440041 -0.737956 -0.530938 -0.321225 -0.1929 -0.121033 -0.0780962 -0.0428058 -0.0076176 -0.00761761 
0.00994546 0.00994545 0.0641884 0.118457 0.184175 0.295239 0.495988 0.826086 1.13181 0.622202 -0.257892 10.0562 40.3942 37.654 28.6569 22.0416 15.4515 6.16271 -6.42714 -22.7628 -44.1204 -72.3582 -110.509 -158.421 -172.374 -2.43088e-14 172.374 158.421 110.509 72.3582 44.1204 22.7628 6.42714 -6.16271 -15.4515 -22.0416 -28.6569 -37.654 -40.3942 -10.0562 0.257892 -0.622202 -1.13181 -0.826086 -0.495988 -0.295239 -0.184175 -0.118457 -0.0641884 -0.00994545 -0.00994546 
0.00844766 0.00844765 0.0799705 0.152203 0.239165 0.388149 0.662396 1.11524 1.48697 0.672297 -0.180079 12.0467 39.5133 37.3838 27.8432 20.6989 13.9888 4.47335 -8.47231 -25.1383 -46.7974 -75.1078 -112.438 -154.587 -149.615 -1.7808e-13 149.615 154.587 112.438 75.1078 46.7974 25.1383 8.47231 -4.47335 -13.9888 -20.6989 -27.8432 -37.3838 -39.5133 -12.0467 0.180079 -0.672297 -1.48697 -1.11524 -0.662396 -0.388149 -0.239165 -0.152203 -0.0799705 -0.00844765 -0.00844766 
0.00228601 0.002286 0.0895866 0.180245 0.28898 0.477732 0.832497 1.41188 1.7915 0.630323 0.203394 14.1726 38.8565 36.9583 26.7602 19.1898 12.3594 2.57055 -10.7067 -27.623 -49.4536 -77.6383 -113.448 -147.57 -126.38 -9.11272e-14 126.38 147.57 113.448 77.6383 49.4536 27.623 10.7067 -2.57055 -12.3594 -19.1898 -26.7602 -36.9583 -38.8565 -14.1726 -0.203394 -0.630323 -1.7915 -1.41188 -0.832497 -0.477732 -0.28898 -0.180245 -0.0895866 -0.002286 -0.00228601 
-0.00817871 -0.00817872 0.0947124 0.20557 0.338443 0.571977 1.01983 1.73199 2.06447 0.56326 0.850896 16.3677 38.512 36.2586 25.2823 17.416 10.4449 0.312562 -13.3064 -30.4462 -52.3913 -80.2372 -113.308 -136.931 -103.724 5.80423e-15 103.724 136.931 113.308 80.2372 52.3913 30.4462 13.3064 -0.312562 -10.4449 -17.416 -25.2823 -36.2586 -38.512 -16.3677 -0.850896 -0.56326 -2.06447 -1.73199 -1.01983 -0.571977 -0.338443 -0.20557 -0.0947124 0.00817872 0.00817871 
-0.0210458 -0.0210458 0.100277 0.234956 0.39653 0.684136 1.24417 2.09337 2.32168 0.548048 1.82743 18.6166 38.3552 35.1478 23.3702 15.3602 8.18604 -2.37304 -16.3406 -33.6661 -55.6228 -82.6236 -111.136 -122.667 -82.918 1.80866e-14 82.918 122.667 111.136 82.6236 55.6228 33.6661 16.3406 2.37304 -8.18604 -15.3602 -23.3702 -35.1478 -38.3552 -18.6166 -1.82743 -0.548048 -2.32168 -2.09337 -1.24417 -0.684136 -0.39653 -0.234956 -0.100277 0.0210458 0.0210458 
-0.0344543 -0.0344543 0.110746 0.273279 0.468227 0.820822 1.51297 2.48734 2.53598 0.578007 3.09817 20.9598 38.2705 33.4716 21.0032 12.9818 5.49435 -5.56404 -19.8529 -37.2816 -59.0034 -84.1899 -106.051 -105.566 -64.6229 1.41873e-13 64.6229 105.566 106.051 84.1899 59.0034 37.2816 19.8529 5.56404 -5.49435 -12.9818 -21.0032 -33.4716 -38.2705 -20.9598 -3.09817 -0.578007 -2.53598 -2.48734 -1.51297 -0.820822 -0.468227 -0.273279 -0.110746 0.0344543 0.0344543 
-0.0480991 -0.0480991 0.126925 0.319899 0.551091 0.979323 1.81848 2.87874 2.65994 0.655514 4.69497 23.4608 38.0643 31.0762 18.1573 10.208 2.27681 -9.31033 -23.8461 -41.2198 -62.1813 -84.0846 -97.5825 -87.2563 -49.3943 1.2919e-13 49.3943 87.2563 97.5825 84.0846 62.1813 41.2198 23.8461 9.31033 -2.27681 -10.208 -18.1573 -31.0762 -38.0643 -23.4608 -4.69497 -0.655514 -2.65994 -2.87874 -1.81848 -0.979323 -0.551091 -0.319899 -0.126925 0.0480991 0.0480991 
-0.0635351 -0.0635351 0.145704 0.369787 0.638959 1.15503 2.14928 3.22807 2.66233 0.833643 6.72517 26.1204 37.3969 27.8435 14.8337 6.96226 -1.53846 -13.6346 -28.2918 -45.2797 -64.5229 -81.4181 -86.0182 -69.5046 -37.1994 2.539e-14 37.1994 69.5046 86.0182 81.4181 64.5229 45.2797 28.2918 13.6346 1.53846 -6.96226 -14.8337 -27.8435 -37.3969 -26.1204 -6.72517 -0.833643 -2.66233 -3.22807 -2.14928 -1.15503 -0.638959 -0.369787 -0.145704 0.0635351 0.0635351 
-0.0829153 -0.0829153 0.16294 0.418154 0.728966 1.35026 2.49822 3.49954 2.53843 1.22344 9.31353 28.7465 35.8247 23.7473 11.051 3.15916 -6.01672 -18.5407 -33.0548 -48.9744 -65.115 -75.6231 -72.4468 -53.6872 -27.7045 -3.5731e-15 27.7045 53.6872 72.4468 75.6231 65.115 48.9744 33.0548 18.5407 6.01672 -3.15916 -11.051 -23.7473 -35.8247 -28.7465 -9.31353 -1.22344 -2.53843 -3.49954 -2.49822 -1.35026 -0.728966 -0.418154 -0.16294 0.0829153 0.0829153 
-0.107319 -0.107319 0.176503 0.463665 0.824828 1.57408 2.85348 3.64806 2.30565 1.98838 12.5391 30.8845 32.9246 18.8779 6.80304 -1.31238 -11.1977 -23.9037 -37.6916 -51.4377 -63.0562 -66.8756 -58.4159 -40.5052 -20.4436 -8.63671e-14 20.4436 40.5052 58.4159 66.8756 63.0562 51.4377 37.6916 23.9037 11.1977 1.31238 -6.80304 -18.8779 -32.9246 -30.8845 -12.5391 -1.98838 -2.30565 -3.64806 -2.85348 -1.57408 -0.824828 -0.463665 -0.176503 0.107319 0.107319 
-0.136328 -0.136328 0.18626 0.507384 0.934187 1.83383 3.18301 3.61215 2.02143 3.35063 16.295 31.8521 28.4769 13.3816 2.01157 -6.54058 -16.9493 -29.2484 -41.3246 -51.648 -57.9631 -56.1767 -45.3598 -30.0381 -14.9618 -3.08766e-14 14.9618 30.0381 45.3598 56.1767 57.9631 51.648 41.3246 29.2484 16.9493 6.54058 -2.01157 -13.3816 -28.4769 -31.8521 -16.295 -3.35063 -2.02143 -3.61215 -3.18301 -1.83383 -0.934187 -0.507384 -0.18626 0.136328 0.136328 
-0.169262 -0.169262 0.19178 0.550784 1.06669 2.12792 3.42481 3.33115 1.84246 5.54841 20.0946 30.9035 22.5475 7.37202 -3.40398 -12.3811 -22.7229 -33.6286 -42.8559 -48.9501 -50.3058 -44.9575 -34.176 -21.9899 -10.8661 -5.02913e-15 10.8661 21.9899 34.176 44.9575 50.3058 48.9501 42.8559 33.6286 22.7229 12.3811 3.40398 -7.37202 -22.5475 -30.9035 -20.0946 -5.54841 -1.84246 -3.33115 -3.42481 -2.12792 -1.06669 -0.550784 -0.19178 0.169262 0.169262 
-0.206131 -0.206131 0.191271 0.597055 1.23559 2.43559 3.47904 2.80121 2.08677 8.65143 22.9621 27.5137 15.4462 0.974823 -9.26542 -18.2039 -27.4821 -35.8906 -41.5206 -43.4997 -41.2521 -34.5052 -25.161 -15.9294 -7.83403 -5.25931e-14 7.83403 15.9294 25.161 34.5052 41.2521 43.4997 41.5206 35.8906 27.4821 18.2039 9.26542 -0.974823 -15.4462 -27.5137 -22.9621 -8.65143 -2.08677 -2.80121 -3.47904 -2.43559 -1.23559 -0.597055 -0.191271 0.206131 0.206131 
-0.249054 -0.249054 0.180966 0.656295 1.45551 2.69184 3.23091 2.19013 3.16656 12.2083 23.6533 21.6884 7.72272 -5.45782 -14.8976 -22.9128 -30.0588 -35.2683 -37.3729 -36.2486 -32.1401 -25.5991 -18.1944 -11.4299 -5.60644 -3.34615e-14 5.60644 11.4299 18.1944 25.5991 32.1401 36.2486 37.3729 35.2683 30.0588 22.9128 14.8976 5.45782 -7.72272 -21.6884 -23.6533 -12.2083 -3.16656 -2.19013 -3.23091 -2.69184 -1.45551 -0.656295 -0.180966 0.249054 0.249054 
-0.305165 -0.305165 0.162512 0.757685 1.71904 2.76574 2.65561 1.90286 5.24006 15.0543 21.3434 14.1475 0.177549 -11.2026 -19.243 -25.3961 -29.775 -31.8579 -31.2934 -28.4741 -23.9793 -18.4851 -12.9604 -8.12231 -3.97928 -1.64572e-14 3.97928 8.12231 12.9604 18.4851 23.9793 28.4741 31.2934 31.8579 29.775 25.3961 19.243 11.2026 -0.177549 -14.1475 -21.3434 -15.0543 -5.24006 -1.90286 -2.65561 -2.76574 -1.71904 -0.757685 -0.162512 0.305165 0.305165 
-0.375247 -0.375247 0.162197 0.927253 1.92844 2.50929 1.9764 2.40605 7.77423 15.7962 16.2545 6.18548 -6.24443 -15.3525 -21.361 -25.1244 -26.8268 -26.5559 -24.5202 -21.2474 -17.2615 -13.0515 -9.10196 -5.70954 -2.79643 -8.47052e-15 2.79643 5.70954 9.10196 13.0515 17.2615 21.2474 24.5202 26.5559 26.8268 25.1244 21.361 15.3525 6.24443 -6.18548 -16.2545 -15.7962 -7.77423 -2.40605 -1.9764 -2.50929 -1.92844 -0.927253 -0.162197 0.375247 0.375247 
-0.44327 -0.44327 0.20648 1.10696 1.91548 1.98302 1.69304 3.76296 9.55875 13.7518 9.6206 -0.812852 -10.7161 -17.2409 -20.9247 -22.4096 -22.1357 -20.5734 -18.1232 -15.1804 -12.0607 -9.03503 -6.30226 -3.96583 -1.94312 1.29925e-14 1.94312 3.96583 6.30226 9.03503 12.0607 15.1804 18.1232 20.5734 22.1357 22.4096 20.9247 17.2409 10.7161 0.812852 -9.6206 -13.7518 -9.55875 -3.76296 -1.69304 -1.98302 -1.91548 -1.10696 -0.20648 0.44327 0.44327 
-0.457817 -0.457817 0.317836 1.21875 1.68419 1.55913 2.10275 5.19747 9.41611 9.4838 3.1159 -5.79858 -12.7885 -16.7643 -18.3534 -18.1945 -16.8814 -14.9587 -12.7603 -10.4751 -8.23199 -6.15602 -4.31182 -2.72649 -1.33705 -7.96096e-15 1.33705 2.72649 4.31182 6.15602 8.23199 10.4751 12.7603 14.9587 16.8814 18.1945 18.3534 16.7643 12.7885 5.79858 -3.1159 -9.4838 -9.41611 -5.19747 -2.10275 -1.55913 -1.68419 -1.21875 -0.317836 0.457817 0.457817 
-0.312136 -0.312136 0.504475 1.19411 1.32214 1.39436 2.74676 5.63668 7.32407 4.63505 -1.73522 -8.26055 -12.564 -14.4753 -14.6304 -13.6526 -12.0972 -10.3835 -8.69974 -7.08341 -5.55481 -4.16846 -2.93941 -1.86971 -0.917919 -2.53253e-14 0.917919 1.86971 2.93941 4.16846 5.55481 7.08341 8.69974 10.3835 12.0972 13.6526 14.6304 14.4753 12.564 8.26055 1.73522 -4.63505 -7.32407 -5.63668 -2.74676 -1.39436 -1.32214 -1.19411 -0.504475 0.312136 0.312136 
-0.121342 -0.121342 0.516413 0.875329 0.968543 1.63789 3.46369 5.30703 4.74884 0.921031 -4.33804 -8.64031 -10.9727 -11.5689 -11.012 -9.83471 -8.45202 -7.12106 -5.92236 -4.81972 -3.78787 -2.85774 -2.02974 -1.29854 -0.637924 -8.21011e-15 0.637924 1.29854 2.02974 2.85774 3.78787 4.81972 5.92236 7.12106 8.45202 9.83471 11.012 11.5689 10.9727 8.64031 4.33804 -0.921031 -4.74884 -5.30703 -3.46369 -1.63789 -0.968543 -0.875329 -0.516413 0.121342 0.121342 
-0.0729741 -0.0729741 0.415194 0.868376 1.58046 2.96902 4.47477 4.52506 2.06078 -2.12902 -6.16743 -8.75058 -9.68617 -9.4178 -8.47489 -7.27331 -6.08198 -5.03247 -4.14856 -3.36532 -2.63995 -1.99454 -1.42229 -0.913065 -0.448163 4.56187e-15 0.448163 0.913065 1.42229 1.99454 2.63995 3.36532 4.14856 5.03247 6.08198 7.27331 8.47489 9.4178 9.68617 8.75058 6.16743 2.12902 -2.06078 -4.52506 -4.47477 -2.96902 -1.58046 -0.868376 -0.415194 0.0729741 0.0729741 
-0.17597 -0.17597 0.290146 0.915711 1.77399 2.6258 2.53826 0.693166 -2.57101 -5.86983 -7.96605 -8.60859 -8.21542 -7.27507 -6.14697 -5.05009 -4.0887 -3.28812 -2.63057 -2.08126 -1.6103 -1.20799 -0.859279 -0.551192 -0.269788 -1.60914e-14 0.269788 0.551192 0.859279 1.20799 1.6103 2.08126 2.63057 3.28812 4.0887 5.05009 6.14697 7.27507 8.21542 8.60859 7.96605 5.86983 2.57101 -0.693166 -2.53826 -2.6258 -1.77399 -0.915711 -0.290146 0.17597 0.17597 
0 0 0 0 0 0 0 0 0 0 0 0 0 0 0 0 0 0 0 0 0 0 0 0 0 0 0 0 0 0 0 0 0 0 0 0 0 0 0 0 0 0 0 0 0 0 0 0 0 0 0 
