-587.953 -592.118 -679.819 -779.074 -891.331 -1017.81 -1158.93 -1312.1 -1468.13 -1616.74 -1791.24 -2173.53 -3048.31 -4055.79 -4288.02 -4238.31 -4340.22 -4622.16 -5023.89 -5515.23 -6151.72 -7003.41 -8151.37 -9673.27 -9684.49 1.5039e-11 9684.49 9673.27 8151.37 7003.41 6151.72 5515.23 5023.89 4622.16 4340.22 4238.31 4288.02 4055.79 3048.31 2173.53 1791.24 1616.74 1468.13 1312.1 1158.93 1017.81 891.331 779.074 679.819 592.118 587.953 
-555.884 -594.13 -680.962 -779.47 -890.982 -1016.64 -1156.75 -1308.71 -1463.25 -1609.83 -1781.96 -2166.61 -3048.31 -4055.79 -4288.02 -4238.31 -4340.22 -4622.16 -5023.89 -5515.23 -6151.72 -7003.41 -8151.37 -9673.27 -9684.49 -1.70723e-11 9684.49 9673.27 8151.37 7003.41 6151.72 5515.23 5023.89 4622.16 4340.22 4238.31 4288.02 4055.79 3048.31 2166.61 1781.96 1609.83 1463.25 1308.71 1156.75 1016.64 890.982 779.47 680.962 594.13 555.884 
-558.882 -596.721 -682.632 -780.406 -891.188 -1016.1 -1155.42 -1306.41 -1459.71 -1604.05 -1774.69 -2178.48 -3079.47 -4058.72 -4266.26 -4213.31 -4316.73 -4601.77 -5002.25 -5480.46 -6094.4 -6901.31 -7942.26 -9270.17 -9034.17 -1.53582e-11 9034.17 9270.17 7942.26 6901.31 6094.4 5480.46 5002.25 4601.77 4316.73 4213.31 4266.26 4058.72 3079.47 2178.48 1774.69 1604.05 1459.71 1306.41 1155.42 1016.1 891.188 780.406 682.632 596.721 558.882 
-562.819 -600.223 -685.213 -782.325 -892.558 -1016.94 -1155.73 -1306.26 -1458.91 -1602.43 -1777.8 -2205.08 -3115.43 -4045.67 -4222.68 -4171.25 -4279.19 -4571.67 -4969.94 -5424.86 -6001.52 -6739.24 -7645.42 -8780.6 -8066.34 1.23134e-12 8066.34 8780.6 7645.42 6739.24 6001.52 5424.86 4969.94 4571.67 4279.19 4171.25 4222.68 4045.67 3115.43 2205.08 1777.8 1602.43 1458.91 1306.26 1155.73 1016.94 892.558 782.325 685.213 600.223 562.819 
-567.8 -604.732 -688.768 -785.226 -894.897 -1018.77 -1157.14 -1307.25 -1459.25 -1602.51 -1784.86 -2234.65 -3141.71 -4011.07 -4158.89 -4112.45 -4226.23 -4525.58 -4915.26 -5334.63 -5857.85 -6504.29 -7253.28 -8138.82 -6948.45 -3.19206e-12 6948.45 8138.82 7253.28 6504.29 5857.85 5334.63 4915.26 4525.58 4226.23 4112.45 4158.89 4011.07 3141.71 2234.65 1784.86 1602.51 1459.25 1307.25 1157.14 1018.77 894.897 785.226 688.768 604.732 567.8 
-573.733 -610.16 -693.105 -788.746 -897.665 -1020.8 -1158.4 -1307.57 -1458.01 -1599.72 -1787.78 -2255.76 -3154.81 -3960.24 -4079.54 -4038.75 -4158.84 -4462.66 -4837.48 -5213.13 -5673.82 -6220.11 -6808.73 -7429.86 -5885.07 1.69064e-13 5885.07 7429.86 6808.73 6220.11 5673.82 5213.13 4837.48 4462.66 4158.84 4038.75 4079.54 3960.24 3154.81 2255.76 1787.78 1599.72 1458.01 1307.57 1158.4 1020.8 897.665 788.746 693.105 610.16 573.733 
-580.505 -616.341 -697.94 -792.487 -900.323 -1022.29 -1158.53 -1305.87 -1453.28 -1591.74 -1784.77 -2269.99 -3160.25 -3897.78 -3987.93 -3953.17 -4080.23 -4386.41 -4741.67 -5068.43 -5460.89 -5901.01 -6323.02 -6663.69 -4905.32 3.3852e-12 4905.32 6663.69 6323.02 5901.01 5460.89 5068.43 4741.67 4386.41 4080.23 3953.17 3987.93 3897.78 3160.25 2269.99 1784.77 1591.74 1453.28 1305.87 1158.53 1022.29 900.323 792.487 697.94 616.341 580.505 
-588.006 -623.165 -703.122 -796.231 -902.644 -1023 -1157.34 -1302.14 -1445.31 -1579.77 -1779.35 -2283.47 -3162.32 -3823.76 -3884.34 -3857.18 -3992.03 -4297.99 -4629 -4901.79 -5219.18 -5545.19 -5793.39 -5859.73 -4040.02 3.91918e-12 4040.02 5859.73 5793.39 5545.19 5219.18 4901.79 4629 4297.99 3992.03 3857.18 3884.34 3823.76 3162.32 2283.47 1779.35 1579.77 1445.31 1302.14 1157.34 1023 902.644 796.231 703.122 623.165 588.006 
-596.247 -630.623 -708.683 -800.08 -904.735 -1023.18 -1155.28 -1296.95 -1435.21 -1566.28 -1775.05 -2299.19 -3159.6 -3734.82 -3767.76 -3750.67 -3893.12 -4195.05 -4496.11 -4708.79 -4943.78 -5149.69 -5226.97 -5056.76 -3300.32 7.10767e-12 3300.32 5056.76 5226.97 5149.69 4943.78 4708.79 4496.11 4195.05 3893.12 3750.67 3767.76 3734.82 3159.6 2299.19 1775.05 1566.28 1435.21 1296.95 1155.28 1023.18 904.735 800.08 708.683 630.623 596.247 
-605.344 -638.833 -714.755 -804.179 -906.84 -1023.13 -1152.76 -1290.85 -1423.5 -1551.94 -1772.75 -2316.66 -3146.87 -3627.24 -3636.94 -3632.25 -3780.53 -4073.06 -4337.6 -4484.43 -4631.59 -4717.25 -4641.32 -4298.9 -2689.09 6.5285e-12 2689.09 4298.9 4641.32 4717.25 4631.59 4484.43 4337.6 4073.06 3780.53 3632.25 3636.94 3627.24 3146.87 2316.66 1772.75 1551.94 1423.5 1290.85 1152.76 1023.13 906.84 804.179 714.755 638.833 605.344 
-615.413 -647.914 -721.492 -808.689 -909.076 -1022.94 -1149.72 -1283.41 -1409.68 -1536.56 -1771.97 -2333.53 -3117.53 -3498.2 -3490.93 -3500.09 -3650.66 -3927.24 -4148.79 -4225.57 -4283.43 -4257.68 -4060.2 -3617.43 -2193.15 3.95301e-12 2193.15 3617.43 4060.2 4257.68 4283.43 4225.57 4148.79 3927.24 3650.66 3500.09 3490.93 3498.2 3117.53 2333.53 1771.97 1536.56 1409.68 1283.41 1149.72 1022.94 909.076 808.689 721.492 647.914 615.413 
-626.538 -657.921 -728.897 -813.559 -911.341 -1022.36 -1145.66 -1273.91 -1392.98 -1519.73 -1772.71 -2346.77 -3063.99 -3346.29 -3329.47 -3352.31 -3500 -3753.47 -3926.26 -3931.87 -3905.11 -3786.42 -3507.84 -3026.31 -1793.36 3.22544e-12 1793.36 3026.31 3507.84 3786.42 3905.11 3931.87 3926.26 3753.47 3500 3352.31 3329.47 3346.29 3063.99 2346.77 1772.71 1519.73 1392.98 1273.91 1145.66 1022.36 911.341 813.559 728.897 657.921 626.538 
-638.647 -668.792 -736.896 -818.643 -913.325 -1021.01 -1140.07 -1261.49 -1372.91 -1502.06 -1775.33 -2351.53 -2978.79 -3171.72 -3152.7 -3186.72 -3325.11 -3548.37 -3668.86 -3607.16 -3507.93 -3322.31 -3002.77 -2524.52 -1470 1.55821e-12 1470 2524.52 3002.77 3322.31 3507.93 3607.16 3668.86 3548.37 3325.11 3186.72 3152.7 3171.72 2978.79 2351.53 1775.33 1502.06 1372.91 1261.49 1140.07 1021.01 913.325 818.643 736.896 668.792 638.647 
-651.629 -680.394 -745.3 -823.665 -914.759 -1018.5 -1132.26 -1245.49 -1349.48 -1484.49 -1779.14 -2339.85 -2857.16 -2976.38 -2960.67 -3000.86 -3123.22 -3310.86 -3379.57 -3260.77 -3107.81 -2883.22 -2554.16 -2102.28 -1206.22 2.51535e-12 1206.22 2102.28 2554.16 2883.22 3107.81 3260.77 3379.57 3310.86 3123.22 3000.86 2960.67 2976.38 2857.16 2339.85 1779.14 1484.49 1349.48 1245.49 1132.26 1018.5 914.759 823.665 745.3 680.394 651.629 
-665.282 -692.513 -753.868 -828.383 -915.356 -1014.42 -1121.54 -1225.21 -1323.13 -1468.16 -1780.94 -2301.19 -2698.51 -2763.29 -2753.06 -2793.12 -2894.17 -3044.24 -3067.1 -2906.74 -2721.03 -2481.26 -2162.39 -1746.94 -988.943 2.61333e-12 988.943 1746.94 2162.39 2481.26 2721.03 2906.74 3067.1 3044.24 2894.17 2793.12 2753.06 2763.29 2698.51 2301.19 1780.94 1468.16 1323.13 1225.21 1121.54 1014.42 915.356 828.383 753.868 692.513 665.282 
-679.343 -704.872 -762.334 -832.498 -914.757 -1008.22 -1107.1 -1200.3 -1294.86 -1453.46 -1773.67 -2225.26 -2507.06 -2536.06 -2530.26 -2564.46 -2642.19 -2757.27 -2744.66 -2560.04 -2360.08 -2121.42 -1822.58 -1446.84 -808.54 1.65396e-12 808.54 1446.84 1822.58 2121.42 2360.08 2560.04 2744.66 2757.27 2642.19 2564.46 2530.26 2536.06 2507.06 2225.26 1773.67 1453.46 1294.86 1200.3 1107.1 1008.22 914.757 832.498 762.334 704.872 679.343 
-693.451 -717.109 -770.333 -835.661 -912.541 -999.169 -1088.08 -1171.04 -1266.22 -1438.5 -1746.62 -2107.01 -2291.16 -2299.04 -2294.92 -2320.08 -2376.28 -2462.57 -2426.43 -2232.58 -2031.52 -1803.05 -1528.31 -1192.63 -658.05 1.57498e-12 658.05 1192.63 1528.31 1803.05 2031.52 2232.58 2426.43 2462.57 2376.28 2320.08 2294.92 2299.04 2291.16 2107.01 1746.62 1438.5 1266.22 1171.04 1088.08 999.169 912.541 835.661 770.333 717.109 693.451 
-707.132 -728.759 -777.403 -837.433 -908.176 -986.38 -1063.93 -1138.62 -1238.11 -1417.39 -1688.97 -1950.54 -2061.52 -2057.79 -2052.92 -2068.88 -2108.03 -2172.97 -2123.61 -1931.06 -1736.65 -1522.78 -1273.53 -977.086 -532.327 1.53855e-12 532.327 977.086 1273.53 1522.78 1736.65 1931.06 2123.61 2172.97 2108.03 2068.88 2052.92 2057.79 2061.52 1950.54 1688.97 1417.39 1238.11 1138.62 1063.93 986.38 908.176 837.433 777.403 728.759 707.132 
-719.837 -739.247 -782.995 -837.295 -900.87 -968.957 -1035.01 -1104.73 -1209 -1380.92 -1595.54 -1767.8 -1829.09 -1819.06 -1812.39 -1821.02 -1848.17 -1898.1 -1842.56 -1657.48 -1473.77 -1276.58 -1053.27 -794.531 -427.453 1.28842e-12 427.453 794.531 1053.27 1276.58 1473.77 1657.48 1842.56 1898.1 1848.17 1821.02 1812.39 1819.06 1829.09 1767.8 1595.54 1380.92 1209 1104.73 1035.01 968.957 900.87 837.295 782.995 739.247 719.837 
-730.953 -747.965 -786.544 -834.532 -889.578 -946.468 -1002.7 -1070.14 -1173.89 -1320.92 -1470.94 -1573.83 -1603.37 -1589.93 -1581.51 -1585.11 -1604.15 -1643.15 -1585.27 -1410.86 -1240.03 -1060.78 -863.339 -640.39 -340.248 1.10886e-12 340.248 640.39 863.339 1060.78 1240.03 1410.86 1585.27 1643.15 1604.15 1585.11 1581.51 1589.93 1603.37 1573.83 1470.94 1320.92 1173.89 1070.14 1002.7 946.468 889.578 834.532 786.544 747.965 730.953 
-739.895 -754.367 -787.414 -828.23 -873.585 -919.598 -968.38 -1032.91 -1125.94 -1235.61 -1327.37 -1381.94 -1391.64 -1376.22 -1366.36 -1366.37 -1379.37 -1409.43 -1350.98 -1188.97 -1032.47 -871.983 -699.993 -510.583 -267.923 8.2999e-13 267.923 510.583 699.993 871.983 1032.47 1188.97 1350.98 1409.43 1379.37 1366.37 1366.36 1376.22 1391.64 1381.94 1327.37 1235.61 1125.94 1032.91 968.38 919.598 873.585 828.23 787.414 754.367 739.895 
-746.017 -757.816 -784.894 -817.689 -852.911 -889.254 -931.649 -988.922 -1061.42 -1131.28 -1178.48 -1201.33 -1198.28 -1181.35 -1169.91 -1166.71 -1174.19 -1195.82 -1137.66 -989.224 -848.124 -706.864 -559.571 -401.306 -207.986 5.49142e-13 207.986 401.306 559.571 706.864 848.124 989.224 1137.66 1195.82 1174.19 1166.71 1169.91 1181.35 1198.28 1201.33 1178.48 1131.28 1061.42 988.922 931.649 889.254 852.911 817.689 784.894 757.816 746.017 
-747.923 -756.95 -777.698 -801.989 -827.738 -855.935 -891.059 -935.634 -982.858 -1018.26 -1034.47 -1036.58 -1024.78 -1006.27 -992.749 -985.835 -987.438 -1000.55 -942.956 -808.711 -683.546 -561.537 -437.969 -308.62 -157.928 -8.66423e-14 157.928 308.62 437.969 561.537 683.546 808.711 942.956 1000.55 987.438 985.835 992.749 1006.27 1024.78 1036.58 1034.47 1018.26 982.858 935.634 891.059 855.935 827.738 801.989 777.698 756.95 747.923 
-742.918 -749.066 -763.337 -779.847 -798.04 -819.353 -845.224 -873.11 -895.521 -904.764 -900.75 -889.565 -871.894 -851.845 -835.67 -824.187 -818.658 -821.521 -762.713 -641.454 -531.73 -428.772 -328.47 -226.937 -114.503 -2.93098e-14 114.503 226.937 328.47 428.772 531.73 641.454 762.713 821.521 818.658 824.187 835.67 851.845 871.894 889.565 900.75 904.764 895.521 873.11 845.224 819.353 798.04 779.847 763.337 749.066 742.918 
-729.016 -732.213 -739.963 -749.453 -760.637 -773.737 -787.553 -798.617 -802.736 -797.194 -783.466 -765.288 -744.311 -723.026 -703.802 -686.182 -669.271 -651.336 -571.304 -459.1 -367.704 -288.623 -216.163 -146.028 -72.4612 -2.04125e-13 72.4612 146.028 216.163 288.623 367.704 459.1 571.304 651.336 669.271 686.182 703.802 723.026 744.311 765.288 783.466 797.194 802.736 798.617 787.553 773.737 760.637 749.453 739.963 732.213 729.016 
-707.619 -707.619 -707.619 -707.619 -707.619 -707.611 -707.611 -707.621 -707.62 -706.055 -692.76 -666.568 -637.904 -608.245 -576.012 -539.189 -495.252 -441.108 -373.345 -311.517 -254.838 -201.999 -151.456 -101.515 -50.0665 -2.62016e-13 50.0665 101.515 151.456 201.999 254.838 311.517 373.345 441.108 495.252 539.189 576.012 608.245 637.904 666.568 692.76 706.055 707.62 707.621 707.611 707.611 707.619 707.619 707.619 707.619 707.619 
