ni
101

nj
48

x_vals
4.62521 4.24415 3.89774 3.58282 3.29652 3.03625 2.79965 2.58455 2.38901 2.21124 2.04964 1.90272 1.76916 1.64775 1.53737 1.43703 1.3458 1.26287 1.18748 1.11895 1.05664 1 0.943215 0.887136 0.831872 0.777537 0.724242 0.672102 0.621228 0.57173 0.523712 0.477274 0.432511 0.389513 0.348364 0.309144 0.271928 0.23679 0.203801 0.178069 0.154367 0.131901 0.110673 0.0907388 0.0722009 0.0552028 0.0399185 0.0265436 0.0152877 0.00636708 0 -0.00343391 -0.00356359 -0.000196639 0.00684042 0.0176972 0.0324927 0.0513077 0.0741757 0.101074 0.131919 0.166553 0.204012 0.238885 0.276081 0.315457 0.356863 0.400138 0.445115 0.491618 0.539471 0.588492 0.638496 0.689295 0.740701 0.792522 0.844564 0.896626 0.948508 1 1.05664 1.11895 1.18748 1.26287 1.3458 1.43703 1.53737 1.64775 1.76916 1.90272 2.04964 2.21124 2.38901 2.58455 2.79965 3.03625 3.29652 3.58282 3.89774 4.24415 4.62521 
4.62521 4.24488 3.89892 3.58429 3.29818 3.03801 2.80144 2.58634 2.39076 2.21294 2.05125 1.90425 1.77059 1.64907 1.53858 1.43812 1.34679 1.26374 1.18823 1.11957 1.05714 1.00036 0.943455 0.887249 0.831862 0.777408 0.724001 0.671754 0.62078 0.571188 0.523083 0.476567 0.431734 0.388678 0.347483 0.308235 0.271028 0.235899 0.202936 0.177174 0.153432 0.13093 0.10967 0.0897127 0.0711644 0.0541777 0.0389956 0.0256439 0.0143868 0.00545861 -0.000911426 -0.0043358 -0.00444863 -0.00105978 0.00600292 0.016886 0.0317004 0.050504 0.0732385 0.100095 0.130914 0.16553 0.202984 0.237896 0.275102 0.314483 0.355931 0.399265 0.444313 0.490901 0.538849 0.587974 0.63809 0.689012 0.740549 0.792509 0.844699 0.896918 0.948962 1.0006 1.05733 1.11974 1.18838 1.26387 1.34691 1.43823 1.53868 1.64916 1.77067 1.90432 2.05132 2.21299 2.39081 2.58638 2.80148 3.03804 3.2982 3.58431 3.89894 4.24489 4.62521 
4.62521 4.24568 3.90023 3.58592 3.3 3.03994 2.80341 2.58831 2.39269 2.2148 2.05304 1.90593 1.77217 1.65053 1.53992 1.43934 1.34787 1.26469 1.18905 1.12026 1.05768 1.00075 0.943713 0.887368 0.831845 0.777261 0.72373 0.671366 0.620281 0.570586 0.522387 0.475784 0.430876 0.387755 0.346511 0.307234 0.270038 0.23492 0.201984 0.176187 0.152402 0.129859 0.108565 0.088583 0.0700242 0.0530523 0.0379748 0.0246479 0.01339 0.00445397 -0.00191877 -0.00533257 -0.0054269 -0.00201406 0.00507666 0.0159882 0.0308229 0.0496138 0.0722095 0.0990188 0.12981 0.164405 0.201851 0.236807 0.274025 0.313411 0.354902 0.3983 0.443427 0.490107 0.538158 0.587397 0.637637 0.688692 0.740372 0.792485 0.844836 0.897227 0.949447 1.00126 1.0581 1.12061 1.18937 1.26498 1.34813 1.43957 1.54013 1.65072 1.77233 1.90608 2.05317 2.21492 2.39279 2.5884 2.80349 3.04 3.30004 3.58595 3.90025 4.24569 4.62521 
4.62521 4.24656 3.90165 3.5877 3.302 3.04206 2.80558 2.59048 2.39482 2.21686 2.055 1.90779 1.7739 1.65214 1.54139 1.44067 1.34907 1.26575 1.18996 1.12101 1.05828 1.00118 0.943989 0.88749 0.831818 0.777091 0.723424 0.670932 0.619727 0.569919 0.521615 0.474919 0.429928 0.386737 0.34544 0.306132 0.26895 0.233843 0.200935 0.1751 0.151267 0.128679 0.107348 0.087339 0.0687697 0.0518163 0.036845 0.0235447 0.0122862 0.00334242 -0.00303264 -0.00643471 -0.00650875 -0.00306961 0.0040517 0.0149943 0.0298505 0.0486272 0.0710794 0.0978357 0.128596 0.163168 0.200604 0.235607 0.27284 0.312229 0.353767 0.397233 0.442447 0.489227 0.53739 0.586754 0.63713 0.688331 0.740167 0.792447 0.844974 0.897551 0.949964 1.00196 1.05893 1.12158 1.19046 1.26619 1.34947 1.44103 1.54172 1.65243 1.77416 1.90802 2.0552 2.21704 2.39497 2.59061 2.8057 3.04215 3.30207 3.58775 3.90169 4.24657 4.62521 
4.62521 4.24752 3.90322 3.58965 3.30419 3.04438 2.80797 2.59286 2.39715 2.21911 2.05715 1.90983 1.77581 1.65391 1.54302 1.44215 1.35038 1.26691 1.19096 1.12185 1.05894 1.00165 0.944283 0.887616 0.83178 0.776896 0.72308 0.670447 0.619109 0.569177 0.52076 0.47396 0.428879 0.385612 0.344258 0.304919 0.267752 0.232658 0.19978 0.173901 0.150014 0.127378 0.106006 0.0859688 0.0673891 0.0504584 0.035594 0.022322 0.0110635 0.00211195 -0.00426493 -0.00765399 -0.00770575 -0.00423781 0.00291688 0.013893 0.0287722 0.0475332 0.0698378 0.0965351 0.127261 0.161807 0.199232 0.234285 0.271534 0.310927 0.352514 0.396055 0.441361 0.48825 0.536537 0.586037 0.636561 0.687922 0.739929 0.79239 0.845111 0.897889 0.950512 1.00272 1.05985 1.12264 1.19166 1.26753 1.35095 1.44265 1.54347 1.65432 1.77618 1.91015 2.05744 2.21937 2.39737 2.59305 2.80812 3.04451 3.30429 3.58973 3.90327 4.24754 4.62521 
4.62521 4.24857 3.90493 3.5918 3.3066 3.04694 2.81059 2.59548 2.39972 2.2216 2.05953 1.91207 1.77791 1.65585 1.5448 1.44377 1.35184 1.26818 1.19206 1.12276 1.05966 1.00215 0.944595 0.887742 0.831727 0.776671 0.722691 0.669903 0.61842 0.568353 0.519811 0.472899 0.427718 0.38437 0.342954 0.303583 0.266434 0.231354 0.198506 0.172577 0.148632 0.125942 0.104527 0.0844592 0.0658696 0.0489657 0.0342082 0.0209661 0.0097082 0.000749025 -0.00562899 -0.0090036 -0.00903093 -0.00553145 0.00165962 0.0126721 0.0275757 0.0463192 0.0684734 0.0951051 0.125793 0.16031 0.19772 0.232827 0.270096 0.309492 0.351131 0.394752 0.440159 0.487167 0.535588 0.585237 0.635923 0.687458 0.739652 0.792311 0.845242 0.898242 0.951094 1.00354 1.06085 1.1238 1.19297 1.269 1.35257 1.44443 1.5454 1.65639 1.7784 1.9125 2.05991 2.22193 2.40001 2.59572 2.81079 3.04711 3.30673 3.59189 3.905 4.2486 4.62521 
4.62521 4.24971 3.90681 3.59415 3.30924 3.04975 2.81346 2.59835 2.40255 2.22433 2.06214 1.91454 1.78023 1.658 1.54677 1.44555 1.35343 1.26959 1.19327 1.12377 1.06046 1.00269 0.944925 0.887868 0.831656 0.776411 0.722251 0.669293 0.617651 0.567435 0.518757 0.471722 0.426434 0.382997 0.341516 0.302112 0.264982 0.229918 0.197101 0.171116 0.147106 0.124359 0.102896 0.0827955 0.0641965 0.0473239 0.0326721 0.0194615 0.00820487 -0.000761547 -0.00713984 -0.0104984 -0.0104989 -0.00696495 0.00026577 0.0113175 0.026247 0.0449715 0.0669731 0.0935324 0.124177 0.158663 0.196056 0.231219 0.268511 0.30791 0.349604 0.39331 0.438827 0.485964 0.534532 0.584342 0.635205 0.686931 0.739329 0.792205 0.845365 0.898605 0.951708 1.00443 1.06195 1.12507 1.19442 1.27062 1.35436 1.44639 1.54753 1.65868 1.78084 1.91509 2.06262 2.22476 2.40291 2.59867 2.81373 3.04996 3.30941 3.59427 3.90689 4.24975 4.62521 
4.62521 4.25096 3.90887 3.59672 3.31215 3.05283 2.81663 2.60152 2.40565 2.22734 2.06502 1.91726 1.78277 1.66036 1.54894 1.44752 1.35519 1.27114 1.1946 1.12487 1.06132 1.00328 0.945274 0.887991 0.831562 0.776109 0.721753 0.668609 0.616791 0.566413 0.517586 0.470417 0.425012 0.38148 0.339929 0.300491 0.263384 0.228337 0.19555 0.169502 0.145421 0.12261 0.101096 0.0809613 0.0623539 0.0455166 0.0309684 0.0177908 0.0065362 -0.00243691 -0.00881441 -0.0121551 -0.0121262 -0.00855453 -0.00128067 0.00981339 0.0247704 0.0434741 0.0653224 0.0918023 0.1224 0.156851 0.194222 0.229445 0.266763 0.306166 0.347916 0.391714 0.437349 0.484627 0.533354 0.583342 0.634398 0.686332 0.738952 0.792066 0.845475 0.898978 0.952356 1.00537 1.06313 1.12646 1.19601 1.2724 1.35633 1.44855 1.54987 1.66119 1.78352 1.91793 2.06561 2.22786 2.4061 2.6019 2.81695 3.05309 3.31235 3.59687 3.90897 4.25101 4.62521 
4.62521 4.25233 3.91112 3.59955 3.31533 3.05622 2.8201 2.60499 2.40907 2.23065 2.06818 1.92026 1.78558 1.66296 1.55132 1.44968 1.35713 1.27284 1.19605 1.12608 1.06226 1.00391 0.945639 0.888108 0.83144 0.77576 0.721187 0.667838 0.615829 0.565273 0.516283 0.468968 0.423437 0.379801 0.338176 0.298705 0.261622 0.226594 0.193836 0.167717 0.143559 0.120679 0.0991087 0.0789383 0.0603234 0.0435256 0.0290776 0.0159342 0.00468263 -0.00429641 -0.0106718 -0.0139925 -0.0139315 -0.0103186 -0.00299782 0.0081419 0.023128 0.0418093 0.0635048 0.0898983 0.120444 0.154855 0.192202 0.227488 0.264836 0.304242 0.346051 0.389948 0.435711 0.48314 0.532041 0.582222 0.633489 0.68565 0.738513 0.791885 0.845567 0.899357 0.953036 1.00638 1.06442 1.12799 1.19775 1.27436 1.3585 1.45091 1.55244 1.66396 1.78647 1.92106 2.06889 2.23127 2.40961 2.60545 2.82048 3.05653 3.31557 3.59972 3.91124 4.25239 4.62521 
4.62521 4.25382 3.91358 3.60263 3.31881 3.05993 2.82391 2.60881 2.41282 2.23428 2.07166 1.92355 1.78866 1.66582 1.55394 1.45205 1.35925 1.2747 1.19765 1.1274 1.06328 1.00458 0.946021 0.888214 0.831284 0.775354 0.720544 0.666971 0.614752 0.564001 0.514833 0.467359 0.421691 0.377944 0.336241 0.296735 0.25968 0.224671 0.19194 0.165743 0.141499 0.118544 0.0969143 0.0767058 0.0580848 0.0413299 0.0269778 0.0138696 0.00262199 -0.00636196 -0.0127336 -0.0160322 -0.0159358 -0.0122779 -0.00490619 0.00628265 0.0212994 0.039957 0.0615018 0.087802 0.11829 0.152657 0.189975 0.225328 0.262708 0.302119 0.34399 0.387991 0.433891 0.481486 0.530576 0.580966 0.632463 0.684872 0.738001 0.791654 0.845634 0.899737 0.953747 1.00745 1.06581 1.12964 1.19966 1.2765 1.36087 1.45352 1.55526 1.667 1.78972 1.92449 2.07249 2.23501 2.41346 2.60935 2.82436 3.0603 3.3191 3.60285 3.91371 4.25389 4.62521 
4.62521 4.25545 3.91626 3.60601 3.32263 3.06399 2.82809 2.61299 2.41694 2.23827 2.07548 1.92716 1.79204 1.66896 1.55682 1.45466 1.36158 1.27675 1.1994 1.12884 1.06438 1.00531 0.946415 0.888305 0.831086 0.774881 0.719811 0.665992 0.613543 0.56258 0.513218 0.465571 0.419754 0.375888 0.334102 0.294563 0.257537 0.222547 0.189842 0.163556 0.139219 0.116183 0.0944892 0.0742409 0.055615 0.0389058 0.0246439 0.0115715 0.000329144 -0.0086584 -0.0150243 -0.0182981 -0.0181631 -0.0144561 -0.00702915 0.00421246 0.0192616 0.0378943 0.0592923 0.0854926 0.115917 0.150236 0.187521 0.222941 0.260359 0.299774 0.341709 0.385822 0.431871 0.479643 0.528938 0.579557 0.631304 0.683984 0.737402 0.791362 0.845667 0.900112 0.954487 1.0086 1.0673 1.13144 1.20173 1.27884 1.36347 1.45637 1.55836 1.67034 1.79329 1.92827 2.07646 2.23913 2.41768 2.61363 2.82862 3.06443 3.32296 3.60626 3.91642 4.25552 4.62521 
4.62521 4.25722 3.91919 3.60971 3.3268 3.06845 2.83267 2.61759 2.42146 2.24265 2.07967 1.93113 1.79576 1.67241 1.55999 1.45753 1.36414 1.27898 1.20131 1.1304 1.06557 1.00608 0.94682 0.888374 0.830837 0.774331 0.718974 0.664887 0.612186 0.56099 0.511416 0.463581 0.417604 0.37361 0.331737 0.292164 0.25517 0.2202 0.187515 0.161133 0.136694 0.11357 0.0918074 0.0715173 0.0528878 0.0362262 0.0220477 0.00901149 -0.00222445 -0.011214 -0.0175718 -0.0208181 -0.0206407 -0.01688 -0.00939331 0.00190492 0.0169883 0.0355954 0.0568521 0.0829465 0.113302 0.147567 0.184814 0.220304 0.257763 0.297185 0.339186 0.383417 0.429624 0.47759 0.527107 0.577974 0.629994 0.682968 0.736701 0.790997 0.845657 0.900477 0.955252 1.0098 1.06891 1.13339 1.204 1.28141 1.36632 1.45951 1.56177 1.67401 1.7972 1.93241 2.08081 2.24365 2.42232 2.61832 2.83328 3.06895 3.32719 3.60999 3.91938 4.2573 4.62521 
4.62521 4.25914 3.92238 3.61374 3.33137 3.07333 2.83769 2.62263 2.42642 2.24746 2.08428 1.93549 1.79985 1.67619 1.56346 1.46067 1.36694 1.28143 1.20339 1.1321 1.06685 1.00689 0.947231 0.888413 0.830526 0.773688 0.718018 0.663636 0.61066 0.55921 0.509405 0.461366 0.415216 0.371086 0.329121 0.289515 0.252553 0.217603 0.184933 0.158444 0.133895 0.110675 0.0888392 0.0685055 0.0498734 0.0332601 0.0191572 0.0061568 -0.00507133 -0.0140608 -0.0204078 -0.0236233 -0.0233995 -0.0195805 -0.0120291 -0.000670199 0.0144493 0.0330307 0.0541536 0.0801371 0.110417 0.144623 0.181827 0.217388 0.254892 0.294322 0.336393 0.380748 0.427125 0.475299 0.525056 0.576194 0.62851 0.681805 0.735882 0.790544 0.845591 0.900822 0.956036 1.01107 1.07062 1.1355 1.20646 1.2842 1.36944 1.46294 1.5655 1.67803 1.8015 1.93696 2.08558 2.2486 2.42741 2.62347 2.83839 3.0739 3.33182 3.61407 3.9226 4.25924 4.62521 
4.62521 4.26122 3.92586 3.61814 3.33636 3.07866 2.84318 2.62814 2.43185 2.25274 2.08933 1.94028 1.80433 1.68034 1.56726 1.46411 1.37 1.2841 1.20565 1.13393 1.06822 1.00775 0.947641 0.888412 0.83014 0.772938 0.716924 0.662218 0.608941 0.557213 0.507158 0.458898 0.412562 0.368285 0.326226 0.286585 0.249658 0.214725 0.182063 0.155457 0.130788 0.107466 0.0855512 0.0651719 0.0465378 0.029972 0.0159357 0.00297027 -0.00824859 -0.0172356 -0.0235687 -0.0267497 -0.026475 -0.0225926 -0.0149712 -0.00354752 0.0116102 0.0301665 0.051165 0.077034 0.107232 0.141374 0.17853 0.214162 0.251715 0.291156 0.333298 0.377785 0.424344 0.472741 0.522759 0.574189 0.626827 0.680472 0.734924 0.789986 0.845456 0.901136 0.956833 1.0124 1.07245 1.13777 1.20913 1.28725 1.37285 1.46669 1.56959 1.68244 1.80621 1.94195 2.09081 2.25404 2.43298 2.6291 2.84399 3.07931 3.33687 3.61851 3.9261 4.26133 4.62521 
4.62521 4.26348 3.92964 3.62294 3.34181 3.08449 2.8492 2.63419 2.43781 2.25852 2.09486 1.94552 1.80924 1.68489 1.57142 1.46787 1.37334 1.28701 1.20811 1.13591 1.06968 1.00865 0.948044 0.88836 0.829663 0.77206 0.715668 0.660608 0.607002 0.554972 0.504644 0.456145 0.409608 0.365177 0.323018 0.283343 0.246449 0.211531 0.17887 0.152136 0.127337 0.103904 0.081905 0.0614779 0.0428416 0.026321 0.0123413 -0.00059059 -0.0117987 -0.0207805 -0.0270959 -0.0302384 -0.0299081 -0.0259567 -0.0182599 -0.00676686 0.0084315 0.0269643 0.0478496 0.0736021 0.103713 0.137784 0.174888 0.21059 0.248196 0.28765 0.329867 0.374493 0.421245 0.469882 0.520181 0.571929 0.624917 0.678942 0.733803 0.7893 0.845234 0.901407 0.957634 1.01379 1.07438 1.1402 1.21201 1.29055 1.37656 1.47078 1.57406 1.68726 1.81137 1.94741 2.09654 2.25999 2.43908 2.63527 2.8501 3.08523 3.34238 3.62335 3.92991 4.26361 4.62521 
4.62521 4.26592 3.93374 3.62815 3.34775 3.09086 2.85577 2.64079 2.44432 2.26484 2.10093 1.95126 1.81461 1.68986 1.57597 1.47197 1.37698 1.29017 1.21076 1.13803 1.07122 1.00958 0.948427 0.88824 0.829075 0.771032 0.714226 0.658778 0.604812 0.552453 0.501829 0.453071 0.406319 0.361724 0.31946 0.27975 0.242888 0.207981 0.17531 0.148437 0.123497 0.0999449 0.0778569 0.0573793 0.0387397 0.02226 0.00832618 -0.00457451 -0.0157704 -0.0247438 -0.0310373 -0.0341368 -0.0337455 -0.0297192 -0.0219411 -0.0103741 0.00486772 0.0233797 0.0441651 0.0698012 0.0998197 0.133815 0.170861 0.206632 0.244294 0.283765 0.326061 0.370832 0.41779 0.466684 0.517286 0.569377 0.622746 0.677185 0.732491 0.788464 0.844903 0.901616 0.958426 1.01522 1.07642 1.1428 1.21512 1.29414 1.38059 1.47525 1.57894 1.69254 1.81701 1.95339 2.10282 2.2665 2.44576 2.64202 2.85679 3.09168 3.34839 3.62862 3.93404 4.26606 4.62521 
4.62521 4.26855 3.93819 3.63382 3.35421 3.0978 2.86294 2.64801 2.45145 2.27176 2.10756 1.95753 1.82049 1.6953 1.58094 1.47645 1.38094 1.29359 1.21362 1.14029 1.07285 1.01054 0.948779 0.888037 0.828355 0.769827 0.712567 0.656694 0.602335 0.549617 0.498672 0.449635 0.402653 0.357882 0.315509 0.275762 0.23893 0.204027 0.171336 0.144311 0.11922 0.0955399 0.0733564 0.0528251 0.0341795 0.0177344 0.00383501 -0.00903748 -0.0202197 -0.0291811 -0.0354479 -0.0384993 -0.0380413 -0.0339338 -0.0260683 -0.0144222 0.000866364 0.0193617 0.0400622 0.0655845 0.095507 0.129421 0.166403 0.202243 0.239964 0.279456 0.321834 0.366757 0.413933 0.463103 0.514032 0.566494 0.620275 0.675164 0.730956 0.787447 0.84444 0.901745 0.959194 1.01669 1.07857 1.14556 1.21846 1.29801 1.38497 1.48011 1.58426 1.69829 1.82318 1.95993 2.10968 2.27362 2.45306 2.64938 2.86408 3.09872 3.35493 3.63435 3.93853 4.26871 4.62521 
4.62521 4.27139 3.943 3.63998 3.36124 3.10535 2.87076 2.65589 2.45923 2.27932 2.1148 1.96439 1.8269 1.70123 1.58635 1.48131 1.38523 1.29728 1.21669 1.1427 1.07456 1.01151 0.949081 0.887725 0.827474 0.768414 0.710655 0.654318 0.59953 0.546421 0.495127 0.44579 0.39856 0.353605 0.311116 0.271329 0.234522 0.199615 0.166892 0.139702 0.114448 0.0906308 0.0683454 0.0477561 0.0291002 0.0126813 -0.00119593 -0.0140441 -0.0252114 -0.0341566 -0.0403914 -0.0433891 -0.0428581 -0.0386626 -0.0307031 -0.0189726 -0.00363332 0.0148511 0.0354836 0.0608976 0.090722 0.124551 0.161464 0.197371 0.235153 0.274669 0.317134 0.362218 0.409625 0.45909 0.510369 0.563233 0.617461 0.672839 0.729158 0.786216 0.843814 0.901768 0.959919 1.01818 1.0808 1.14849 1.22202 1.30218 1.3897 1.48538 1.59005 1.70457 1.8299 1.96706 2.11717 2.28139 2.46102 2.65742 2.87203 3.10639 3.36205 3.64056 3.94337 4.27157 4.62521 
4.62521 4.27444 3.94819 3.64664 3.36887 3.11357 2.87927 2.66447 2.46771 2.28756 2.1227 1.97187 1.8339 1.70769 1.59224 1.48659 1.38987 1.30126 1.21997 1.14525 1.07633 1.01248 0.949312 0.88728 0.826401 0.766754 0.708448 0.651603 0.596346 0.542813 0.491142 0.44148 0.393986 0.348834 0.306224 0.266391 0.229603 0.194683 0.161912 0.134545 0.109116 0.0851509 0.0627562 0.0421031 0.0234307 0.00702751 -0.00684049 -0.019669 -0.0308202 -0.039745 -0.0459418 -0.0488794 -0.0482687 -0.0439779 -0.0359175 -0.0240969 -0.00870188 0.00977942 0.0303626 0.0556769 0.0854031 0.119143 0.155984 0.191955 0.2298 0.269346 0.311903 0.357156 0.404807 0.454586 0.506242 0.559539 0.61425 0.670159 0.727054 0.78473 0.842991 0.901655 0.960575 1.01967 1.0831 1.15156 1.22582 1.30665 1.39481 1.4911 1.59633 1.71139 1.83723 1.97484 2.12533 2.28986 2.4697 2.66617 2.88069 3.11472 3.36977 3.64729 3.94861 4.27464 4.62521 
4.62521 4.27771 3.95379 3.65385 3.37714 3.12249 2.88853 2.67381 2.47694 2.29654 2.13131 1.98002 1.84151 1.71471 1.59862 1.4923 1.39488 1.30553 1.22346 1.14792 1.07816 1.01342 0.949444 0.886666 0.825096 0.764805 0.705898 0.648497 0.592729 0.538734 0.486654 0.436644 0.388867 0.343506 0.300766 0.26088 0.224102 0.189156 0.156322 0.128763 0.103145 0.0790224 0.0565097 0.0357856 0.0170878 0.000687655 -0.0131845 -0.025999 -0.0371332 -0.0460328 -0.0521852 -0.0550559 -0.054358 -0.0499642 -0.0417954 -0.0298782 -0.0144215 0.00406647 0.0246206 0.0498475 0.0794784 0.113128 0.149894 0.185927 0.223838 0.263418 0.306073 0.351503 0.399413 0.449526 0.501586 0.555349 0.610585 0.66707 0.724591 0.782942 0.841927 0.90137 0.961133 1.02114 1.08547 1.15478 1.22985 1.31143 1.40031 1.49727 1.60314 1.7188 1.84519 1.9833 2.13422 2.29909 2.47915 2.67569 2.89009 3.12376 3.37813 3.65456 3.95425 4.27793 4.62521 
4.62521 4.28121 3.9598 3.66162 3.38609 3.13216 2.89857 2.68396 2.48698 2.3063 2.14067 1.98887 1.84977 1.72233 1.60554 1.49847 1.40026 1.31009 1.22716 1.15072 1.08001 1.0143 0.949444 0.885845 0.823512 0.762512 0.702947 0.644937 0.588612 0.534115 0.481593 0.431207 0.383128 0.337544 0.294663 0.254715 0.217935 0.182947 0.150034 0.122268 0.096447 0.0721539 0.0495132 0.0287085 0.00997393 -0.00643783 -0.0203283 -0.0331351 -0.0442518 -0.0531214 -0.0592222 -0.0620184 -0.0612253 -0.0567201 -0.0484351 -0.0364141 -0.0208882 -0.00238145 0.0181659 0.0433212 0.0728631 0.106422 0.143112 0.179207 0.217184 0.256804 0.299565 0.345183 0.393366 0.443835 0.496327 0.550592 0.606394 0.663505 0.721708 0.780795 0.840573 0.90087 0.961553 1.02256 1.08787 1.15813 1.23409 1.31652 1.40619 1.50391 1.6105 1.72682 1.85382 1.99248 2.14387 2.30911 2.48941 2.68603 2.90029 3.13356 3.38717 3.6624 3.9603 4.28145 4.62521 
4.62521 4.28494 3.96625 3.66998 3.39574 3.14261 2.90944 2.69496 2.49786 2.3169 2.15082 1.99847 1.85873 1.73056 1.61299 1.5051 1.40602 1.31493 1.23105 1.15361 1.08187 1.01511 0.94927 0.884765 0.821593 0.759814 0.699527 0.64085 0.583918 0.528875 0.475876 0.425086 0.376682 0.330858 0.287824 0.247801 0.211003 0.175957 0.142945 0.114954 0.0889153 0.0644385 0.0416574 0.0207599 0.00197443 -0.0144657 -0.0283892 -0.0411956 -0.0522948 -0.0611292 -0.067171 -0.0698844 -0.0689873 -0.0643619 -0.055952 -0.0438192 -0.0282149 -0.00967457 0.01089 0.0359934 0.0654567 0.0989297 0.135544 0.171701 0.209748 0.249413 0.292287 0.338104 0.386576 0.437424 0.490379 0.545185 0.601599 0.659388 0.718333 0.778224 0.838868 0.900099 0.961791 1.02388 1.09027 1.16157 1.23853 1.32191 1.41247 1.51103 1.61842 1.73548 1.86316 2.00243 2.15434 2.31998 2.50053 2.69723 2.91133 3.14414 3.39692 3.67083 3.9668 4.28519 4.62521 
4.62521 4.2889 3.97314 3.67895 3.40612 3.15388 2.92119 2.70685 2.50965 2.32836 2.16181 2.00885 1.8684 1.73944 1.62101 1.5122 1.41215 1.32005 1.2351 1.15656 1.08369 1.01577 0.948868 0.883368 0.819273 0.756637 0.695557 0.636152 0.578557 0.522921 0.469405 0.418179 0.369426 0.323343 0.280139 0.240024 0.20319 0.168065 0.134932 0.106699 0.0804256 0.0557492 0.0328131 0.0118076 -0.00704613 -0.0235334 -0.0375053 -0.0503197 -0.0614018 -0.070196 -0.0761708 -0.0787923 -0.0777819 -0.0730266 -0.0644825 -0.0522285 -0.0365346 -0.017943 0.00266482 0.0277402 0.0571398 0.0905346 0.127078 0.163298 0.201418 0.241136 0.284134 0.330162 0.378941 0.430192 0.483642 0.539029 0.596104 0.65463 0.714382 0.775149 0.836742 0.898995 0.961789 1.02506 1.09263 1.16508 1.24315 1.32758 1.41914 1.51865 1.62691 1.74481 1.87324 2.01318 2.16565 2.33173 2.51256 2.70933 2.92325 3.15555 3.40741 3.67988 3.97374 4.28918 4.62521 
4.62521 4.2931 3.98048 3.68855 3.41726 3.16601 2.93384 2.71968 2.52236 2.34074 2.17367 2.02005 1.87882 1.74899 1.62961 1.51978 1.41865 1.32542 1.2393 1.15955 1.08542 1.01625 0.948174 0.881581 0.816469 0.752892 0.690942 0.63074 0.572422 0.516143 0.462066 0.410369 0.361238 0.314874 0.271478 0.23125 0.194358 0.15913 0.125853 0.0973577 0.0708298 0.0459357 0.0228267 0.00169442 -0.017248 -0.033803 -0.0478399 -0.0606713 -0.0717375 -0.0804867 -0.0863862 -0.0889063 -0.0877722 -0.0828767 -0.074188 -0.0618018 -0.0460045 -0.0273412 -0.00666168 0.0184135 0.0477699 0.0810994 0.11758 0.153868 0.192067 0.231846 0.274979 0.321233 0.370339 0.42202 0.475999 0.532011 0.5898 0.649124 0.709755 0.771479 0.834108 0.89748 0.961478 1.02604 1.0949 1.16862 1.24791 1.33351 1.42619 1.52674 1.636 1.75481 1.88408 2.02476 2.17785 2.34441 2.52554 2.72238 2.93609 3.16782 3.41867 3.68956 3.98113 4.2934 4.62521 
4.62521 4.29753 3.98827 3.69878 3.42918 3.17901 2.94743 2.73347 2.53605 2.35407 2.18643 2.03208 1.89 1.75921 1.63877 1.52782 1.4255 1.33102 1.24361 1.16251 1.08702 1.01648 0.94711 0.879315 0.813086 0.748474 0.68557 0.624494 0.565388 0.508408 0.453723 0.401515 0.351975 0.305301 0.261688 0.22132 0.184343 0.148985 0.115538 0.0867565 0.059952 0.0348184 0.0115148 -0.00976679 -0.0288216 -0.045467 -0.0595864 -0.0724452 -0.0834973 -0.092197 -0.0980127 -0.100421 -0.0991526 -0.0941055 -0.0852604 -0.0727292 -0.0568119 -0.0380528 -0.0172705 0.00783681 0.037176 0.0704589 0.106891 0.143255 0.181541 0.221392 0.264675 0.311172 0.360628 0.412767 0.467314 0.523998 0.582559 0.642749 0.704336 0.767104 0.830865 0.89546 0.960774 1.02675 1.09701 1.17212 1.25276 1.33966 1.43358 1.53531 1.64566 1.7655 1.89569 2.03719 2.19097 2.35805 2.5395 2.7364 2.94987 3.18098 3.43071 3.69988 3.98897 4.29785 4.62521 
4.62521 4.30218 3.99652 3.70965 3.44189 3.1929 2.96199 2.74826 2.55073 2.36836 2.20012 2.04498 1.90195 1.7701 1.6485 1.5363 1.43266 1.3368 1.24796 1.16539 1.0884 1.01635 0.945578 0.876463 0.809006 0.743256 0.679305 0.617274 0.557306 0.499562 0.444216 0.391452 0.341464 0.294445 0.250583 0.210043 0.17295 0.13743 0.103784 0.0746888 0.0475814 0.0221827 -0.0013416 -0.0227995 -0.0419939 -0.0587546 -0.0729753 -0.0858729 -0.0969142 -0.10556 -0.111284 -0.11357 -0.112155 -0.106944 -0.0979289 -0.0852374 -0.06918 -0.0502975 -0.0293782 -0.00420175 0.0251527 0.0584146 0.0948173 0.131273 0.169658 0.209595 0.253045 0.299807 0.349638 0.402269 0.457426 0.514835 0.57423 0.635359 0.697986 0.761894 0.826893 0.892824 0.959573 1.02708 1.09888 1.17552 1.25765 1.34599 1.44128 1.54432 1.6559 1.77686 1.90809 2.05048 2.20501 2.37266 2.55445 2.75143 2.96462 3.19502 3.44353 3.71083 3.99727 4.30254 4.62521 
4.62521 4.30706 4.00519 3.72115 3.45538 3.20769 2.97751 2.76405 2.56642 2.38364 2.21473 2.05873 1.91467 1.78164 1.65877 1.54519 1.44009 1.34271 1.25228 1.16809 1.08947 1.01578 0.943459 0.872895 0.804088 0.737088 0.671987 0.608909 0.547998 0.48942 0.433351 0.37998 0.329497 0.282093 0.237942 0.197192 0.159944 0.124227 0.0903458 0.0609063 0.0334652 0.00777032 -0.0160059 -0.0376717 -0.0570365 -0.0739398 -0.0882826 -0.101232 -0.112267 -0.120856 -0.126479 -0.128632 -0.127058 -0.121668 -0.112468 -0.0995982 -0.0833769 -0.0643391 -0.0432446 -0.017957 0.011452 0.0447263 0.0811273 0.117695 0.156197 0.196239 0.239879 0.286932 0.337169 0.390331 0.446144 0.504334 0.564632 0.626781 0.690541 0.755693 0.822044 0.889436 0.957753 1.02693 1.10042 1.17873 1.2625 1.35242 1.44924 1.55372 1.66666 1.78888 1.92124 2.06464 2.21999 2.38826 2.57042 2.76746 2.98034 3.20997 3.45714 3.72242 4.006 4.30744 4.62521 
4.62521 4.31214 4.01429 3.73326 3.46964 3.22336 2.99399 2.78085 2.58311 2.39989 2.23027 2.07332 1.92813 1.79382 1.66952 1.55442 1.44772 1.34865 1.25649 1.17053 1.0901 1.01462 0.940608 0.868454 0.798162 0.729788 0.663424 0.599195 0.53725 0.477758 0.420897 0.366857 0.315826 0.267985 0.223497 0.18249 0.145045 0.109087 0.0749318 0.04511 0.0172982 -0.00872983 -0.0327951 -0.0547056 -0.0742758 -0.0913521 -0.10584 -0.118856 -0.12989 -0.138421 -0.143936 -0.145944 -0.144196 -0.138613 -0.12921 -0.116139 -0.0997253 -0.0804957 -0.059183 -0.0337366 -0.00422608 0.0291027 0.0655386 0.102247 0.140893 0.181065 0.224923 0.272299 0.322981 0.376717 0.43324 0.492276 0.553554 0.616812 0.681807 0.748316 0.816145 0.885133 0.955162 1.02616 1.10148 1.18163 1.2672 1.35888 1.45738 1.56347 1.67791 1.80152 1.93514 2.07963 2.23589 2.40484 2.58739 2.78449 2.99702 3.2258 3.47152 3.73462 4.01515 4.31255 4.62521 
4.62521 4.31741 4.02378 3.74596 3.48463 3.23989 3.01141 2.79862 2.60078 2.41709 2.24669 2.08871 1.94228 1.80656 1.68071 1.56393 1.45546 1.35454 1.26046 1.17255 1.09016 1.01271 0.936847 0.862946 0.791023 0.721136 0.653381 0.587888 0.524806 0.464308 0.406575 0.351793 0.300147 0.251808 0.206925 0.165606 0.127914 0.0916652 0.0571872 0.0269382 -0.00128895 -0.0276944 -0.0520927 -0.0742908 -0.094106 -0.111389 -0.126048 -0.139148 -0.15019 -0.158662 -0.164061 -0.165912 -0.163977 -0.158182 -0.148554 -0.135256 -0.118616 -0.0991521 -0.0775727 -0.0519131 -0.0222459 0.0111896 0.0477073 0.0845959 0.123421 0.163757 0.207869 0.25561 0.306781 0.361146 0.418441 0.478397 0.54074 0.605207 0.671549 0.739542 0.808987 0.87972 0.951617 1.0246 1.10193 1.18408 1.27163 1.36524 1.46561 1.57346 1.68957 1.81472 1.94972 2.09542 2.25267 2.42236 2.60534 2.8025 3.01464 3.24249 3.48664 3.7474 4.0247 4.31784 4.62521 
4.62521 4.32285 4.03363 3.75918 3.50032 3.25723 3.02972 2.81731 2.61938 2.43519 2.26395 2.10485 1.95707 1.81979 1.69223 1.5736 1.46317 1.36022 1.26404 1.17399 1.08945 1.00986 0.931959 0.856139 0.78242 0.710866 0.641579 0.574691 0.510356 0.448746 0.390045 0.334435 0.282094 0.233184 0.187834 0.146138 0.108137 0.0715392 0.0366818 0.00595126 -0.0227448 -0.0495808 -0.0743642 -0.0968995 -0.117005 -0.134533 -0.149392 -0.162598 -0.173658 -0.182072 -0.18735 -0.189033 -0.186892 -0.180865 -0.170987 -0.15743 -0.140524 -0.120777 -0.0988751 -0.0729401 -0.0430514 -0.00944576 0.0272131 0.0643335 0.103384 0.14393 0.188344 0.236501 0.288219 0.343276 0.401418 0.462377 0.525884 0.59167 0.659487 0.729103 0.800316 0.872958 0.946898 1.02204 1.10157 1.18591 1.27563 1.37136 1.47378 1.58359 1.70154 1.82838 1.96492 2.11194 2.27028 2.44077 2.62422 2.82143 3.03314 3.25999 3.50244 3.76071 4.03459 4.32331 4.62521 
4.62521 4.32843 4.04378 3.77288 3.51663 3.27531 3.04884 2.83686 2.63883 2.4541 2.28196 2.12163 1.97237 1.83339 1.70395 1.5833 1.47072 1.36552 1.26704 1.17465 1.08774 1.00581 0.925677 0.847746 0.772048 0.698656 0.627676 0.559245 0.49352 0.430676 0.370894 0.314352 0.261221 0.211648 0.165749 0.123596 0.0852137 0.0481964 0.0128911 -0.0183868 -0.0476166 -0.0749467 -0.100177 -0.123107 -0.143556 -0.161373 -0.176467 -0.189802 -0.200894 -0.209255 -0.214408 -0.215909 -0.213546 -0.207262 -0.197104 -0.183249 -0.166029 -0.145942 -0.123653 -0.0973711 -0.0671849 -0.033333 0.00354037 0.0409585 0.0802958 0.121109 0.165888 0.214527 0.266864 0.322691 0.381768 0.443832 0.508614 0.575848 0.64528 0.716676 0.789827 0.864559 0.940733 1.01824 1.10017 1.18691 1.27901 1.37707 1.48174 1.59371 1.71368 1.84239 1.9806 2.12908 2.28861 2.45998 2.64393 2.8412 3.05245 3.27822 3.51887 3.77449 4.0448 4.32891 4.62521 
4.62521 4.33412 4.05417 3.78698 3.53346 3.29402 3.06867 2.85716 2.65903 2.47372 2.30058 2.13893 1.98804 1.8472 1.7157 1.59282 1.47789 1.37023 1.26922 1.17426 1.08477 1.00026 0.917675 0.83742 0.759538 0.684111 0.611255 0.54111 0.473839 0.409615 0.348617 0.291019 0.236981 0.186637 0.140085 0.0973806 0.0585313 0.0210092 -0.0148271 -0.0467324 -0.0765743 -0.104475 -0.130225 -0.153619 -0.174471 -0.19263 -0.207999 -0.221493 -0.232637 -0.240952 -0.245975 -0.247283 -0.244677 -0.238108 -0.227633 -0.213434 -0.195843 -0.175349 -0.152598 -0.125885 -0.0953126 -0.061123 -0.0239452 0.0138541 0.0535572 0.0947141 0.139936 0.189141 0.242187 0.298883 0.359001 0.422289 0.48848 0.557308 0.628518 0.70187 0.77715 0.854175 0.932795 1.01289 1.09744 1.18681 1.28151 1.38213 1.48928 1.60361 1.72581 1.85657 1.99663 2.14671 2.30754 2.47986 2.66436 2.8617 3.07245 3.29707 3.53581 3.78867 4.05525 4.33463 4.62521 
4.62521 4.33988 4.06475 3.80137 3.55071 3.31324 3.08907 2.87804 2.6798 2.49386 2.31965 2.15655 2.0039 1.86103 1.72726 1.60195 1.48443 1.37407 1.27029 1.1725 1.08017 0.992835 0.907555 0.824733 0.744434 0.66675 0.591807 0.519751 0.450747 0.38497 0.322595 0.26379 0.208703 0.157455 0.110126 0.0667572 0.0273365 -0.0107935 -0.0472619 -0.0798923 -0.110442 -0.139005 -0.165362 -0.189301 -0.210629 -0.229191 -0.244885 -0.258575 -0.269793 -0.278074 -0.282967 -0.28407 -0.281198 -0.274311 -0.263474 -0.248875 -0.230845 -0.209863 -0.186562 -0.15932 -0.128255 -0.0936183 -0.0560266 -0.0177424 0.0224266 0.0640231 0.10979 0.159668 0.213536 0.271223 0.332516 0.39717 0.464927 0.535522 0.608697 0.684207 0.761832 0.841378 0.922682 1.00561 1.09303 1.18528 1.28284 1.38626 1.49612 1.61306 1.7377 1.87072 2.0128 2.16463 2.32689 2.50025 2.68536 2.88278 3.09301 3.31642 3.55316 3.80313 4.06587 4.34041 4.62521 
4.62521 4.34567 4.07541 3.81594 3.56823 3.3328 3.10986 2.89934 2.70096 2.51433 2.33896 2.17427 2.01969 1.8746 1.73836 1.61037 1.49001 1.3767 1.26987 1.16898 1.07353 0.983085 0.894825 0.809163 0.72618 0.645983 0.568707 0.494506 0.42355 0.356012 0.292066 0.23187 0.175562 0.123247 0.0749926 0.0308191 -0.00929979 -0.0481635 -0.0853878 -0.118863 -0.150237 -0.179575 -0.206645 -0.231226 -0.253117 -0.272155 -0.288234 -0.302167 -0.313491 -0.321753 -0.326518 -0.327403 -0.324238 -0.316993 -0.30574 -0.290673 -0.272121 -0.250557 -0.226599 -0.198711 -0.167028 -0.131813 -0.093674 -0.0547761 -0.0140157 0.0281422 0.0745827 0.125269 0.180104 0.238936 0.301565 0.367763 0.437275 0.509841 0.5852 0.663102 0.74332 0.825647 0.909906 0.995948 1.08652 1.18192 1.28262 1.38911 1.50196 1.62174 1.74906 1.88455 2.02885 2.1826 2.34642 2.52093 2.7067 2.90423 3.11394 3.33609 3.57076 3.81777 4.07658 4.34622 4.62521 
4.62521 4.35143 4.08607 3.83055 3.58584 3.35251 3.13082 2.9208 2.72225 2.53485 2.3582 2.1918 2.03511 1.88758 1.74864 1.61772 1.49425 1.37769 1.26751 1.16321 1.06432 0.970443 0.878884 0.790067 0.704091 0.621081 0.541184 0.464562 0.39139 0.321841 0.256086 0.194275 0.136534 0.0829562 0.033591 -0.0115566 -0.052529 -0.092281 -0.130414 -0.164882 -0.197223 -0.227473 -0.255386 -0.280728 -0.303287 -0.322894 -0.339432 -0.353664 -0.365135 -0.3734 -0.378041 -0.378696 -0.375207 -0.367555 -0.355821 -0.340202 -0.321028 -0.298766 -0.274023 -0.245347 -0.212895 -0.176943 -0.138095 -0.0984236 -0.056915 -0.0140425 0.0332346 0.0849026 0.140887 0.201054 0.265226 0.333183 0.404682 0.479464 0.557267 0.637837 0.720935 0.806343 0.893866 0.983335 1.07737 1.17625 1.28038 1.39025 1.50636 1.62927 1.75954 1.89774 2.04447 2.20031 2.36585 2.54162 2.72814 2.92582 3.13501 3.35589 3.58845 3.83243 4.08727 4.352 4.62521 
4.62521 4.35712 4.09662 3.84505 3.60334 3.37212 3.15168 2.94213 2.74335 2.5551 2.37704 2.20874 2.04975 1.89956 1.75766 1.62352 1.49664 1.37651 1.26264 1.15458 1.0519 0.954217 0.858991 0.766652 0.677323 0.591147 0.508286 0.428912 0.353204 0.28134 0.213485 0.149784 0.0903511 0.0352656 -0.0154373 -0.0617684 -0.103786 -0.144617 -0.183847 -0.219492 -0.252979 -0.284311 -0.313227 -0.339476 -0.362835 -0.383122 -0.400213 -0.414818 -0.426488 -0.434786 -0.439311 -0.43972 -0.43587 -0.427753 -0.415456 -0.399182 -0.379264 -0.356162 -0.330478 -0.300843 -0.267437 -0.230554 -0.190798 -0.150156 -0.107703 -0.0639242 -0.0156052 0.0372625 0.0946258 0.156374 0.222344 0.292331 0.3661 0.443397 0.523958 0.607522 0.69384 0.782678 0.873822 0.967082 1.06495 1.16765 1.27557 1.38914 1.50885 1.63519 1.76868 1.90985 2.05925 2.21739 2.38481 2.56199 2.74935 2.94725 3.15596 3.37557 3.60601 3.84697 4.09785 4.35771 4.62521 
4.62521 4.36267 4.10694 3.85925 3.62052 3.39136 3.17214 2.96299 2.76389 2.57466 2.39504 2.22467 2.06315 1.91004 1.76489 1.62722 1.49658 1.37251 1.25458 1.14236 1.03546 0.933555 0.834233 0.737942 0.644833 0.55507 0.468832 0.386304 0.307673 0.233119 0.162806 0.0968731 0.0354257 -0.0214699 -0.0737923 -0.121567 -0.164868 -0.207018 -0.247581 -0.284633 -0.319488 -0.352117 -0.382234 -0.409574 -0.433897 -0.455007 -0.472769 -0.48784 -0.499774 -0.508146 -0.512567 -0.512714 -0.508459 -0.499802 -0.486842 -0.469787 -0.448971 -0.424855 -0.398035 -0.367229 -0.332643 -0.294591 -0.25368 -0.211822 -0.168181 -0.123254 -0.0736337 -0.0192903 0.0397449 0.103381 0.171472 0.243828 0.320222 0.400401 0.484102 0.571056 0.660999 0.753681 0.848867 0.946341 1.04845 1.15539 1.26748 1.38515 1.50881 1.63892 1.77595 1.92038 2.0727 2.23338 2.40288 2.58161 2.76995 2.96817 3.17645 3.39485 3.62322 3.8612 4.10819 4.36327 4.62521 
4.62521 4.36801 4.11689 3.87296 3.6371 3.40992 3.19182 2.98298 2.78343 2.59308 2.4117 2.23903 2.07473 1.91841 1.76968 1.62813 1.49334 1.36492 1.24248 1.12563 1.01404 0.90741 0.803484 0.702731 0.60533 0.511471 0.421353 0.335179 0.253145 0.175437 0.10222 0.0336301 -0.0302353 -0.0893202 -0.143616 -0.193161 -0.238044 -0.281812 -0.324008 -0.362758 -0.399265 -0.433458 -0.465031 -0.493694 -0.519189 -0.541305 -0.559888 -0.575544 -0.58783 -0.596327 -0.600661 -0.600526 -0.59581 -0.586523 -0.572773 -0.554777 -0.532873 -0.507525 -0.479326 -0.447084 -0.411035 -0.371517 -0.329145 -0.285762 -0.240623 -0.194245 -0.142995 -0.0868256 -0.0257468 0.0401687 0.110792 0.185944 0.265406 0.348927 0.43624 0.527065 0.621125 0.718149 0.817877 0.920065 1.02691 1.13855 1.25528 1.37747 1.50549 1.63976 1.78068 1.9287 2.08424 2.24772 2.41953 2.60002 2.78949 2.98816 3.19615 3.41342 3.63981 3.87493 4.11815 4.36862 4.62521 
4.62521 4.37308 4.12633 3.88597 3.65281 3.42746 3.21033 3.00164 2.80147 2.60978 2.42643 2.25119 2.0838 1.92393 1.77125 1.6254 1.48603 1.35278 1.22531 1.1033 0.986448 0.874492 0.765355 0.659522 0.557207 0.45863 0.364014 0.273582 0.187547 0.106104 0.0294231 -0.0423613 -0.109154 -0.170909 -0.227625 -0.279356 -0.326201 -0.37197 -0.416178 -0.457 -0.49552 -0.531624 -0.564977 -0.595262 -0.622198 -0.645551 -0.665151 -0.681547 -0.694296 -0.702987 -0.707256 -0.706817 -0.70157 -0.691537 -0.676837 -0.657698 -0.634464 -0.607606 -0.57772 -0.543707 -0.505836 -0.464476 -0.420257 -0.374958 -0.327931 -0.279714 -0.226418 -0.167975 -0.104377 -0.0356812 0.0379978 0.116491 0.199583 0.287024 0.378538 0.473834 0.572616 0.674588 0.779464 0.886966 0.999127 1.11603 1.23793 1.36514 1.498 1.63686 1.7821 1.93409 2.09319 2.25977 2.43415 2.61664 2.80746 3.00677 3.21462 3.43094 3.65551 3.88792 4.12759 4.37369 4.62521 
4.62521 4.3778 4.13511 3.89804 3.66734 3.4436 3.22722 3.01846 2.81743 2.62415 2.43852 2.2604 2.08955 1.92574 1.76867 1.61804 1.47356 1.33492 1.20182 1.07401 0.951204 0.83321 0.718125 0.606459 0.498463 0.394394 0.294507 0.199051 0.10826 0.0223449 -0.0585149 -0.134179 -0.204552 -0.269591 -0.329303 -0.383751 -0.433048 -0.481312 -0.528023 -0.571401 -0.612404 -0.650868 -0.686422 -0.718717 -0.747442 -0.772337 -0.793208 -0.810546 -0.823905 -0.832878 -0.837112 -0.836339 -0.830472 -0.819545 -0.80369 -0.783147 -0.758274 -0.72955 -0.697579 -0.661365 -0.621214 -0.577531 -0.530968 -0.483252 -0.433835 -0.383284 -0.327405 -0.266111 -0.199381 -0.127259 -0.0498494 0.0326842 0.120127 0.212224 0.308687 0.409208 0.513466 0.621138 0.731903 0.845449 0.963626 1.08646 1.21416 1.34699 1.48525 1.62923 1.77926 1.93565 2.09872 2.26876 2.44606 2.63084 2.82328 3.02347 3.23141 3.447 3.66999 3.89996 4.13635 4.37841 4.62521 
4.62521 4.3821 4.14307 3.90894 3.68038 3.45794 3.24201 3.03287 2.83067 2.63546 2.4472 2.26579 2.09106 1.92282 1.76084 1.60486 1.45464 1.30993 1.17049 1.03609 0.906512 0.781603 0.659661 0.541224 0.426589 0.316056 0.209919 0.108461 0.0119457 -0.0793913 -0.165352 -0.245784 -0.320585 -0.389708 -0.453166 -0.511027 -0.563414 -0.614817 -0.664676 -0.711247 -0.755352 -0.796767 -0.835076 -0.869892 -0.900865 -0.927703 -0.950181 -0.968726 -0.982886 -0.992258 -0.996498 -0.995352 -0.988749 -0.976735 -0.959458 -0.937175 -0.910258 -0.879204 -0.844631 -0.805653 -0.762624 -0.715994 -0.666444 -0.615656 -0.563196 -0.509665 -0.450501 -0.385605 -0.314944 -0.238552 -0.156532 -0.0690473 0.0236808 0.121384 0.223755 0.330461 0.441151 0.555467 0.673048 0.793539 0.918593 1.04817 1.18244 1.32161 1.46593 1.61565 1.77104 1.93236 2.09988 2.27384 2.45445 2.6419 2.83629 3.03769 3.24604 3.46121 3.68293 3.9108 4.14428 4.38269 4.62521 
4.62521 4.3859 4.15006 3.91842 3.69159 3.47004 3.25418 3.04428 2.8405 2.64293 2.45159 2.26639 2.08725 1.914 1.74646 1.58444 1.42773 1.27614 1.12946 0.987521 0.850149 0.717238 0.587302 0.460913 0.338422 0.22018 0.106531 -0.00219608 -0.105696 -0.203697 -0.295972 -0.382343 -0.462693 -0.536963 -0.605162 -0.66736 -0.723686 -0.779089 -0.832955 -0.88357 -0.931604 -0.97676 -1.01857 -1.05659 -1.09042 -1.11973 -1.14427 -1.16437 -1.17959 -1.18951 -1.19381 -1.19224 -1.18474 -1.17139 -1.15234 -1.12787 -1.09838 -1.06438 -1.02652 -0.984038 -0.937339 -0.886934 -0.833544 -0.778817 -0.722445 -0.66508 -0.601703 -0.532206 -0.456551 -0.374772 -0.286976 -0.193338 -0.0940955 0.0104585 0.119988 0.234124 0.352476 0.47464 0.600209 0.728781 0.861784 0.999113 1.14089 1.28728 1.43847 1.59469 1.75613 1.92303 2.09558 2.274 2.45843 2.64901 2.8458 3.04882 3.25799 3.47314 3.694 3.92019 4.15121 4.38646 4.62521 
4.62521 4.38912 4.15594 3.92627 3.70064 3.47951 3.26322 3.05205 2.84618 2.64572 2.45071 2.26112 2.07688 1.89789 1.72401 1.55509 1.39097 1.23148 1.07648 0.925813 0.779368 0.637081 0.497706 0.361852 0.229933 0.102363 -0.020451 -0.138118 -0.250277 -0.356602 -0.456819 -0.550712 -0.638128 -0.718987 -0.793281 -0.861073 -0.922495 -0.98307 -1.04212 -1.09794 -1.15103 -1.201 -1.24731 -1.28946 -1.32698 -1.35948 -1.38667 -1.4088 -1.42541 -1.43608 -1.4405 -1.43844 -1.42986 -1.41483 -1.39355 -1.36631 -1.33353 -1.29577 -1.2537 -1.20671 -1.15527 -1.09997 -1.04159 -0.981741 -0.92028 -0.857918 -0.789066 -0.713613 -0.631524 -0.542844 -0.447698 -0.346288 -0.238884 -0.125819 -0.00747374 0.115732 0.243352 0.374928 0.509995 0.648094 0.790405 0.936755 1.08721 1.24191 1.40099 1.56462 1.73299 1.90625 2.08458 2.26812 2.457 2.6513 2.85105 3.05622 3.26672 3.48235 3.70286 3.92789 4.15699 4.38964 4.62521 
4.62521 4.39172 4.16056 3.93226 3.70725 3.48594 3.26863 3.05558 2.84697 2.64293 2.44352 2.24875 2.05858 1.87294 1.69173 1.51483 1.34213 1.17347 1.00876 0.84787 0.690725 0.537301 0.386621 0.239333 0.0959219 -0.0431195 -0.177305 -0.306164 -0.429254 -0.546175 -0.656579 -0.760184 -0.856782 -0.946248 -1.02854 -1.10369 -1.17184 -1.23924 -1.30511 -1.36776 -1.42749 -1.48377 -1.53597 -1.5835 -1.62582 -1.66249 -1.69313 -1.71792 -1.73636 -1.74805 -1.75268 -1.75004 -1.74009 -1.72295 -1.69882 -1.66803 -1.63102 -1.5884 -1.54086 -1.48798 -1.43033 -1.36859 -1.3036 -1.237 -1.16879 -1.09981 -1.02371 -0.940402 -0.849864 -0.752174 -0.647496 -0.536081 -0.418258 -0.294422 -0.165024 -0.0305533 0.108473 0.251522 0.398062 0.547566 0.700936 0.857927 1.01857 1.18295 1.35119 1.52342 1.69978 1.88041 2.06544 2.25497 2.4491 2.64787 2.85127 3.05926 3.27171 3.48844 3.70921 3.93369 4.1615 4.39218 4.62521 
4.62521 4.39364 4.16385 3.93624 3.71119 3.489 3.26995 3.05427 2.84213 2.63366 2.42893 2.22797 2.03078 1.83731 1.6475 1.46124 1.27845 1.099 0.922796 0.749753 0.579801 0.412951 0.248518 0.0871919 -0.0704602 -0.223856 -0.372411 -0.515553 -0.652732 -0.78344 -0.90722 -1.02369 -1.13254 -1.23356 -1.32664 -1.41177 -1.48904 -1.56568 -1.64078 -1.71265 -1.78127 -1.84597 -1.90599 -1.96064 -2.00929 -2.05141 -2.08656 -2.1148 -2.13564 -2.14868 -2.15362 -2.15027 -2.13864 -2.11882 -2.09106 -2.05569 -2.01321 -1.96423 -1.90951 -1.84884 -1.78291 -1.7125 -1.63859 -1.56281 -1.48545 -1.40744 -1.3215 -1.22755 -1.12562 -1.01587 -0.898527 -0.773936 -0.642521 -0.504774 -0.361243 -0.212514 -0.0591969 0.098087 0.258722 0.422107 0.588826 0.758567 0.93133 1.10719 1.28623 1.46858 1.65434 1.84363 2.03656 2.23319 2.43359 2.63777 2.8457 3.05732 3.2725 3.49107 3.7128 3.93743 4.16462 4.39402 4.62521 
4.62521 4.39489 4.16577 3.93817 3.71233 3.4885 3.2669 3.04769 2.83104 2.61706 2.40582 2.19738 1.99174 1.78888 1.58875 1.39129 1.1964 1.00398 0.813944 0.626191 0.440654 0.257348 0.0759169 -0.102915 -0.278494 -0.450142 -0.617169 -0.778886 -0.934617 -1.08371 -1.22557 -1.35964 -1.48546 -1.60265 -1.71096 -1.81023 -1.90047 -1.99023 -2.07835 -2.16306 -2.24396 -2.32013 -2.39067 -2.45476 -2.51169 -2.56086 -2.6018 -2.63444 -2.6583 -2.67304 -2.6784 -2.67421 -2.6605 -2.63737 -2.60506 -2.56392 -2.51442 -2.45719 -2.393 -2.3219 -2.24471 -2.16235 -2.07595 -1.98722 -1.89683 -1.80597 -1.70603 -1.59703 -1.47915 -1.35265 -1.21794 -1.07551 -0.925932 -0.769832 -0.607885 -0.440792 -0.269269 -0.0940313 0.0842141 0.264786 0.447903 0.633201 0.820669 1.01038 1.20244 1.39694 1.59399 1.79369 1.99611 2.20131 2.40931 2.62012 2.83369 3.04994 3.26877 3.49002 3.71351 3.93903 4.16634 4.39516 4.62521 
4.62521 4.39552 4.16646 3.93818 3.71083 3.48456 3.25948 3.03572 2.81337 2.59252 2.37322 2.15553 1.93945 1.725 1.51214 1.30082 1.09097 0.882516 0.675352 0.469374 0.264487 0.0606807 -0.14202 -0.342869 -0.541148 -0.736117 -0.927024 -1.11311 -1.29361 -1.46777 -1.63483 -1.79404 -1.9447 -2.08614 -2.21776 -2.33909 -2.44978 -2.56005 -2.66801 -2.77164 -2.86995 -2.9618 -3.04621 -3.12235 -3.18954 -3.24725 -3.29505 -3.33279 -3.36012 -3.37678 -3.38258 -3.37745 -3.36138 -3.33449 -3.29694 -3.24903 -3.19113 -3.12375 -3.04754 -2.96278 -2.87027 -2.771 -2.66623 -2.55774 -2.44695 -2.33578 -2.214 -2.08195 -1.94011 -1.78909 -1.62956 -1.46223 -1.28786 -1.10721 -0.921056 -0.730166 -0.535318 -0.337278 -0.136808 0.0653451 0.268972 0.473659 0.679419 0.886349 1.09456 1.30414 1.51519 1.72778 1.94196 2.15776 2.37519 2.59424 2.81485 3.03697 3.26051 3.48539 3.71148 3.93865 4.16676 4.39567 4.62521 
4.62521 4.39574 4.16626 3.93679 3.70732 3.47784 3.24837 3.01889 2.78942 2.55995 2.33047 2.101 1.87153 1.64205 1.41258 1.1831 0.95363 0.724157 0.494683 0.265209 0.0357351 -0.193676 -0.422549 -0.650252 -0.876154 -1.09963 -1.32006 -1.53683 -1.74935 -1.95702 -2.15928 -2.35555 -2.5453 -2.72799 -2.90314 -3.07024 -3.22884 -3.3785 -3.51879 -3.64935 -3.76979 -3.8798 -3.97906 -4.0673 -4.14428 -4.20977 -4.26361 -4.30564 -4.33574 -4.35384 -4.35988 -4.35384 -4.33574 -4.30564 -4.26361 -4.20977 -4.14428 -4.0673 -3.97906 -3.8798 -3.76979 -3.64935 -3.51879 -3.3785 -3.22884 -3.07024 -2.90314 -2.72799 -2.5453 -2.35555 -2.15928 -1.95702 -1.74935 -1.53683 -1.32006 -1.09963 -0.876154 -0.650252 -0.422549 -0.193676 0.0357351 0.265209 0.494683 0.724157 0.95363 1.1831 1.41258 1.64205 1.87153 2.101 2.33047 2.55995 2.78942 3.01889 3.24837 3.47784 3.70732 3.93679 4.16626 4.39574 4.62521 

y_vals
0 0 0 0 0 0 0 0 0 0 0 0 0 0 0 0 0 0 0 0 0 1.38158e-16 -0.0231548 -0.0447868 -0.064999 -0.0838523 -0.101364 -0.117509 -0.132227 -0.145424 -0.156984 -0.166775 -0.174662 -0.180513 -0.18421 -0.185656 -0.184784 -0.181557 -0.175975 -0.168715 -0.160644 -0.15154 -0.141211 -0.129496 -0.116266 -0.10141 -0.0848364 -0.0664685 -0.0462408 -0.024099 0 0.025268 0.0508617 0.0766602 0.102447 0.127913 0.152663 0.176226 0.198066 0.217591 0.234178 0.247182 0.255973 0.261378 0.264099 0.26408 0.261299 0.255768 0.247533 0.236662 0.22324 0.207364 0.18913 0.168626 0.145923 0.12107 0.0940837 0.0649493 0.0336162 -1.10402e-16 0 0 0 0 0 0 0 0 0 0 0 0 0 0 0 0 0 0 0 0 0 
-0.005 -0.00495294 -0.00490786 -0.00486261 -0.00481608 -0.00476785 -0.00471797 -0.00466686 -0.00461518 -0.00456384 -0.00451392 -0.00446674 -0.00442386 -0.00438719 -0.00435919 -0.00434323 -0.00434431 -0.00437062 -0.00443747 -0.00457954 -0.0049053 -0.00611489 -0.027926 -0.0490161 -0.0688918 -0.0874883 -0.104781 -0.120726 -0.135252 -0.148262 -0.159635 -0.169238 -0.176937 -0.182599 -0.186109 -0.187371 -0.186322 -0.182929 -0.177177 -0.169836 -0.161662 -0.152438 -0.14198 -0.130134 -0.116774 -0.101802 -0.0852286 -0.0667971 -0.046483 -0.0242444 -4.59483e-05 0.0253239 0.0510233 0.0769273 0.102815 0.128375 0.153206 0.176822 0.198633 0.218261 0.234988 0.248165 0.257167 0.26273 0.265625 0.26579 0.263202 0.257868 0.249832 0.239161 0.225945 0.210279 0.192264 0.171995 0.149554 0.125008 0.098415 0.069846 0.039511 0.00839857 0.00587161 0.00520331 0.0048936 0.00472349 0.00462589 0.00457212 0.00454738 0.00454295 0.00455321 0.00457423 0.00460308 0.00463749 0.00467562 0.00471598 0.00475736 0.00479882 0.0048397 0.00487975 0.00491912 0.00495863 0.005 
-0.0105 -0.0104014 -0.0103069 -0.010212 -0.0101144 -0.0100133 -0.00990868 -0.00980144 -0.009693 -0.00958523 -0.00948042 -0.00938129 -0.00929113 -0.00921394 -0.00915487 -0.00912095 -0.00912262 -0.00917697 -0.00931586 -0.00961091 -0.0102817 -0.0125836 -0.033128 -0.053651 -0.0731635 -0.0914802 -0.108533 -0.124258 -0.138574 -0.151377 -0.162545 -0.171942 -0.179434 -0.184889 -0.188193 -0.189253 -0.188013 -0.184438 -0.178503 -0.171071 -0.162781 -0.153425 -0.142827 -0.130837 -0.117334 -0.102239 -0.0856593 -0.0671572 -0.0467481 -0.0244031 -9.53031e-05 0.0253865 0.0512021 0.0772219 0.103222 0.128884 0.153802 0.177478 0.199263 0.219001 0.235881 0.249247 0.258479 0.264215 0.267302 0.267668 0.265291 0.260172 0.252355 0.241906 0.228914 0.213479 0.195705 0.175693 0.153538 0.129327 0.103156 0.0751841 0.045848 0.0169277 0.0122779 0.0109112 0.010269 0.00991512 0.009712 0.00960023 0.00954903 0.00954026 0.00956217 0.00960654 0.00966726 0.00973959 0.00981969 0.00990441 0.00999124 0.0100782 0.010164 0.0102479 0.0103305 0.0104133 0.0105 
-0.01655 -0.0163949 -0.0162463 -0.016097 -0.0159434 -0.0157843 -0.0156196 -0.0154508 -0.01528 -0.0151102 -0.014945 -0.0147887 -0.0146464 -0.0145244 -0.0144308 -0.0143766 -0.0143782 -0.0144622 -0.0146782 -0.015137 -0.0161686 -0.0194436 -0.0387979 -0.0587288 -0.0778501 -0.095862 -0.112652 -0.128136 -0.142221 -0.154798 -0.165739 -0.174911 -0.182175 -0.187403 -0.190481 -0.191321 -0.18987 -0.186097 -0.179965 -0.172429 -0.164013 -0.154512 -0.143759 -0.131611 -0.117954 -0.102727 -0.0861323 -0.0675516 -0.0470379 -0.0245761 -0.000148193 0.0254568 0.0513999 0.077547 0.103669 0.129445 0.154459 0.178199 0.199963 0.21982 0.236865 0.250437 0.259918 0.265848 0.269142 0.26973 0.267583 0.262702 0.255124 0.244918 0.232174 0.216992 0.199482 0.179751 0.157908 0.13406 0.108345 0.0810011 0.0526662 0.0256764 0.0192557 0.0171686 0.0161719 0.0156205 0.0153037 0.0151296 0.0150503 0.0150374 0.0150725 0.0151429 0.0152388 0.015353 0.0154792 0.0156127 0.0157494 0.0158863 0.0160213 0.0161535 0.0162834 0.0164137 0.01655 
-0.023205 -0.0229881 -0.0227801 -0.0225712 -0.0223563 -0.0221335 -0.0219029 -0.0216665 -0.0214273 -0.0211894 -0.0209578 -0.0207385 -0.0205387 -0.0203671 -0.0202351 -0.020158 -0.0201584 -0.0202735 -0.0205718 -0.0212041 -0.0226077 -0.0267358 -0.0449754 -0.0642897 -0.0829904 -0.100671 -0.117174 -0.132393 -0.146225 -0.158552 -0.169246 -0.178169 -0.185184 -0.190162 -0.192993 -0.193591 -0.191911 -0.187921 -0.181578 -0.173925 -0.165368 -0.155707 -0.144785 -0.132464 -0.118639 -0.103271 -0.0866519 -0.0679835 -0.0473549 -0.0247646 -0.000204722 0.0255355 0.051619 0.0779057 0.104162 0.130062 0.155182 0.178992 0.200742 0.220725 0.237951 0.251746 0.261497 0.267641 0.271164 0.271992 0.270099 0.265477 0.258163 0.248224 0.235751 0.220847 0.203626 0.184204 0.162701 0.139248 0.11402 0.0873373 0.0600061 0.0347242 0.0268426 0.0240238 0.0226521 0.0218894 0.0214507 0.0212099 0.0211008 0.0210842 0.0211345 0.0212338 0.0213687 0.0215289 0.021706 0.0218931 0.0220846 0.0222763 0.0224653 0.0226503 0.022832 0.0230144 0.023205 
-0.0305255 -0.0302411 -0.0299681 -0.0296938 -0.0294117 -0.0291191 -0.0288163 -0.0285057 -0.0281914 -0.0278786 -0.0275739 -0.0272853 -0.027022 -0.0267956 -0.0266208 -0.0265176 -0.0265156 -0.0266629 -0.0270478 -0.0278625 -0.0296436 -0.0345054 -0.0517032 -0.0703773 -0.088627 -0.105947 -0.122136 -0.137066 -0.150619 -0.162673 -0.173094 -0.181744 -0.188485 -0.19319 -0.19575 -0.196083 -0.194154 -0.189926 -0.183357 -0.175572 -0.166859 -0.157022 -0.145914 -0.133404 -0.119397 -0.103879 -0.0872227 -0.0684565 -0.0477012 -0.0249699 -0.000264964 0.0256241 0.0518616 0.0783018 0.104706 0.130741 0.155977 0.179866 0.201609 0.221728 0.23915 0.253188 0.263231 0.269611 0.273383 0.274475 0.27286 0.268522 0.261497 0.251852 0.239676 0.225078 0.208174 0.189089 0.167956 0.14493 0.120225 0.0942357 0.0679099 0.0441457 0.0350773 0.0315281 0.0297635 0.0287762 0.0282074 0.0278956 0.0277554 0.0277357 0.0278033 0.0279349 0.028113 0.028324 0.028557 0.028803 0.0290547 0.0293065 0.0295547 0.0297975 0.0300362 0.0302755 0.0305255 
-0.0385781 -0.0382197 -0.0378756 -0.0375298 -0.037174 -0.036805 -0.036423 -0.0360311 -0.0356343 -0.0352393 -0.0348543 -0.0344893 -0.0341559 -0.0338687 -0.0336461 -0.0335132 -0.033507 -0.0336871 -0.0341626 -0.0351667 -0.0373236 -0.0428018 -0.0590272 -0.0770389 -0.0948059 -0.111735 -0.127581 -0.142193 -0.155441 -0.167194 -0.177316 -0.185666 -0.192107 -0.196512 -0.198775 -0.198819 -0.196618 -0.192132 -0.185319 -0.177386 -0.168499 -0.158468 -0.147157 -0.134441 -0.120236 -0.104557 -0.08785 -0.0689745 -0.0480797 -0.0251933 -0.00032895 0.0257236 0.0521305 0.0787391 0.105305 0.131489 0.156852 0.180828 0.202573 0.222839 0.240472 0.254774 0.265134 0.271776 0.27582 0.277199 0.275888 0.271863 0.265155 0.255831 0.243983 0.229719 0.213163 0.194446 0.173717 0.151152 0.127006 0.101743 0.0764224 0.0540132 0.0440011 0.0397362 0.0375645 0.0363402 0.0356335 0.0352467 0.0350741 0.0350523 0.0351399 0.0353075 0.0355334 0.0358005 0.036095 0.0364057 0.0367234 0.0370412 0.0373542 0.0376605 0.0379614 0.0382631 0.0385781 
-0.0474359 -0.0469968 -0.0465748 -0.0461507 -0.0457143 -0.0452615 -0.0447928 -0.0443117 -0.0438244 -0.0433391 -0.0428658 -0.0424166 -0.0420059 -0.0416513 -0.0413752 -0.0412084 -0.0411954 -0.0414084 -0.0419774 -0.0431752 -0.0456988 -0.0516795 -0.0669971 -0.0843255 -0.101577 -0.118083 -0.133555 -0.147818 -0.160731 -0.172155 -0.181948 -0.189968 -0.196079 -0.200156 -0.202094 -0.201823 -0.199325 -0.194559 -0.187484 -0.179383 -0.170304 -0.160061 -0.148526 -0.135585 -0.121165 -0.105313 -0.0885396 -0.0695417 -0.0484931 -0.0254363 -0.000396656 0.0258358 0.0524286 0.0792223 0.105966 0.132313 0.157815 0.181888 0.203647 0.22407 0.241933 0.256521 0.267223 0.274153 0.278494 0.280188 0.279209 0.275526 0.269167 0.260196 0.248706 0.23481 0.218633 0.20032 0.18003 0.157963 0.134414 0.109908 0.0855916 0.064399 0.053658 0.0487064 0.0461182 0.0446461 0.0437943 0.0433288 0.043123 0.0431005 0.0432111 0.043419 0.0436979 0.0440269 0.0443892 0.0447709 0.0451611 0.0455511 0.0459352 0.0463109 0.04668 0.0470499 0.0474359 
-0.0571794 -0.0566522 -0.0561451 -0.0556354 -0.0551107 -0.0545663 -0.0540026 -0.0534238 -0.0528372 -0.0522527 -0.0516822 -0.0511403 -0.0506441 -0.0502147 -0.0498788 -0.0496729 -0.0496501 -0.0498949 -0.0505587 -0.0519516 -0.0548244 -0.0611978 -0.0756664 -0.0922926 -0.108996 -0.125043 -0.140107 -0.153989 -0.166534 -0.177595 -0.187028 -0.194687 -0.200437 -0.204153 -0.205736 -0.205121 -0.2023 -0.197228 -0.189873 -0.181582 -0.172291 -0.161813 -0.150034 -0.136847 -0.122195 -0.106157 -0.0892979 -0.0701627 -0.0489446 -0.0257004 -0.000467993 0.0259622 0.0527594 0.0797562 0.106695 0.133221 0.158875 0.183056 0.204844 0.225435 0.243547 0.258444 0.269516 0.276764 0.281431 0.283467 0.282852 0.279543 0.273565 0.264982 0.253886 0.240391 0.224632 0.206758 0.186945 0.165417 0.142503 0.118785 0.0954691 0.0753769 0.0640966 0.0585008 0.0554926 0.0537643 0.0527611 0.0522139 0.0519746 0.0519534 0.0520905 0.0523437 0.0526814 0.0530787 0.0535155 0.0539753 0.054445 0.0549142 0.0553761 0.0558279 0.0562715 0.056716 0.0571794 
-0.0678974 -0.067274 -0.0666739 -0.0660705 -0.0654493 -0.0648046 -0.0641369 -0.063451 -0.0627556 -0.0620622 -0.0613849 -0.0607408 -0.0601501 -0.0596375 -0.0592345 -0.0589837 -0.0589466 -0.0592211 -0.0599792 -0.0615642 -0.0647602 -0.0714221 -0.0850933 -0.101 -0.11712 -0.132672 -0.147291 -0.160756 -0.172898 -0.183562 -0.192598 -0.199861 -0.205214 -0.208536 -0.209731 -0.20874 -0.205569 -0.200166 -0.192509 -0.184005 -0.174477 -0.163743 -0.151696 -0.138241 -0.123337 -0.107098 -0.0901322 -0.0708428 -0.0494375 -0.0259873 -0.000542787 0.026105 0.0531267 0.0803464 0.107499 0.134221 0.160043 0.184344 0.206177 0.22695 0.245331 0.260563 0.272033 0.279631 0.284654 0.287064 0.286845 0.283947 0.278388 0.270229 0.259564 0.246511 0.231207 0.213812 0.194517 0.173569 0.151331 0.128431 0.106111 0.0870231 0.0753703 0.0691855 0.0657612 0.0637711 0.0626118 0.0619808 0.0617086 0.0616912 0.0618592 0.0621632 0.0625662 0.0630389 0.0635578 0.0641034 0.0646602 0.0652162 0.0657633 0.0662982 0.0668234 0.0673494 0.0678974 
-0.0796871 -0.0789589 -0.0782572 -0.0775514 -0.0768248 -0.0760705 -0.0752889 -0.0744858 -0.0736711 -0.0728581 -0.0720634 -0.0713067 -0.0706114 -0.0700063 -0.0695278 -0.0692249 -0.0691683 -0.0694686 -0.0703179 -0.0720871 -0.0755718 -0.0824236 -0.0953414 -0.110512 -0.126014 -0.141032 -0.155167 -0.168176 -0.179876 -0.190104 -0.198706 -0.205534 -0.210453 -0.213343 -0.214113 -0.212714 -0.209162 -0.203401 -0.195418 -0.186674 -0.176885 -0.165868 -0.153528 -0.139781 -0.124604 -0.108148 -0.0910506 -0.0715877 -0.0499755 -0.0262985 -0.000620765 0.0262664 0.0535347 0.0809991 0.108386 0.135324 0.16133 0.185766 0.207663 0.228633 0.247304 0.262899 0.274798 0.28278 0.288192 0.291009 0.291223 0.288773 0.283673 0.27598 0.265788 0.253217 0.238411 0.22154 0.202808 0.182483 0.160962 0.13891 0.117579 0.0994176 0.0875388 0.0808316 0.0770031 0.0747497 0.0734318 0.0727162 0.0724125 0.0724023 0.0726063 0.0729676 0.0734431 0.0739992 0.0746084 0.0752482 0.0759005 0.0765515 0.0771919 0.0778177 0.078432 0.079047 0.0796871 
-0.0926558 -0.0918134 -0.0910009 -0.0901834 -0.0893416 -0.0884675 -0.0875614 -0.08663 -0.0856846 -0.0847404 -0.0838165 -0.0829356 -0.0821246 -0.0814165 -0.0808529 -0.0804895 -0.0804062 -0.0807266 -0.0816606 -0.0836006 -0.0873312 -0.0942802 -0.10648 -0.1209 -0.135748 -0.15019 -0.163799 -0.17631 -0.187526 -0.197276 -0.205401 -0.211752 -0.216195 -0.218613 -0.218921 -0.217077 -0.213111 -0.206962 -0.198629 -0.189615 -0.179536 -0.168208 -0.155548 -0.141482 -0.126011 -0.109318 -0.092062 -0.0724037 -0.0505626 -0.0266361 -0.000701531 0.026449 0.0539883 0.0817214 0.109366 0.136539 0.162748 0.187335 0.20932 0.230504 0.249488 0.265474 0.277835 0.286238 0.292076 0.295335 0.296022 0.294063 0.289464 0.282281 0.272608 0.260566 0.246304 0.230003 0.21188 0.192225 0.171463 0.150288 0.129941 0.112645 0.100669 0.0935152 0.0893037 0.0867905 0.085314 0.0845147 0.0841822 0.0841839 0.08443 0.0848558 0.0854122 0.0860604 0.086769 0.0875122 0.0882693 0.0890242 0.0897664 0.0904916 0.0912032 0.0919153 0.0926558 
-0.106921 -0.105955 -0.105021 -0.104082 -0.103114 -0.10211 -0.101068 -0.0999958 -0.0989071 -0.0978191 -0.0967532 -0.0957352 -0.0947961 -0.093973 -0.0933133 -0.0928794 -0.0927605 -0.0930923 -0.0941009 -0.0961915 -0.100118 -0.107077 -0.118585 -0.13224 -0.146398 -0.160221 -0.173258 -0.185225 -0.19591 -0.205136 -0.212738 -0.218567 -0.222489 -0.224391 -0.224194 -0.221866 -0.217454 -0.210884 -0.202173 -0.192857 -0.182457 -0.170788 -0.157776 -0.143365 -0.127573 -0.110622 -0.0931767 -0.0732979 -0.0512033 -0.0270019 -0.000784545 0.0266559 0.0544929 0.0825209 0.110447 0.13788 0.164312 0.18907 0.211168 0.232585 0.251907 0.268314 0.281171 0.290037 0.296339 0.300079 0.301281 0.299858 0.295809 0.289185 0.280079 0.268615 0.254949 0.239267 0.221804 0.202868 0.182909 0.162639 0.14327 0.126794 0.114835 0.107319 0.102755 0.0999913 0.0983599 0.0974801 0.0971233 0.0971428 0.0974383 0.097937 0.0985834 0.0993335 0.100152 0.101008 0.10188 0.102749 0.103602 0.104436 0.105254 0.106072 0.106921 
-0.122614 -0.121512 -0.120447 -0.119375 -0.11827 -0.117122 -0.115932 -0.114707 -0.113461 -0.112215 -0.110993 -0.109824 -0.108743 -0.107792 -0.107023 -0.106507 -0.106341 -0.106673 -0.107741 -0.109955 -0.114019 -0.120907 -0.13174 -0.144615 -0.158045 -0.171203 -0.18362 -0.194993 -0.205098 -0.213749 -0.220778 -0.226035 -0.229387 -0.230725 -0.229978 -0.227127 -0.22223 -0.215207 -0.206086 -0.196431 -0.185676 -0.173631 -0.160237 -0.145449 -0.129311 -0.112074 -0.094406 -0.0742782 -0.0519025 -0.027398 -0.000869103 0.0268905 0.0550547 0.0834064 0.111643 0.13936 0.166038 0.190989 0.21323 0.234902 0.254588 0.27145 0.28484 0.294209 0.301018 0.305282 0.307045 0.306207 0.302758 0.296746 0.288261 0.27743 0.264413 0.249407 0.232657 0.214492 0.195379 0.176043 0.157648 0.141963 0.130121 0.122331 0.117456 0.114459 0.11268 0.111726 0.111351 0.111396 0.11175 0.112331 0.113078 0.113941 0.11488 0.115861 0.116858 0.117851 0.118826 0.119778 0.120712 0.121645 0.122614 
-0.139875 -0.138626 -0.137419 -0.136202 -0.134948 -0.133644 -0.132292 -0.130899 -0.129482 -0.128063 -0.12667 -0.125334 -0.124095 -0.123 -0.122108 -0.121495 -0.121267 -0.121584 -0.122691 -0.124993 -0.129132 -0.135873 -0.146038 -0.158115 -0.17078 -0.183225 -0.194969 -0.205693 -0.215164 -0.223186 -0.229588 -0.234218 -0.236946 -0.237669 -0.236325 -0.232904 -0.227486 -0.219971 -0.210406 -0.200373 -0.189224 -0.176768 -0.162955 -0.147757 -0.131243 -0.113692 -0.0957627 -0.0753536 -0.0526656 -0.0278267 -0.000954303 0.0271568 0.0556807 0.0843879 0.112964 0.140994 0.167943 0.193113 0.215532 0.237484 0.257562 0.274914 0.288875 0.298795 0.306156 0.310989 0.313362 0.313162 0.310369 0.305026 0.297221 0.287081 0.274773 0.2605 0.244521 0.22718 0.208961 0.190587 0.173167 0.158253 0.14662 0.13865 0.133515 0.130308 0.128396 0.127377 0.126994 0.127074 0.127496 0.128171 0.12903 0.130018 0.131089 0.132207 0.133342 0.134471 0.135579 0.136659 0.137719 0.138778 0.139875 
-0.158862 -0.157455 -0.156092 -0.154718 -0.153301 -0.151828 -0.150299 -0.148724 -0.147119 -0.145511 -0.143928 -0.142408 -0.140995 -0.139739 -0.138706 -0.137979 -0.137673 -0.137953 -0.139072 -0.141421 -0.145565 -0.152084 -0.16158 -0.172842 -0.1847 -0.196381 -0.207395 -0.217414 -0.226191 -0.233524 -0.239239 -0.243183 -0.24523 -0.245284 -0.243289 -0.239253 -0.23327 -0.225225 -0.215177 -0.204723 -0.193139 -0.180231 -0.16596 -0.150316 -0.133393 -0.115493 -0.0972612 -0.0765339 -0.0534988 -0.0282904 -0.00103903 0.0274595 0.0563787 0.0854763 0.114426 0.142799 0.17005 0.195468 0.218103 0.240363 0.260866 0.278743 0.293317 0.303835 0.311797 0.317249 0.320285 0.32078 0.318704 0.314091 0.307029 0.297646 0.28611 0.272633 0.257487 0.241027 0.223749 0.206368 0.189925 0.175778 0.164437 0.156384 0.151049 0.147665 0.145639 0.144569 0.14419 0.144317 0.14482 0.145602 0.146587 0.147713 0.14893 0.150198 0.151484 0.15276 0.154013 0.155234 0.15643 0.157625 0.158862 
-0.179749 -0.178169 -0.176637 -0.175092 -0.173499 -0.171842 -0.170121 -0.168346 -0.166536 -0.16472 -0.16293 -0.161207 -0.159599 -0.158163 -0.156969 -0.156108 -0.155701 -0.155921 -0.157018 -0.159361 -0.163438 -0.169665 -0.178478 -0.188903 -0.199913 -0.210775 -0.221001 -0.23025 -0.238268 -0.244848 -0.249811 -0.253006 -0.25431 -0.253633 -0.250933 -0.246231 -0.239639 -0.231022 -0.220448 -0.209525 -0.19746 -0.184055 -0.169284 -0.153156 -0.135786 -0.117499 -0.0989177 -0.0778305 -0.0544086 -0.0287917 -0.00112192 0.0278037 0.0571576 0.0866841 0.116044 0.144796 0.17238 0.198081 0.220976 0.243577 0.264538 0.28298 0.298211 0.309377 0.317995 0.324116 0.327872 0.329124 0.327829 0.324015 0.317765 0.309206 0.298512 0.285901 0.271653 0.256135 0.239846 0.22349 0.208034 0.194659 0.183688 0.175649 0.170185 0.166667 0.164553 0.163452 0.163092 0.163282 0.163881 0.164785 0.16591 0.16719 0.168568 0.170001 0.17145 0.172889 0.174298 0.175672 0.177017 0.17836 0.179749 
-0.202724 -0.200958 -0.199243 -0.197513 -0.195728 -0.193871 -0.191941 -0.189948 -0.187915 -0.185872 -0.183854 -0.181907 -0.180083 -0.178444 -0.177066 -0.176047 -0.175513 -0.175639 -0.176673 -0.178953 -0.182884 -0.188749 -0.196858 -0.206418 -0.216536 -0.226522 -0.235893 -0.244306 -0.251496 -0.257251 -0.261392 -0.263769 -0.264262 -0.262792 -0.259327 -0.253905 -0.246657 -0.237421 -0.226273 -0.214829 -0.202232 -0.188283 -0.172966 -0.156309 -0.138451 -0.119732 -0.100751 -0.0792562 -0.055403 -0.0293335 -0.00120136 0.0281955 0.0580278 0.0880257 0.117836 0.147005 0.174961 0.200985 0.224187 0.247167 0.268624 0.287674 0.303607 0.315476 0.324805 0.331653 0.33619 0.338265 0.337821 0.334878 0.329514 0.321856 0.312078 0.300405 0.287125 0.272612 0.257367 0.24207 0.227616 0.21503 0.204504 0.196578 0.191063 0.187463 0.185296 0.184189 0.18387 0.18414 0.184854 0.185897 0.18718 0.188629 0.190186 0.191798 0.193427 0.195041 0.196622 0.198161 0.199668 0.201172 0.202724 
-0.227996 -0.22603 -0.224117 -0.222186 -0.220194 -0.21812 -0.215962 -0.213734 -0.211457 -0.209164 -0.206896 -0.204701 -0.202637 -0.20077 -0.199182 -0.197975 -0.197282 -0.197277 -0.198198 -0.200347 -0.204051 -0.209483 -0.216858 -0.225521 -0.234697 -0.243745 -0.252194 -0.259695 -0.265982 -0.270837 -0.274079 -0.275563 -0.275174 -0.272841 -0.268548 -0.262349 -0.254394 -0.244488 -0.232713 -0.220692 -0.207509 -0.192962 -0.177048 -0.159815 -0.141422 -0.12222 -0.102781 -0.0808256 -0.0564905 -0.0299192 -0.00127544 0.0286416 0.0590006 0.089517 0.119823 0.149453 0.177823 0.204215 0.227778 0.251182 0.273178 0.29288 0.309564 0.322192 0.332293 0.339928 0.345311 0.348279 0.348762 0.346769 0.342372 0.335695 0.326914 0.316259 0.304021 0.290581 0.276436 0.262238 0.248807 0.237035 0.227029 0.219317 0.213837 0.210217 0.208041 0.20696 0.206707 0.207082 0.20793 0.209133 0.210593 0.212231 0.213983 0.215793 0.217617 0.219423 0.22119 0.222909 0.224591 0.226267 0.227996 
-0.255796 -0.253613 -0.251487 -0.24934 -0.247122 -0.244813 -0.24241 -0.239924 -0.237381 -0.234817 -0.232274 -0.229806 -0.227473 -0.225349 -0.22352 -0.222093 -0.221202 -0.22102 -0.22177 -0.223714 -0.227106 -0.232032 -0.238632 -0.246359 -0.25454 -0.262584 -0.270035 -0.276547 -0.281848 -0.285719 -0.287982 -0.288491 -0.287141 -0.283872 -0.278683 -0.271647 -0.26293 -0.252299 -0.239838 -0.227177 -0.213348 -0.198145 -0.181579 -0.163715 -0.144734 -0.12499 -0.105031 -0.0825554 -0.0576812 -0.0305525 -0.00134198 0.0291499 0.0600892 0.0911764 0.122029 0.152168 0.181001 0.207815 0.231798 0.255677 0.278257 0.298661 0.316148 0.329596 0.340532 0.349018 0.355318 0.359254 0.360745 0.359786 0.356442 0.350835 0.343138 0.333585 0.322471 0.310176 0.29719 0.284134 0.271757 0.260836 0.251425 0.244027 0.238676 0.235108 0.232975 0.231961 0.231807 0.232314 0.233323 0.234708 0.236367 0.238216 0.240182 0.242208 0.244246 0.24626 0.248228 0.250142 0.252013 0.253877 0.255796 
-0.286375 -0.28396 -0.281605 -0.279223 -0.276764 -0.2742 -0.27153 -0.268766 -0.265934 -0.263072 -0.260228 -0.257457 -0.254827 -0.252413 -0.250308 -0.24862 -0.247486 -0.247073 -0.247583 -0.249242 -0.252232 -0.256576 -0.262352 -0.269096 -0.276222 -0.28319 -0.289564 -0.295 -0.299227 -0.302026 -0.303218 -0.302666 -0.300272 -0.29599 -0.289833 -0.281894 -0.272355 -0.260938 -0.247727 -0.234358 -0.219816 -0.203894 -0.186614 -0.16806 -0.148428 -0.128078 -0.107529 -0.0844647 -0.0589866 -0.0312377 -0.00139852 0.0297293 0.0613088 0.093025 0.124481 0.155184 0.184536 0.211832 0.236302 0.260713 0.283931 0.30509 0.323436 0.337767 0.349606 0.359011 0.366302 0.371288 0.373873 0.374039 0.371842 0.367398 0.36088 0.35252 0.342615 0.331544 0.319783 0.30792 0.296636 0.28661 0.277872 0.270891 0.265769 0.262334 0.260308 0.259409 0.259394 0.260066 0.261265 0.26286 0.264744 0.266825 0.269029 0.271291 0.273561 0.275801 0.277987 0.280111 0.282187 0.284252 0.286375 
-0.320013 -0.317349 -0.314746 -0.312113 -0.309392 -0.306555 -0.303597 -0.300531 -0.297385 -0.294199 -0.291023 -0.287919 -0.284956 -0.282216 -0.279793 -0.2778 -0.276369 -0.275661 -0.275857 -0.27714 -0.279636 -0.283317 -0.28821 -0.293914 -0.299919 -0.305735 -0.310944 -0.315212 -0.318269 -0.319898 -0.319925 -0.318218 -0.314691 -0.30931 -0.302109 -0.293196 -0.282772 -0.270501 -0.256467 -0.242318 -0.22699 -0.210278 -0.192215 -0.172904 -0.152553 -0.131521 -0.110305 -0.0865755 -0.06042 -0.0319799 -0.00144232 0.0303899 0.0626765 0.0950869 0.12721 0.15854 0.188474 0.216321 0.241351 0.266361 0.290277 0.312251 0.331516 0.346796 0.359609 0.370006 0.378368 0.38449 0.388261 0.38965 0.388701 0.385522 0.380284 0.373215 0.364612 0.354848 0.344384 0.333771 0.323629 0.314555 0.306571 0.300112 0.295324 0.292114 0.290268 0.289543 0.289715 0.290592 0.292016 0.293852 0.295988 0.298328 0.300792 0.303313 0.305836 0.308321 0.310742 0.313093 0.315388 0.317671 0.320013 
-0.357014 -0.354084 -0.351217 -0.348313 -0.345312 -0.34218 -0.338911 -0.335519 -0.332032 -0.328492 -0.324954 -0.321482 -0.318149 -0.31504 -0.312253 -0.3099 -0.308113 -0.307038 -0.306833 -0.307644 -0.309547 -0.31248 -0.316419 -0.321018 -0.325829 -0.330406 -0.334357 -0.337357 -0.339141 -0.339496 -0.338254 -0.335292 -0.330536 -0.323967 -0.315638 -0.305677 -0.294296 -0.281098 -0.266162 -0.251151 -0.234958 -0.217378 -0.198457 -0.178311 -0.157162 -0.135365 -0.113394 -0.0889132 -0.0619971 -0.0327851 -0.00147042 0.0311433 0.0642119 0.0973899 0.130251 0.16228 0.192871 0.221347 0.24702 0.272704 0.297386 0.320239 0.340489 0.356789 0.370653 0.382118 0.391635 0.398986 0.404042 0.406757 0.407164 0.40536 0.40151 0.395839 0.388638 0.380272 0.371183 0.361888 0.352947 0.344891 0.337748 0.331918 0.327577 0.324693 0.32311 0.322626 0.323041 0.324171 0.32586 0.327972 0.330392 0.33302 0.335771 0.338574 0.341371 0.344121 0.346796 0.349391 0.351923 0.354438 0.357014 
-0.397715 -0.394501 -0.391351 -0.388159 -0.384856 -0.381408 -0.377805 -0.374061 -0.370205 -0.366281 -0.362347 -0.358468 -0.354722 -0.351198 -0.347994 -0.345222 -0.343006 -0.341482 -0.340784 -0.341019 -0.342225 -0.344316 -0.347222 -0.350639 -0.354173 -0.357418 -0.360008 -0.361631 -0.362031 -0.361 -0.358378 -0.354053 -0.347964 -0.340113 -0.330567 -0.319474 -0.307061 -0.292853 -0.276929 -0.260967 -0.243821 -0.225286 -0.205421 -0.184354 -0.162317 -0.139659 -0.116837 -0.0915074 -0.0637362 -0.0336608 -0.00147969 0.0320026 0.065938 0.0999664 0.133648 0.166457 0.19779 0.226985 0.253391 0.279836 0.305361 0.329166 0.350472 0.36787 0.382863 0.395479 0.406241 0.414918 0.421364 0.425518 0.427395 0.427084 0.42474 0.42058 0.41489 0.408021 0.400395 0.392493 0.384825 0.377862 0.371654 0.366566 0.362789 0.36034 0.359115 0.358951 0.359673 0.361111 0.363112 0.365542 0.368282 0.371229 0.374295 0.377406 0.380501 0.383535 0.386484 0.389341 0.392126 0.394889 0.397715 
-0.442487 -0.438971 -0.43552 -0.43202 -0.428396 -0.424609 -0.420648 -0.416525 -0.41227 -0.407929 -0.403561 -0.399234 -0.39503 -0.391037 -0.387356 -0.384096 -0.381373 -0.379309 -0.378014 -0.377562 -0.37796 -0.379108 -0.38089 -0.383037 -0.3852 -0.387011 -0.38813 -0.388259 -0.387153 -0.384615 -0.380493 -0.374689 -0.367159 -0.357921 -0.347063 -0.334749 -0.321218 -0.305911 -0.288902 -0.271892 -0.253697 -0.234111 -0.213204 -0.191118 -0.168089 -0.144463 -0.120681 -0.0943926 -0.0656589 -0.0346159 -0.00146691 0.0329826 0.0678809 0.102854 0.137449 0.171133 0.203304 0.233319 0.260562 0.287865 0.314322 0.339162 0.361603 0.38018 0.396389 0.410241 0.422343 0.432451 0.4404 0.44611 0.449582 0.45089 0.450177 0.447653 0.44359 0.438326 0.43226 0.42584 0.419527 0.413746 0.408575 0.404346 0.401256 0.399359 0.398596 0.398842 0.399947 0.401755 0.404122 0.406915 0.410014 0.413316 0.416728 0.420174 0.42359 0.426933 0.430174 0.433311 0.436367 0.439395 0.442487 
-0.491735 -0.487901 -0.48413 -0.480302 -0.476336 -0.472188 -0.467845 -0.463316 -0.458631 -0.453838 -0.448996 -0.444177 -0.439462 -0.434943 -0.430718 -0.426893 -0.423575 -0.420871 -0.418866 -0.417609 -0.417081 -0.417175 -0.41773 -0.418508 -0.419195 -0.419459 -0.418984 -0.417493 -0.414752 -0.410575 -0.404825 -0.397418 -0.388328 -0.377592 -0.365319 -0.351686 -0.336944 -0.320437 -0.302239 -0.284074 -0.264721 -0.243975 -0.221917 -0.198699 -0.174561 -0.149845 -0.12498 -0.0976093 -0.0677909 -0.0356615 -0.00142884 0.0341004 0.0700712 0.106096 0.141711 0.176379 0.2095 0.240452 0.268646 0.296917 0.324409 0.350376 0.374041 0.393887 0.411402 0.426582 0.440127 0.451775 0.461346 0.46874 0.473939 0.477002 0.478056 0.477299 0.47499 0.47145 0.467054 0.462215 0.457353 0.452853 0.44883 0.445583 0.443311 0.442093 0.441906 0.442661 0.444232 0.446483 0.449276 0.452484 0.455987 0.459682 0.463473 0.467283 0.471047 0.474719 0.478274 0.481709 0.485052 0.488362 0.491735 
-0.545909 -0.541738 -0.53763 -0.533455 -0.529127 -0.524596 -0.519845 -0.514882 -0.509736 -0.504454 -0.499096 -0.493736 -0.488456 -0.483346 -0.478503 -0.474028 -0.470017 -0.466562 -0.463727 -0.461539 -0.459959 -0.458879 -0.458093 -0.457387 -0.45648 -0.455072 -0.452873 -0.449624 -0.445107 -0.439151 -0.431635 -0.422492 -0.411715 -0.399361 -0.385558 -0.370499 -0.354442 -0.336627 -0.317123 -0.297684 -0.277051 -0.255023 -0.231689 -0.20721 -0.18183 -0.155886 -0.129799 -0.101205 -0.0701628 -0.0368111 -0.00136233 0.0353755 0.0725445 0.109745 0.146504 0.18228 0.21648 0.2485 0.277775 0.307141 0.335782 0.362983 0.387972 0.409184 0.428105 0.444711 0.459807 0.473114 0.484434 0.493647 0.500714 0.505676 0.508643 0.509797 0.50938 0.507694 0.505088 0.501943 0.498643 0.495537 0.492782 0.490648 0.489331 0.488924 0.489437 0.49081 0.492942 0.495715 0.499003 0.502683 0.50664 0.510769 0.514975 0.519179 0.523317 0.527342 0.531231 0.534984 0.538632 0.542239 0.545909 
-0.6055 -0.600977 -0.596514 -0.591974 -0.587263 -0.582328 -0.577145 -0.57172 -0.56608 -0.560271 -0.554354 -0.548401 -0.542495 -0.536725 -0.531184 -0.525965 -0.521155 -0.51683 -0.513037 -0.509782 -0.507017 -0.504631 -0.502375 -0.500059 -0.497428 -0.494211 -0.490143 -0.484986 -0.478542 -0.470656 -0.461225 -0.450202 -0.4376 -0.423497 -0.40804 -0.391436 -0.373951 -0.354704 -0.333766 -0.31292 -0.290872 -0.267423 -0.242672 -0.216785 -0.19001 -0.162681 -0.135214 -0.105236 -0.0728114 -0.0380814 -0.00126444 0.0368303 0.0753423 0.113862 0.151908 0.188936 0.224363 0.257601 0.288105 0.318707 0.348631 0.377187 0.403612 0.426302 0.446735 0.464873 0.481635 0.496728 0.509933 0.521109 0.530196 0.537211 0.542248 0.545467 0.547092 0.547403 0.546721 0.545399 0.543784 0.542198 0.540842 0.539961 0.539741 0.540288 0.541633 0.543742 0.546539 0.549923 0.553781 0.557997 0.56246 0.567068 0.571727 0.576357 0.580895 0.585297 0.58954 0.593629 0.597598 0.601519 0.6055 
-0.67105 -0.66616 -0.661326 -0.656404 -0.651293 -0.645932 -0.640293 -0.634378 -0.628212 -0.621838 -0.615316 -0.608717 -0.602122 -0.595616 -0.589289 -0.583226 -0.577503 -0.572181 -0.567293 -0.562829 -0.558734 -0.554901 -0.551035 -0.546966 -0.542467 -0.537289 -0.531195 -0.52397 -0.515434 -0.505454 -0.493947 -0.480888 -0.466312 -0.450318 -0.433069 -0.414789 -0.395749 -0.374935 -0.35242 -0.330017 -0.306401 -0.281374 -0.255042 -0.227579 -0.199235 -0.170342 -0.141314 -0.10977 -0.0757808 -0.0394934 -0.00113254 0.0384907 0.0785136 0.118518 0.158017 0.196467 0.233291 0.267917 0.299817 0.331819 0.363177 0.393228 0.421218 0.445507 0.467573 0.487357 0.505911 0.522925 0.53816 0.551454 0.562721 0.571957 0.579231 0.584682 0.588512 0.590975 0.592368 0.593009 0.593221 0.593294 0.59348 0.594 0.595028 0.596677 0.598994 0.601966 0.60554 0.609631 0.61414 0.618961 0.623989 0.629123 0.634273 0.639363 0.644329 0.64913 0.653747 0.658189 0.662496 0.666744 0.67105 
-0.743155 -0.737885 -0.732667 -0.727347 -0.721819 -0.716014 -0.709897 -0.703467 -0.696743 -0.689766 -0.682592 -0.675291 -0.66794 -0.66062 -0.653414 -0.646399 -0.639643 -0.633191 -0.627062 -0.621239 -0.615661 -0.610226 -0.604595 -0.598619 -0.59209 -0.584787 -0.576497 -0.567027 -0.556223 -0.543972 -0.530216 -0.514952 -0.498238 -0.480195 -0.461004 -0.4409 -0.420164 -0.397632 -0.373379 -0.349253 -0.323895 -0.297109 -0.26901 -0.239777 -0.209663 -0.179002 -0.148206 -0.114887 -0.0791241 -0.0410724 -0.000964393 0.0403866 0.0821165 0.1238 0.164946 0.205012 0.243431 0.279642 0.313129 0.346714 0.379681 0.411387 0.441089 0.467119 0.490949 0.512506 0.532988 0.552069 0.569491 0.585067 0.598687 0.610322 0.620014 0.627877 0.634088 0.638875 0.642506 0.645271 0.647462 0.649349 0.651233 0.65331 0.655744 0.65865 0.662086 0.666057 0.670526 0.675428 0.680676 0.686175 0.691827 0.697537 0.70322 0.708801 0.714222 0.719444 0.724454 0.729265 0.733923 0.738512 0.743155 
-0.82247 -0.816811 -0.811197 -0.805469 -0.799509 -0.793243 -0.78663 -0.77966 -0.772349 -0.764731 -0.756861 -0.748801 -0.740625 -0.732409 -0.724228 -0.716151 -0.708234 -0.700512 -0.692993 -0.685653 -0.67843 -0.671228 -0.663664 -0.65561 -0.646876 -0.637267 -0.626594 -0.61469 -0.601425 -0.586713 -0.570519 -0.552866 -0.533834 -0.513568 -0.492265 -0.470175 -0.447585 -0.423165 -0.396996 -0.370954 -0.343656 -0.314906 -0.284824 -0.253598 -0.221486 -0.188821 -0.156019 -0.120683 -0.0829056 -0.0428501 -0.000758232 0.0425533 0.0862195 0.12981 0.17283 0.214741 0.254981 0.293002 0.328295 0.363677 0.398451 0.431998 0.463583 0.491513 0.517256 0.540727 0.563286 0.584594 0.604371 0.622408 0.638567 0.652791 0.665095 0.675564 0.684347 0.691644 0.697694 0.702757 0.7071 0.71097 0.714717 0.718517 0.722523 0.726847 0.731554 0.736662 0.742152 0.747972 0.754051 0.760305 0.766644 0.772981 0.779236 0.785341 0.791242 0.796906 0.802325 0.807519 0.812541 0.817482 0.82247 
-0.909718 -0.903663 -0.897647 -0.891501 -0.8851 -0.878361 -0.871236 -0.863706 -0.855781 -0.84749 -0.838879 -0.830006 -0.820937 -0.811743 -0.802489 -0.793235 -0.784027 -0.774892 -0.765828 -0.756807 -0.747768 -0.738622 -0.728945 -0.718627 -0.707498 -0.695387 -0.682129 -0.667586 -0.651653 -0.634271 -0.615433 -0.595188 -0.573641 -0.550958 -0.527356 -0.503096 -0.478475 -0.451977 -0.423686 -0.395513 -0.366047 -0.335094 -0.302784 -0.269308 -0.234931 -0.199991 -0.164907 -0.127276 -0.0872034 -0.0448649 -0.000512813 0.0450323 0.0909047 0.136669 0.181831 0.225852 0.268179 0.30827 0.345621 0.383043 0.419856 0.455457 0.489121 0.519134 0.546961 0.572503 0.597306 0.621016 0.643334 0.664024 0.682922 0.699941 0.715066 0.72835 0.739912 0.749921 0.758585 0.766138 0.772819 0.778854 0.784643 0.790341 0.796089 0.801996 0.808129 0.814519 0.821157 0.828007 0.835011 0.842096 0.849185 0.8562 0.863067 0.869726 0.87613 0.882253 0.888095 0.893683 0.899078 0.904377 0.909718 
-1.00569 -0.99924 -0.992819 -0.986252 -0.979406 -0.972187 -0.964539 -0.956436 -0.947876 -0.938882 -0.929491 -0.919754 -0.909728 -0.899474 -0.88905 -0.878507 -0.867879 -0.857186 -0.84642 -0.83555 -0.824517 -0.81324 -0.801257 -0.788477 -0.774748 -0.759922 -0.743862 -0.726456 -0.70763 -0.687353 -0.665646 -0.642585 -0.618304 -0.592989 -0.566875 -0.540239 -0.513387 -0.484594 -0.453951 -0.423399 -0.391503 -0.358073 -0.323247 -0.287224 -0.250274 -0.212744 -0.175058 -0.134807 -0.0921122 -0.0471643 -0.000227463 0.0478729 0.0962699 0.144525 0.192142 0.238585 0.283307 0.325771 0.365474 0.405217 0.444335 0.482238 0.518208 0.550516 0.580622 0.608415 0.635649 0.661956 0.687016 0.71057 0.732425 0.752461 0.77063 0.786955 0.801518 0.814457 0.82595 0.836199 0.845418 0.853814 0.861833 0.869612 0.877277 0.884934 0.89265 0.900464 0.908378 0.916368 0.92439 0.932384 0.940284 0.948023 0.955538 0.962777 0.969703 0.9763 0.982574 0.988562 0.994334 0.999995 1.00569 
-1.11126 -1.10442 -1.0976 -1.09062 -1.08333 -1.07563 -1.06746 -1.05877 -1.04956 -1.03985 -1.02964 -1.019 -1.00796 -0.996569 -0.984884 -0.972942 -0.960769 -0.948376 -0.935752 -0.922863 -0.909654 -0.896053 -0.881562 -0.866107 -0.849559 -0.831792 -0.812695 -0.792186 -0.770222 -0.746802 -0.721978 -0.695857 -0.668596 -0.640407 -0.611544 -0.582298 -0.552988 -0.521654 -0.488393 -0.455176 -0.420548 -0.384324 -0.346649 -0.307732 -0.267852 -0.227363 -0.186699 -0.143448 -0.097748 -0.0498067 9.78436e-05 0.0511339 0.102433 0.153553 0.203996 0.25323 0.300708 0.345898 0.388292 0.430684 0.472415 0.512907 0.551449 0.586298 0.618909 0.649159 0.679035 0.708156 0.736184 0.762833 0.787881 0.811175 0.832632 0.852239 0.870043 0.886147 0.900696 0.913862 0.925834 0.936799 0.947245 0.957289 0.967049 0.976621 0.986075 0.995452 1.00477 1.014 1.02313 1.0321 1.04087 1.04938 1.05757 1.06541 1.07287 1.07995 1.08666 1.09305 1.09919 1.10521 1.11126 
-1.22738 -1.22017 -1.21297 -1.20558 -1.19786 -1.18969 -1.181 -1.17174 -1.16188 -1.15143 -1.14039 -1.12881 -1.1167 -1.10412 -1.09109 -1.07766 -1.06382 -1.04959 -1.03496 -1.01989 -1.00432 -0.988194 -0.970985 -0.952637 -0.933038 -0.912087 -0.889702 -0.865832 -0.840465 -0.813633 -0.78542 -0.755963 -0.725449 -0.694114 -0.662232 -0.630113 -0.598086 -0.563929 -0.527746 -0.491532 -0.453822 -0.414432 -0.373519 -0.331303 -0.288073 -0.244193 -0.20011 -0.15341 -0.104253 -0.0528638 0.000462349 0.0548861 0.109537 0.163967 0.217677 0.270134 0.320794 0.369123 0.414609 0.46003 0.504736 0.548152 0.589574 0.627251 0.662627 0.695571 0.728333 0.760517 0.791765 0.821765 0.850265 0.877079 0.902086 0.925235 0.946536 0.966055 0.983902 1.00022 1.01517 1.02892 1.04199 1.05449 1.06652 1.07817 1.0895 1.10058 1.1114 1.12198 1.13229 1.14231 1.15199 1.16129 1.17019 1.17864 1.18664 1.1942 1.20134 1.20812 1.21464 1.221 1.22738 
-1.35512 -1.34757 -1.34 -1.33224 -1.32411 -1.31549 -1.3063 -1.29648 -1.28599 -1.2748 -1.26293 -1.25039 -1.23719 -1.22337 -1.20894 -1.19392 -1.17832 -1.16215 -1.14536 -1.12795 -1.10984 -1.091 -1.07086 -1.04939 -1.0265 -1.00211 -0.976174 -0.948666 -0.919608 -0.889069 -0.857167 -0.82407 -0.789996 -0.755207 -0.720001 -0.684705 -0.649665 -0.61236 -0.572903 -0.533309 -0.492105 -0.449116 -0.40451 -0.358519 -0.311443 -0.263661 -0.215635 -0.164954 -0.111801 -0.0564245 0.000864248 0.0592152 0.117753 0.176025 0.233526 0.289722 0.344067 0.396023 0.445073 0.493973 0.542073 0.588806 0.633469 0.67431 0.712757 0.748671 0.784597 0.820126 0.854879 0.888518 0.920758 0.951377 0.980218 1.00719 1.03226 1.05546 1.07686 1.09657 1.11473 1.13148 1.14738 1.16252 1.17698 1.19085 1.2042 1.21708 1.22952 1.24152 1.25308 1.26419 1.27481 1.28493 1.29453 1.30359 1.31213 1.32015 1.32771 1.33487 1.34173 1.34843 1.35512 
-1.49563 -1.48778 -1.4799 -1.47179 -1.46329 -1.45427 -1.44462 -1.43427 -1.42317 -1.41128 -1.3986 -1.3851 -1.37081 -1.35572 -1.33985 -1.3232 -1.30577 -1.28754 -1.2685 -1.2486 -1.2278 -1.20604 -1.18277 -1.15795 -1.13153 -1.10344 -1.07367 -1.04222 -1.00917 -0.9746 -0.938677 -0.901601 -0.863621 -0.825028 -0.786148 -0.747329 -0.708935 -0.668107 -0.624967 -0.581543 -0.536364 -0.489265 -0.440427 -0.390096 -0.338588 -0.286296 -0.233701 -0.178403 -0.120612 -0.0605994 0.00130021 0.0642254 0.127294 0.190044 0.251964 0.312514 0.371143 0.427308 0.48048 0.533387 0.58538 0.635892 0.684222 0.728619 0.770494 0.809699 0.849114 0.888314 0.926897 0.964496 1.0008 1.03554 1.06852 1.09961 1.12874 1.15589 1.18111 1.20446 1.22606 1.24604 1.26496 1.28289 1.29993 1.31616 1.33164 1.34641 1.36053 1.37401 1.38686 1.39907 1.41065 1.42159 1.43188 1.44154 1.45058 1.45904 1.46698 1.47449 1.48167 1.48866 1.49563 
-1.6502 -1.6421 -1.63396 -1.62557 -1.61676 -1.60739 -1.59734 -1.58653 -1.57488 -1.56235 -1.54889 -1.53449 -1.51913 -1.5028 -1.48549 -1.46719 -1.44789 -1.42755 -1.40616 -1.38367 -1.36003 -1.3352 -1.3086 -1.28022 -1.25002 -1.21796 -1.18407 -1.14838 -1.11099 -1.07205 -1.03174 -0.990304 -0.948028 -0.905237 -0.862282 -0.819539 -0.777396 -0.732609 -0.685307 -0.637525 -0.587803 -0.535988 -0.482278 -0.426934 -0.37029 -0.312759 -0.254841 -0.19416 -0.130956 -0.0655277 0.00176464 0.0700444 0.13842 0.206415 0.273509 0.339151 0.402783 0.463851 0.521814 0.579361 0.635836 0.690672 0.743171 0.79159 0.837313 0.880186 0.923469 0.966716 1.0095 1.05143 1.09214 1.13135 1.1688 1.20433 1.23782 1.26922 1.29851 1.32575 1.35102 1.37442 1.39653 1.41741 1.43715 1.45582 1.4735 1.49023 1.50606 1.52103 1.53517 1.54848 1.56099 1.57271 1.58366 1.59387 1.60337 1.61223 1.62051 1.62831 1.63576 1.643 1.6502 
-1.82022 -1.81196 -1.80364 -1.79505 -1.78602 -1.77639 -1.76603 -1.75484 -1.74274 -1.72965 -1.71551 -1.70029 -1.68394 -1.66643 -1.64774 -1.62783 -1.60667 -1.58423 -1.56046 -1.53531 -1.50875 -1.48071 -1.45061 -1.41848 -1.38428 -1.348 -1.3097 -1.26944 -1.22737 -1.18367 -1.13857 -1.09236 -1.04534 -0.9979 -0.95041 -0.903282 -0.856928 -0.80767 -0.755644 -0.702878 -0.647936 -0.590683 -0.531333 -0.470166 -0.407538 -0.343884 -0.279729 -0.212736 -0.143177 -0.071386 0.00224844 0.0768303 0.151454 0.225625 0.298807 0.370436 0.439938 0.506747 0.570307 0.633249 0.694913 0.754726 0.811991 0.864983 0.915052 0.962036 1.00963 1.05736 1.10478 1.15145 1.19698 1.24103 1.28332 1.32363 1.36179 1.39771 1.43134 1.4627 1.49183 1.51882 1.54426 1.5682 1.59071 1.61187 1.63176 1.65044 1.66797 1.6844 1.69978 1.71413 1.72751 1.73995 1.75148 1.76216 1.77205 1.78122 1.78977 1.7978 1.80545 1.81286 1.82022 
-2.00724 -1.99894 -1.99055 -1.98188 -1.97273 -1.96296 -1.95241 -1.94098 -1.92856 -1.91505 -1.90038 -1.88448 -1.86729 -1.84874 -1.82879 -1.80739 -1.78447 -1.75999 -1.73389 -1.7061 -1.67658 -1.64526 -1.61157 -1.57554 -1.53714 -1.49641 -1.45342 -1.40828 -1.36116 -1.3123 -1.26197 -1.2105 -1.15825 -1.10563 -1.05308 -1.00102 -0.949917 -0.895584 -0.838165 -0.779666 -0.718692 -0.655128 -0.589209 -0.521237 -0.451592 -0.380738 -0.309227 -0.234782 -0.157716 -0.078401 0.00273728 0.0847802 0.166804 0.248289 0.328675 0.407379 0.483809 0.557379 0.627516 0.696771 0.764474 0.830047 0.892796 0.951021 1.00603 1.05765 1.11008 1.16281 1.21536 1.26724 1.31804 1.36736 1.41487 1.46031 1.50345 1.54416 1.58237 1.61804 1.6512 1.68191 1.71076 1.73778 1.76305 1.78667 1.80872 1.82927 1.84841 1.86619 1.8827 1.89798 1.9121 1.92513 1.93713 1.94817 1.95833 1.96772 1.97643 1.98459 1.99233 1.99982 2.00724 
-2.21296 -2.20477 -2.19646 -2.18784 -2.17874 -2.16898 -2.15843 -2.14693 -2.13438 -2.12066 -2.10567 -2.08931 -2.0715 -2.05214 -2.03117 -2.00848 -1.98402 -1.95769 -1.92941 -1.89912 -1.86672 -1.83215 -1.79485 -1.75484 -1.71213 -1.66676 -1.61883 -1.5685 -1.51597 -1.46152 -1.40549 -1.34823 -1.29019 -1.2318 -1.17355 -1.11593 -1.05944 -0.999308 -0.935693 -0.870557 -0.802563 -0.731624 -0.657997 -0.582013 -0.504081 -0.424695 -0.344443 -0.261137 -0.175139 -0.0868671 0.00320893 0.0941424 0.184986 0.275186 0.364152 0.451274 0.535933 0.617519 0.695435 0.772127 0.84691 0.919198 0.988299 1.05256 1.11322 1.17011 1.228 1.28634 1.34459 1.40224 1.45881 1.51386 1.567 1.61791 1.66634 1.71209 1.75506 1.79517 1.83244 1.8669 1.89914 1.92918 1.95711 1.98304 2.00708 2.02932 2.04986 2.0688 2.08623 2.10224 2.11691 2.13034 2.14263 2.15386 2.16414 2.17358 2.18231 2.19046 2.19818 2.20562 2.21296 
-2.43926 -2.43135 -2.4233 -2.41494 -2.40608 -2.39656 -2.38621 -2.37491 -2.36249 -2.34885 -2.33384 -2.31735 -2.29925 -2.27944 -2.2578 -2.23421 -2.20855 -2.18073 -2.15061 -2.11809 -2.08306 -2.04542 -2.00465 -1.96074 -1.91371 -1.86361 -1.81057 -1.75478 -1.69649 -1.63602 -1.57376 -1.51014 -1.44565 -1.3808 -1.31613 -1.25218 -1.18952 -1.12272 -1.05193 -0.979047 -0.902814 -0.823181 -0.740434 -0.654935 -0.567129 -0.477549 -0.386823 -0.292896 -0.196187 -0.0971702 0.00362941 0.105233 0.206662 0.307321 0.40658 0.503789 0.598298 0.689464 0.776662 0.862186 0.945339 1.02552 1.10205 1.17332 1.24051 1.30344 1.36754 1.43221 1.49685 1.5609 1.62382 1.68509 1.74428 1.80102 1.85498 1.90595 1.95377 1.99836 2.03969 2.0778 2.11324 2.14607 2.17639 2.20433 2.23003 2.25362 2.27523 2.29499 2.31301 2.32943 2.34436 2.35792 2.37023 2.38141 2.39159 2.40089 2.40945 2.41741 2.42492 2.43215 2.43926 
-2.68819 -2.68079 -2.67324 -2.66537 -2.65701 -2.648 -2.63817 -2.62736 -2.61544 -2.60225 -2.58764 -2.57147 -2.55359 -2.53385 -2.51209 -2.48816 -2.46191 -2.43317 -2.40179 -2.3676 -2.33045 -2.2902 -2.24632 -2.1988 -2.14764 -2.0929 -2.03471 -1.9733 -1.90895 -1.84205 -1.77303 -1.7024 -1.63071 -1.55857 -1.48658 -1.41539 -1.34561 -1.27105 -1.19185 -1.10981 -1.0238 -0.933807 -0.840148 -0.743229 -0.643539 -0.541659 -0.438265 -0.331492 -0.221828 -0.109818 0.00394725 0.118452 0.232685 0.345995 0.457699 0.567102 0.673508 0.776234 0.874618 0.970747 1.0639 1.15348 1.23879 1.31831 1.39313 1.46306 1.5343 1.60618 1.67803 1.74922 1.81911 1.88715 1.95281 2.01566 2.07534 2.13157 2.18418 2.23306 2.27819 2.31961 2.35784 2.39297 2.42514 2.45455 2.48135 2.50574 2.52788 2.54793 2.56607 2.58244 2.5972 2.6105 2.62248 2.63329 2.64306 2.65195 2.66009 2.66763 2.67472 2.68152 2.68819 
-2.96201 -2.9554 -2.94863 -2.94156 -2.93402 -2.92585 -2.91691 -2.90703 -2.89606 -2.88384 -2.8702 -2.85497 -2.83799 -2.81906 -2.798 -2.77461 -2.74867 -2.71997 -2.68829 -2.6534 -2.61506 -2.57306 -2.52688 -2.47644 -2.4217 -2.3627 -2.29958 -2.23256 -2.16199 -2.08828 -2.01195 -1.93359 -1.85384 -1.77339 -1.69299 -1.61335 -1.53522 -1.45147 -1.36226 -1.26924 -1.17144 -1.06889 -0.961988 -0.851176 -0.737005 -0.620114 -0.501238 -0.378781 -0.253318 -0.125473 0.00408508 0.134303 0.264134 0.392862 0.519745 0.644027 0.764958 0.881802 0.993847 1.10289 1.2082 1.30913 1.405 1.49441 1.57829 1.65646 1.73604 1.81625 1.89634 1.97554 2.05314 2.12849 2.20099 2.27014 2.33553 2.39685 2.45388 2.50655 2.55483 2.59881 2.63899 2.67552 2.70862 2.73856 2.76556 2.78987 2.8117 2.83129 2.84882 2.86449 2.87849 2.891 2.90218 2.91218 2.92117 2.92929 2.93669 2.94352 2.94992 2.95603 2.96201 
-3.26321 -3.25771 -3.25207 -3.24614 -3.2398 -3.23291 -3.22532 -3.21688 -3.20745 -3.19685 -3.18493 -3.1715 -3.15637 -3.13932 -3.12013 -3.09856 -3.07434 -3.04719 -3.01681 -2.98285 -2.94499 -2.90286 -2.85591 -2.80395 -2.74683 -2.68453 -2.61715 -2.54493 -2.46821 -2.38747 -2.30329 -2.21637 -2.12746 -2.0374 -1.94707 -1.85735 -1.76913 -1.67421 -1.57273 -1.46616 -1.35375 -1.23567 -1.11234 -0.984326 -0.85224 -0.716802 -0.578812 -0.437051 -0.292191 -0.144949 0.00392818 0.153362 0.302284 0.449912 0.595439 0.738048 0.876923 1.01126 1.14028 1.26539 1.38579 1.50081 1.60977 1.71136 1.80633 1.89451 1.98409 2.07416 2.16381 2.25214 2.3383 2.42153 2.50113 2.57654 2.64729 2.71305 2.77361 2.82892 2.87902 2.92409 2.96465 3.00097 3.03342 3.06235 3.08809 3.11097 3.13126 3.14924 3.16515 3.17922 3.19166 3.20267 3.21241 3.22106 3.22877 3.2357 3.24197 3.24773 3.25311 3.25822 3.26321 
-3.59453 -3.5905 -3.58636 -3.58199 -3.57729 -3.57216 -3.56647 -3.56011 -3.55294 -3.54481 -3.53558 -3.52505 -3.51306 -3.49937 -3.48375 -3.46593 -3.4456 -3.42242 -3.39599 -3.36584 -3.33147 -3.29229 -3.24756 -3.19681 -3.13972 -3.07613 -3.00606 -2.9297 -2.84741 -2.75968 -2.66718 -2.5707 -2.47114 -2.36952 -2.26693 -2.16451 -2.06342 -1.95407 -1.83668 -1.71254 -1.58126 -1.44318 -1.2989 -1.14909 -0.99448 -0.835885 -0.674165 -0.508608 -0.339979 -0.16907 0.00331368 0.176116 0.348294 0.519023 0.687456 0.852731 1.01398 1.17033 1.32091 1.46657 1.60644 1.73977 1.86577 1.98325 2.09261 2.19364 2.29589 2.39819 2.49939 2.59838 2.69416 2.78581 2.87254 2.95371 3.02883 3.09756 3.15974 3.21538 3.26466 3.30793 3.34587 3.37905 3.40805 3.43339 3.45554 3.47488 3.49176 3.5065 3.51937 3.5306 3.54041 3.54898 3.5565 3.56311 3.56895 3.57416 3.57884 3.58312 3.5871 3.59087 3.59453 
-3.95898 -3.9568 -3.95455 -3.95216 -3.94959 -3.94675 -3.9436 -3.94003 -3.93598 -3.93134 -3.926 -3.91983 -3.9127 -3.90443 -3.89482 -3.88366 -3.87064 -3.85544 -3.83763 -3.81665 -3.79179 -3.76191 -3.72544 -3.68131 -3.6289 -3.56791 -3.49827 -3.42014 -3.33382 -3.23979 -3.1387 -3.03136 -2.91878 -2.80214 -2.6828 -2.5623 -2.44226 -2.31157 -2.17092 -2.02168 -1.86412 -1.69896 -1.52703 -1.34914 -1.16614 -0.978844 -0.788118 -0.593879 -0.396915 -0.198012 0.00204405 0.202332 0.401943 0.600091 0.795972 0.988765 1.17763 1.36169 1.54006 1.71285 1.87913 2.03801 2.1885 2.32932 2.46011 2.58012 2.70048 2.81956 2.93584 3.04797 3.15477 3.25524 3.34857 3.43413 3.51145 3.58022 3.64032 3.69182 3.73504 3.77061 3.79972 3.82386 3.84418 3.86138 3.876 3.88847 3.89913 3.90826 3.91608 3.9228 3.92858 3.93357 3.93788 3.94163 3.94492 3.94782 3.95041 3.95277 3.95494 3.95699 3.95898 
-4.35988 -4.35988 -4.35988 -4.35988 -4.35988 -4.35988 -4.35988 -4.35988 -4.35988 -4.35988 -4.35988 -4.35988 -4.35988 -4.35988 -4.35988 -4.35988 -4.35988 -4.35988 -4.35988 -4.35988 -4.35988 -4.35557 -4.33935 -4.31111 -4.27094 -4.21893 -4.15523 -4.08003 -3.99353 -3.89597 -3.78762 -3.66878 -3.53977 -3.40097 -3.25274 -3.09551 -2.9297 -2.75578 -2.57422 -2.38554 -2.19025 -1.98889 -1.78202 -1.57022 -1.35407 -1.13417 -0.911129 -0.685564 -0.4581 -0.229368 0 0.229368 0.4581 0.685564 0.911129 1.13417 1.35407 1.57022 1.78202 1.98889 2.19025 2.38554 2.57422 2.75578 2.9297 3.09551 3.25274 3.40097 3.53977 3.66878 3.78762 3.89597 3.99353 4.08003 4.15523 4.21893 4.27094 4.31111 4.33935 4.35557 4.35988 4.35988 4.35988 4.35988 4.35988 4.35988 4.35988 4.35988 4.35988 4.35988 4.35988 4.35988 4.35988 4.35988 4.35988 4.35988 4.35988 4.35988 4.35988 4.35988 4.35988 
