-0 -0 -0 -0 -0 -0 -0 -0 -0 -0 -1.09785e-06 3.87361 8.90506 8.51067 7.97745 7.16486 5.81165 3.53127 -0.26691 -6.57682 -17.3343 -36.9048 -76.9385 -174.709 -441.326 -795.608 -441.326 -174.709 -76.9385 -36.9048 -17.3343 -6.57682 -0.26691 3.53127 5.81165 7.16486 7.97745 8.51067 8.90506 3.87361 -1.09785e-06 -0 -0 -0 -0 -0 -0 -0 -0 -0 -0 
-0.0385063 -0.0413142 -0.048543 -0.0600273 -0.0750189 -0.0928229 -0.112362 -0.131392 -0.144067 -0.129887 0.0584436 3.30822 7.36742 7.16042 6.61865 5.73318 4.27412 1.87316 -2.06062 -8.52544 -19.4881 -39.3658 -79.7412 -174.549 -419.072 -707.764 -419.072 -174.549 -79.7412 -39.3658 -19.4881 -8.52544 -2.06062 1.87316 4.27412 5.73318 6.61865 7.16042 7.36742 3.30822 0.0584436 -0.129887 -0.144067 -0.131392 -0.112362 -0.0928229 -0.0750189 -0.0600273 -0.048543 -0.0413142 -0.0385063 
-0.0719534 -0.0771702 -0.0906029 -0.111956 -0.139867 -0.17308 -0.209621 -0.245338 -0.269479 -0.244979 0.0497166 2.58193 5.5793 5.49273 4.96775 4.06609 2.59419 0.219125 -3.61759 -9.86294 -20.4143 -39.5087 -77.97 -164.357 -363.557 -565.325 -363.557 -164.357 -77.97 -39.5087 -20.4143 -9.86294 -3.61759 0.219125 2.59419 4.06609 4.96775 5.49273 5.5793 2.58193 0.0497166 -0.244979 -0.269479 -0.245338 -0.209621 -0.17308 -0.139867 -0.111956 -0.0906029 -0.0771702 -0.0719534 
-0.100995 -0.108265 -0.126975 -0.156768 -0.195801 -0.242333 -0.293647 -0.344081 -0.378975 -0.34942 -0.0121545 1.92412 4.0881 4.05201 3.53121 2.61137 1.12584 -1.22853 -4.98028 -11.0296 -21.2054 -39.5396 -75.9209 -153.58 -311.347 -449.133 -311.347 -153.58 -75.9209 -39.5396 -21.2054 -11.0296 -4.98028 -1.22853 1.12584 2.61137 3.53121 4.05201 4.0881 1.92412 -0.0121545 -0.34942 -0.378975 -0.344081 -0.293647 -0.242333 -0.195801 -0.156768 -0.126975 -0.108265 -0.100995 
-0.126183 -0.135183 -0.158356 -0.195334 -0.243879 -0.301876 -0.366058 -0.429573 -0.474941 -0.446659 -0.114456 1.33033 2.84693 2.81009 2.28215 1.34242 -0.156787 -2.49388 -6.16832 -12.0359 -21.8512 -39.3986 -73.4513 -141.945 -263.007 -354.93 -263.007 -141.945 -73.4513 -39.3986 -21.8512 -12.0359 -6.16832 -2.49388 -0.156787 1.34242 2.28215 2.81009 2.84693 1.33033 -0.114456 -0.446659 -0.474941 -0.429573 -0.366058 -0.301876 -0.243879 -0.195334 -0.158356 -0.135183 -0.126183 
-0.147982 -0.158452 -0.185343 -0.22835 -0.285031 -0.352844 -0.428204 -0.503569 -0.559571 -0.539302 -0.245797 0.796954 1.81552 1.74277 1.19816 0.236997 -1.27554 -3.59617 -7.19522 -12.8835 -22.3313 -39.0129 -70.417 -129.322 -219.109 -279.038 -219.109 -129.322 -70.417 -39.0129 -22.3313 -12.8835 -7.19522 -3.59617 -1.27554 0.236997 1.19816 1.74277 1.81552 0.796954 -0.245797 -0.539302 -0.559571 -0.503569 -0.428204 -0.352844 -0.285031 -0.22835 -0.185343 -0.158452 -0.147982 
-0.166827 -0.178427 -0.208416 -0.256522 -0.319925 -0.396174 -0.481341 -0.567329 -0.63456 -0.629038 -0.396041 0.320576 0.9592 0.828865 0.25969 -0.723099 -2.24688 -4.54881 -8.06843 -13.5702 -22.6153 -38.3016 -66.6932 -115.786 -180.082 -218.286 -180.082 -115.786 -66.6932 -38.3016 -22.6153 -13.5702 -8.06843 -4.54881 -2.24688 -0.723099 0.25969 0.828865 0.9592 0.320576 -0.396041 -0.629038 -0.63456 -0.567329 -0.481341 -0.396174 -0.319925 -0.256522 -0.208416 -0.178427 -0.166827 
-0.182973 -0.195539 -0.228003 -0.280221 -0.349282 -0.432638 -0.526319 -0.622234 -0.701604 -0.716821 -0.555961 -0.100911 0.249013 0.0503148 -0.548417 -1.55273 -3.0842 -5.3609 -8.7903 -14.0816 -22.6624 -37.1819 -62.2011 -101.635 -146.125 -169.96 -146.125 -101.635 -62.2011 -37.1819 -22.6624 -14.0816 -8.7903 -5.3609 -3.0842 -1.55273 -0.548417 0.0503148 0.249013 -0.100911 -0.555961 -0.716821 -0.701604 -0.622234 -0.526319 -0.432638 -0.349282 -0.280221 -0.228003 -0.195539 -0.182973 
-0.196726 -0.210027 -0.244438 -0.299924 -0.373596 -0.462918 -0.563963 -0.669166 -0.761496 -0.802244 -0.717767 -0.470171 -0.338205 -0.608389 -1.23938 -2.2624 -3.79471 -6.03585 -9.35524 -14.3977 -22.428 -35.5809 -56.9434 -87.3528 -117.179 -131.754 -117.179 -87.3528 -56.9434 -35.5809 -22.428 -14.3977 -9.35524 -6.03585 -3.79471 -2.2624 -1.23938 -0.608389 -0.338205 -0.470171 -0.717767 -0.802244 -0.761496 -0.669166 -0.563963 -0.462918 -0.373596 -0.299924 -0.244438 -0.210027 -0.196726 
-0.208322 -0.222145 -0.257976 -0.315935 -0.393242 -0.487435 -0.594892 -0.708836 -0.814876 -0.884275 -0.874145 -0.789182 -0.821583 -1.15982 -1.82241 -2.85921 -4.38268 -6.57158 -9.75163 -14.4933 -21.8638 -33.4582 -51.0346 -73.5066 -92.9596 -101.719 -92.9596 -73.5066 -51.0346 -33.4582 -21.8638 -14.4933 -9.75163 -6.57158 -4.38268 -2.85921 -1.82241 -1.15982 -0.821583 -0.789182 -0.874145 -0.884275 -0.814876 -0.708836 -0.594892 -0.487435 -0.393242 -0.315935 -0.257976 -0.222145 -0.208322 
-0.217822 -0.231997 -0.2688 -0.328515 -0.4085 -0.506526 -0.619439 -0.741563 -0.86182 -0.961076 -1.01911 -1.05976 -1.21515 -1.61364 -2.30387 -3.34661 -4.84727 -6.96051 -9.96347 -14.3393 -20.9373 -30.8215 -44.6968 -60.6229 -73.027 -78.2219 -73.027 -60.6229 -44.6968 -30.8215 -20.9373 -14.3393 -9.96347 -6.96051 -4.84727 -3.34661 -2.30387 -1.61364 -1.21515 -1.05976 -1.01911 -0.961076 -0.86182 -0.741563 -0.619439 -0.506526 -0.4085 -0.328515 -0.2688 -0.231997 -0.217822 
-0.225389 -0.239711 -0.277002 -0.337737 -0.419523 -0.520407 -0.637848 -0.767492 -0.901781 -1.03003 -1.14726 -1.28319 -1.52934 -1.97708 -2.68719 -3.72454 -5.18345 -7.19154 -9.97285 -13.9129 -19.6376 -27.7439 -38.2287 -49.0895 -56.8619 -59.9181 -56.8619 -49.0895 -38.2287 -27.7439 -19.6376 -13.9129 -9.97285 -7.19154 -5.18345 -3.72454 -2.68719 -1.97708 -1.52934 -1.28319 -1.14726 -1.03003 -0.901781 -0.767492 -0.637848 -0.520407 -0.419523 -0.337737 -0.277002 -0.239711 -0.225389 
-0.230995 -0.245259 -0.282608 -0.343714 -0.426406 -0.529127 -0.65004 -0.786293 -0.933665 -1.08819 -1.25403 -1.45993 -1.77085 -2.25461 -2.97367 -3.98987 -5.3835 -7.25254 -9.76384 -13.2049 -17.9921 -24.363 -31.948 -39.1113 -43.9188 -45.7122 -43.9188 -39.1113 -31.948 -24.363 -17.9921 -13.2049 -9.76384 -7.25254 -5.3835 -3.98987 -2.97367 -2.25461 -1.77085 -1.45993 -1.25403 -1.08819 -0.933665 -0.786293 -0.65004 -0.529127 -0.426406 -0.343714 -0.282608 -0.245259 -0.230995 
-0.234538 -0.248588 -0.285592 -0.346339 -0.429038 -0.532559 -0.655783 -0.797365 -0.955907 -1.1323 -1.33532 -1.5901 -1.94395 -2.44861 -3.16185 -4.13787 -5.43963 -7.13305 -9.33131 -12.2297 -16.0702 -20.8594 -26.1267 -30.7246 -33.6713 -34.7257 -33.6713 -30.7246 -26.1267 -20.8594 -16.0702 -12.2297 -9.33131 -7.13305 -5.43963 -4.13787 -3.16185 -2.44861 -1.94395 -1.5901 -1.33532 -1.1323 -0.955907 -0.797365 -0.655783 -0.532559 -0.429038 -0.346339 -0.285592 -0.248588 -0.234538 
-0.235894 -0.249528 -0.285748 -0.345484 -0.427292 -0.530441 -0.654582 -0.799679 -0.966609 -1.15917 -1.3878 -1.67319 -2.05048 -2.55962 -3.24995 -4.16426 -5.34622 -6.83131 -8.6865 -11.0293 -13.977 -17.4234 -20.9503 -23.8405 -25.636 -26.2584 -25.636 -23.8405 -20.9503 -17.4234 -13.977 -11.0293 -8.6865 -6.83131 -5.34622 -4.16426 -3.24995 -2.55962 -2.05048 -1.67319 -1.3878 -1.15917 -0.966609 -0.799679 -0.654582 -0.530441 -0.427292 -0.345484 -0.285748 -0.249528 -0.235894 
-0.234763 -0.247812 -0.282864 -0.340882 -0.420779 -0.522314 -0.645764 -0.792108 -0.963679 -1.16575 -1.40856 -1.70835 -2.09151 -2.58808 -3.23693 -4.06776 -5.10505 -6.35883 -7.86136 -9.6733 -11.837 -14.2177 -16.5083 -18.2977 -19.3873 -19.7568 -19.3873 -18.2977 -16.5083 -14.2177 -11.837 -9.6733 -7.86136 -6.35883 -5.10505 -4.06776 -3.23693 -2.58808 -2.09151 -1.70835 -1.40856 -1.16575 -0.963679 -0.792108 -0.645764 -0.522314 -0.420779 -0.340882 -0.282864 -0.247812 -0.234763 
-0.230802 -0.243082 -0.276542 -0.332092 -0.409118 -0.507677 -0.628494 -0.773263 -0.945079 -1.14957 -1.39552 -1.69523 -2.06819 -2.53551 -3.12496 -3.85334 -4.72875 -5.74342 -6.90794 -8.24755 -9.76896 -11.3553 -12.8072 -13.9028 -14.5625 -14.783 -14.5625 -13.9028 -12.8072 -11.3553 -9.76896 -8.24755 -6.90794 -5.74342 -4.72875 -3.85334 -3.12496 -2.53551 -2.06819 -1.69523 -1.39552 -1.14957 -0.945079 -0.773263 -0.628494 -0.507677 -0.409118 -0.332092 -0.276542 -0.243082 -0.230802 
-0.223377 -0.234839 -0.266389 -0.318756 -0.391718 -0.485672 -0.601802 -0.741897 -0.909208 -1.10872 -1.34769 -1.6347 -1.98304 -2.40622 -2.92159 -3.53488 -4.24255 -5.02744 -5.89047 -6.8385 -7.8674 -8.89251 -9.79506 -10.4606 -10.8597 -10.9917 -10.8597 -10.4606 -9.79506 -8.89251 -7.8674 -6.8385 -5.89047 -5.02744 -4.24255 -3.53488 -2.92159 -2.40622 -1.98304 -1.6347 -1.34769 -1.10872 -0.909208 -0.741897 -0.601802 -0.485672 -0.391718 -0.318756 -0.266389 -0.234839 -0.223377 
-0.212253 -0.222554 -0.251676 -0.30016 -0.368012 -0.455876 -0.56476 -0.696746 -0.85481 -1.04279 -1.26575 -1.52902 -1.84131 -2.20917 -2.64113 -3.13528 -3.68191 -4.26185 -4.87436 -5.51865 -6.19099 -6.83669 -7.3894 -7.79139 -8.03259 -8.11171 -8.03259 -7.79139 -7.3894 -6.83669 -6.19099 -5.51865 -4.87436 -4.26185 -3.68191 -3.13528 -2.64113 -2.20917 -1.84131 -1.52902 -1.26575 -1.04279 -0.85481 -0.696746 -0.56476 -0.455876 -0.368012 -0.30016 -0.251676 -0.222554 -0.212253 
-0.196506 -0.205565 -0.23192 -0.275795 -0.337354 -0.417218 -0.516735 -0.637475 -0.781671 -0.952171 -1.15185 -1.38354 -1.65159 -1.9575 -2.30367 -2.68398 -3.08735 -3.49724 -3.91486 -4.33711 -4.76364 -5.1619 -5.49623 -5.73769 -5.8831 -5.93062 -5.8831 -5.73769 -5.49623 -5.1619 -4.76364 -4.33711 -3.91486 -3.49724 -3.08735 -2.68398 -2.30367 -1.9575 -1.65159 -1.38354 -1.15185 -0.952171 -0.781671 -0.637475 -0.516735 -0.417218 -0.337354 -0.275795 -0.23192 -0.205565 -0.196506 
-0.175526 -0.183303 -0.206498 -0.24499 -0.299071 -0.369506 -0.457402 -0.563872 -0.690472 -0.83887 -1.01028 -1.20532 -1.42529 -1.66835 -1.93326 -2.21303 -2.49765 -2.77542 -3.05015 -3.31814 -3.58196 -3.8232 -4.02314 -4.16728 -4.25454 -4.28308 -4.25454 -4.16728 -4.02314 -3.8232 -3.58196 -3.31814 -3.05015 -2.77542 -2.49765 -2.21303 -1.93326 -1.66835 -1.42529 -1.20532 -1.01028 -0.83887 -0.690472 -0.563872 -0.457402 -0.369506 -0.299071 -0.24499 -0.206498 -0.183303 -0.175526 
-0.149083 -0.155403 -0.175026 -0.207377 -0.252937 -0.312453 -0.386661 -0.476501 -0.582789 -0.706188 -0.846723 -1.00349 -1.17579 -1.3603 -1.55404 -1.7508 -1.94345 -2.12478 -2.2999 -2.46529 -2.6249 -2.76861 -2.88678 -2.97211 -3.02414 -3.04113 -3.02414 -2.97211 -2.88678 -2.76861 -2.6249 -2.46529 -2.2999 -2.12478 -1.94345 -1.7508 -1.55404 -1.3603 -1.17579 -1.00349 -0.846723 -0.706188 -0.582789 -0.476501 -0.386661 -0.312453 -0.252937 -0.207377 -0.175026 -0.155403 -0.149083 
-0.117077 -0.121918 -0.137437 -0.16295 -0.198974 -0.246173 -0.305174 -0.376547 -0.460737 -0.557805 -0.667086 -0.787092 -0.916064 -1.05008 -1.18591 -1.31902 -1.44483 -1.55942 -1.66826 -1.76798 -1.86268 -1.94694 -2.0159 -2.06587 -2.09652 -2.10653 -2.09652 -2.06587 -2.0159 -1.94694 -1.86268 -1.76798 -1.66826 -1.55942 -1.44483 -1.31902 -1.18591 -1.05008 -0.916064 -0.787092 -0.667086 -0.557805 -0.460737 -0.376547 -0.305174 -0.246173 -0.198974 -0.16295 -0.137437 -0.121918 -0.117077 
-0.0802298 -0.0835263 -0.094421 -0.112321 -0.137791 -0.17137 -0.213628 -0.265046 -0.325865 -0.396185 -0.475635 -0.563206 -0.656233 -0.750618 -0.843279 -0.931019 -1.01129 -1.08227 -1.14886 -1.20805 -1.26342 -1.31219 -1.35193 -1.38083 -1.39856 -1.40439 -1.39856 -1.38083 -1.35193 -1.31219 -1.26342 -1.20805 -1.14886 -1.08227 -1.01129 -0.931019 -0.843279 -0.750618 -0.656233 -0.563206 -0.475635 -0.396185 -0.325865 -0.265046 -0.213628 -0.17137 -0.137791 -0.112321 -0.094421 -0.0835263 -0.0802298 
-0.0401513 -0.0418398 -0.0475725 -0.0570712 -0.0707648 -0.0890959 -0.112547 -0.141629 -0.176699 -0.218521 -0.27026 -0.334261 -0.403458 -0.471731 -0.53601 -0.594399 -0.645767 -0.68954 -0.729699 -0.764875 -0.797421 -0.82564 -0.848361 -0.864841 -0.874875 -0.878206 -0.874875 -0.864841 -0.848361 -0.82564 -0.797421 -0.764875 -0.729699 -0.68954 -0.645767 -0.594399 -0.53601 -0.471731 -0.403458 -0.334261 -0.27026 -0.218521 -0.176699 -0.141629 -0.112547 -0.0890959 -0.0707648 -0.0570712 -0.0475725 -0.0418398 -0.0401513 
-0 -0 -0 -0 -0 -0 -0 -0 -0 -0.00647391 -0.061716 -0.155013 -0.241324 -0.316252 -0.382246 -0.440808 -0.49289 -0.539056 -0.579479 -0.613587 -0.642007 -0.665064 -0.682918 -0.695636 -0.703262 -0.705801 -0.703262 -0.695636 -0.682918 -0.665064 -0.642007 -0.613587 -0.579479 -0.539056 -0.49289 -0.440808 -0.382246 -0.316252 -0.241324 -0.155013 -0.061716 -0.00647391 -0 -0 -0 -0 -0 -0 -0 -0 -0 
