-50 -51.0971 -52.2021 -53.4037 -54.7444 -56.2389 -57.8797 -59.6356 -61.4364 -63.1225 -64.2273 -62.2547 -70.9208 -77.4718 -84.3465 -92.3698 -102.169 -114.44 -130.039 -150.533 -178.37 -217.948 -277.232 -366.384 -420.913 0 420.913 366.384 277.232 217.948 178.37 150.533 130.039 114.44 102.169 92.3698 84.3465 77.4718 70.9208 62.2547 64.2273 63.1225 61.4364 59.6356 57.8797 56.2389 54.7444 53.4037 52.2021 51.0971 50 
-46.5116 -47.5312 -48.5585 -49.6757 -50.9223 -52.312 -53.838 -55.4716 -57.1478 -58.7199 -59.7695 -58.4317 -66.0465 -72.1015 -78.4836 -85.9279 -95.0062 -106.352 -120.743 -139.594 -165.068 -200.917 -253.363 -328.099 -358.234 0 358.234 328.099 253.363 200.917 165.068 139.594 120.743 106.352 95.0062 85.9279 78.4836 72.1015 66.0465 58.4317 59.7695 58.7199 57.1478 55.4716 53.838 52.312 50.9223 49.6757 48.5585 47.5312 46.5116 
-40.4449 -41.3262 -42.2157 -43.1835 -44.2641 -45.47 -46.7959 -48.2176 -49.6803 -51.0613 -52.0318 -51.6537 -57.6457 -62.8583 -68.4258 -74.9313 -82.8581 -92.7413 -105.215 -121.527 -143.497 -174.138 -217.857 -275.364 -276.802 0 276.802 275.364 217.857 174.138 143.497 121.527 105.215 92.7413 82.8581 74.9313 68.4258 62.8583 57.6457 51.6537 52.0318 51.0613 49.6803 48.2176 46.7959 45.47 44.2641 43.1835 42.2157 41.3262 40.4449 
-35.1695 -35.9305 -36.6997 -37.5372 -38.4733 -39.5189 -40.6703 -41.9076 -43.1855 -44.4048 -45.3291 -45.6088 -50.3346 -54.8086 -59.6586 -65.3389 -72.2508 -80.8426 -91.6194 -105.676 -124.501 -150.408 -186.062 -228.127 -209.922 0 209.922 228.127 186.062 150.408 124.501 105.676 91.6194 80.8426 72.2508 65.3389 59.6586 54.8086 50.3346 45.6088 45.3291 44.4048 43.1855 41.9076 40.6703 39.5189 38.4733 37.5372 36.6997 35.9305 35.1695 
-30.582 -31.238 -31.9027 -32.6264 -33.4362 -34.3424 -35.3412 -36.4181 -37.5363 -38.6191 -39.5157 -40.2167 -43.9637 -47.7921 -52.009 -56.9602 -62.9755 -70.4233 -79.6917 -91.7338 -107.716 -129.283 -157.501 -186.018 -156.246 0 156.246 186.018 157.501 129.283 107.716 91.7338 79.6917 70.4233 62.9755 56.9602 52.009 47.7921 43.9637 40.2167 39.5157 38.6191 37.5363 36.4181 35.3412 34.3424 33.4362 32.6264 31.9027 31.238 30.582 
-26.5931 -27.1578 -27.7303 -28.3554 -29.055 -29.8386 -30.7052 -31.642 -32.6215 -33.5889 -34.4638 -35.4077 -38.4045 -41.6702 -45.3286 -49.6336 -54.8516 -61.2792 -69.1959 -79.4224 -92.8259 -110.396 -131.816 -148.874 -114.219 0 114.219 148.874 131.816 110.396 92.8259 79.4224 69.1959 61.2792 54.8516 49.6336 45.3286 41.6702 38.4045 35.4077 34.4638 33.5889 32.6215 31.642 30.7052 29.8386 29.055 28.3554 27.7303 27.1578 26.5931 
-23.1246 -23.6093 -24.1018 -24.6402 -25.2436 -25.92 -26.6707 -27.4853 -28.3445 -29.2139 -30.0659 -31.1204 -33.543 -36.3218 -39.4839 -43.2135 -47.7202 -53.2331 -59.9351 -68.5186 -79.5546 -93.4506 -108.773 -116.67 -82.1263 0 82.1263 116.67 108.773 93.4506 79.5546 68.5186 59.9351 53.2331 47.7202 43.2135 39.4839 36.3218 33.543 31.1204 30.0659 29.2139 28.3445 27.4853 26.6707 25.92 25.2436 24.6402 24.1018 23.6093 23.1246 
-20.1084 -20.5231 -20.946 -21.4081 -21.927 -22.5104 -23.1591 -23.8672 -24.622 -25.4054 -26.2273 -27.3014 -29.2812 -31.6389 -34.3602 -37.5741 -41.4403 -46.1254 -51.7323 -58.8186 -67.6843 -78.2249 -88.2485 -89.4042 -58.2 0 58.2 89.4042 88.2485 78.2249 67.6843 58.8186 51.7323 46.1254 41.4403 37.5741 34.3602 31.6389 29.2812 27.3014 26.2273 25.4054 24.622 23.8672 23.1591 22.5104 21.927 21.4081 20.946 20.5231 20.1084 
-17.4854 -17.8391 -18.2007 -18.5965 -19.0412 -19.5428 -20.1023 -20.7171 -21.3799 -22.0862 -22.8673 -23.9008 -25.5357 -27.5292 -29.858 -32.6077 -35.8924 -39.825 -44.4343 -50.1515 -57.037 -64.5727 -70.2075 -66.9778 -40.7466 0 40.7466 66.9778 70.2075 64.5727 57.037 50.1515 44.4343 39.825 35.8924 32.6077 29.858 27.5292 25.5357 23.9008 22.8673 22.0862 21.3799 20.7171 20.1023 19.5428 19.0412 18.5965 18.2007 17.8391 17.4854 
-15.2047 -15.5048 -15.8126 -16.1499 -16.5298 -16.959 -17.4401 -17.9723 -18.5538 -19.1893 -19.9184 -20.8744 -22.2345 -23.9127 -25.8885 -28.2166 -30.9713 -34.2172 -37.9171 -42.3877 -47.4823 -52.42 -54.6651 -49.1096 -28.2504 0 28.2504 49.1096 54.6651 52.42 47.4823 42.3877 37.9171 34.2172 30.9713 28.2166 25.8885 23.9127 22.2345 20.8744 19.9184 19.1893 18.5538 17.9723 17.4401 16.959 16.5298 16.1499 15.8126 15.5048 15.2047 
-13.2216 -13.4746 -13.7351 -14.021 -14.3435 -14.709 -15.1206 -15.5796 -16.0878 -16.656 -17.323 -18.1815 -19.3162 -20.7195 -22.3768 -24.3191 -26.5879 -29.2029 -32.0784 -35.4249 -38.9454 -41.7426 -41.6204 -35.3236 -19.4401 0 19.4401 35.3236 41.6204 41.7426 38.9454 35.4249 32.0784 29.2029 26.5879 24.3191 22.3768 20.7195 19.3162 18.1815 17.323 16.656 16.0878 15.5796 15.1206 14.709 14.3435 14.021 13.7351 13.4746 13.2216 
-11.497 -11.7089 -11.9275 -12.1679 -12.4398 -12.7489 -13.0988 -13.4922 -13.9337 -14.436 -15.033 -15.7845 -16.7282 -17.8894 -19.2583 -20.8472 -22.6683 -24.7076 -26.8428 -29.1967 -31.3888 -32.5472 -30.9981 -25.0004 -13.3039 0 13.3039 25.0004 30.9981 32.5472 31.3888 29.1967 26.8428 24.7076 22.6683 20.8472 19.2583 17.8894 16.7282 15.7845 15.033 14.436 13.9337 13.4922 13.0988 12.7489 12.4398 12.1679 11.9275 11.7089 11.497 
-9.99735 -10.1728 -10.3545 -10.5548 -10.7817 -11.0406 -11.3353 -11.6693 -12.0486 -12.4858 -13.0074 -13.6494 -14.4263 -15.3725 -16.4787 -17.7431 -19.1548 -20.6746 -22.1598 -23.6708 -24.8053 -24.8285 -22.6234 -17.4682 -9.06944 0 9.06944 17.4682 22.6234 24.8285 24.8053 23.6708 22.1598 20.6746 19.1548 17.7431 16.4787 15.3725 14.4263 13.6494 13.0074 12.4858 12.0486 11.6693 11.3353 11.0406 10.7817 10.5548 10.3545 10.1728 9.99735 
-8.69335 -8.83662 -8.98561 -9.15014 -9.33703 -9.55111 -9.79599 -10.0757 -10.3963 -10.7689 -11.2121 -11.7463 -12.3744 -13.1274 -13.9947 -14.9627 -16.0051 -17.0667 -18.0022 -18.835 -19.1962 -18.54 -16.2235 -12.0888 -6.16771 0 6.16771 12.0888 16.2235 18.54 19.1962 18.835 18.0022 17.0667 16.0051 14.9627 13.9947 13.1274 12.3744 11.7463 11.2121 10.7689 10.3963 10.0757 9.79599 9.55111 9.33703 9.15014 8.98561 8.83662 8.69335 
-7.55944 -7.67422 -7.79408 -7.92679 -8.07795 -8.25161 -8.45134 -8.68092 -8.94578 -9.25447 -9.61888 -10.0493 -10.5426 -11.1216 -11.7727 -12.4748 -13.192 -13.8649 -14.3611 -14.6874 -14.5444 -13.5758 -11.4692 -8.30974 -4.18911 0 4.18911 8.30974 11.4692 13.5758 14.5444 14.6874 14.3611 13.8649 13.192 12.4748 11.7727 11.1216 10.5426 10.0493 9.61888 9.25447 8.94578 8.68092 8.45134 8.25161 8.07795 7.92679 7.79408 7.67422 7.55944 
-6.57341 -6.66289 -6.75685 -6.86109 -6.98004 -7.11732 -7.27584 -7.45889 -7.67063 -7.91685 -8.20435 -8.53657 -8.90745 -9.33081 -9.78989 -10.2597 -10.7021 -11.0632 -11.2342 -11.2202 -10.8016 -9.77475 -8.02125 -5.68803 -2.84485 0 2.84485 5.68803 8.02125 9.77475 10.8016 11.2202 11.2342 11.0632 10.7021 10.2597 9.78989 9.33081 8.90745 8.53657 8.20435 7.91685 7.67063 7.45889 7.27584 7.11732 6.98004 6.86109 6.75685 6.66289 6.57341 
-5.71605 -5.78287 -5.85381 -5.9326 -6.02279 -6.12696 -6.24768 -6.38742 -6.54891 -6.73535 -6.94936 -7.19095 -7.45189 -7.73825 -8.03172 -8.30737 -8.53079 -8.66025 -8.61492 -8.40455 -7.88118 -6.94387 -5.56788 -3.88539 -1.9339 0 1.9339 3.88539 5.56788 6.94387 7.88118 8.40455 8.61492 8.66025 8.53079 8.30737 8.03172 7.73825 7.45189 7.19095 6.94936 6.73535 6.54891 6.38742 6.24768 6.12696 6.02279 5.9326 5.85381 5.78287 5.71605 
-4.97043 -5.01739 -5.06755 -5.12359 -5.18786 -5.26222 -5.34853 -5.44799 -5.56244 -5.69288 -5.83931 -5.99905 -6.16358 -6.33325 -6.49046 -6.61333 -6.67563 -6.65016 -6.48215 -6.18572 -5.66705 -4.88402 -3.84752 -2.6535 -1.31728 0 1.31728 2.6535 3.84752 4.88402 5.66705 6.18572 6.48215 6.65016 6.67563 6.61333 6.49046 6.33325 6.16358 5.99905 5.83931 5.69288 5.56244 5.44799 5.34853 5.26222 5.18786 5.12359 5.06755 5.01739 4.97043 
-4.32208 -4.35148 -4.38316 -4.41888 -4.45996 -4.50755 -4.5624 -4.62543 -4.69671 -4.7762 -4.86226 -4.95096 -5.03433 -5.10931 -5.16115 -5.1735 -5.1293 -5.0148 -4.79548 -4.48644 -4.02997 -3.41278 -2.6534 -1.81446 -0.899942 0 0.899942 1.81446 2.6534 3.41278 4.02997 4.48644 4.79548 5.0148 5.1293 5.1735 5.16115 5.10931 5.03433 4.95096 4.86226 4.7762 4.69671 4.62543 4.5624 4.50755 4.45996 4.41888 4.38316 4.35148 4.32208 
-3.75841 -3.77218 -3.78774 -3.80547 -3.82602 -3.84956 -3.87649 -3.90685 -3.93997 -3.97464 -4.00885 -4.03855 -4.05709 -4.06036 -4.03746 -3.97838 -3.8745 -3.72128 -3.49784 -3.2172 -2.84372 -2.37592 -1.82986 -1.24377 -0.617055 0 0.617055 1.24377 1.82986 2.37592 2.84372 3.2172 3.49784 3.72128 3.8745 3.97838 4.03746 4.06036 4.05709 4.03855 4.00885 3.97464 3.93997 3.90685 3.87649 3.84956 3.82602 3.80547 3.78774 3.77218 3.75841 
-3.26819 -3.26869 -3.27018 -3.27235 -3.27483 -3.27754 -3.28012 -3.28191 -3.28213 -3.27914 -3.27095 -3.25446 -3.22458 -3.17821 -3.10853 -3.01069 -2.88218 -2.72398 -2.52263 -2.28769 -1.9965 -1.65128 -1.26337 -0.855127 -0.424716 0 0.424716 0.855127 1.26337 1.65128 1.9965 2.28769 2.52263 2.72398 2.88218 3.01069 3.10853 3.17821 3.22458 3.25446 3.27095 3.27914 3.28213 3.28191 3.28012 3.27754 3.27483 3.27235 3.27018 3.26869 3.26819 
-2.84188 -2.83145 -2.82118 -2.81014 -2.79742 -2.7824 -2.76422 -2.74207 -2.71491 -2.68153 -2.64037 -2.58983 -2.52706 -2.45035 -2.35654 -2.24446 -2.11477 -1.97041 -1.80216 -1.61574 -1.39614 -1.14614 -0.872956 -0.589147 -0.293061 0 0.293061 0.589147 0.872956 1.14614 1.39614 1.61574 1.80216 1.97041 2.11477 2.24446 2.35654 2.45035 2.52706 2.58983 2.64037 2.68153 2.71491 2.74207 2.76422 2.7824 2.79742 2.81014 2.82118 2.83145 2.84188 
-2.47118 -2.45227 -2.43276 -2.41112 -2.38613 -2.3566 -2.32144 -2.27971 -2.23049 -2.17307 -2.10709 -2.03287 -1.95009 -1.85841 -1.75721 -1.64697 -1.52948 -1.40763 -1.2741 -1.13177 -0.970391 -0.792214 -0.60151 -0.405022 -0.201869 0 0.201869 0.405022 0.60151 0.792214 0.970391 1.13177 1.2741 1.40763 1.52948 1.64697 1.75721 1.85841 1.95009 2.03287 2.10709 2.17307 2.23049 2.27971 2.32144 2.3566 2.38613 2.41112 2.43276 2.45227 2.47118 
-2.14885 -2.12418 -2.09814 -2.0689 -2.03475 -1.99411 -1.94555 -1.88795 -1.82059 -1.7432 -1.65685 -1.56607 -1.47301 -1.37794 -1.2808 -1.18217 -1.08332 -0.986193 -0.884684 -0.779624 -0.664079 -0.539655 -0.408719 -0.274625 -0.13713 0 0.13713 0.274625 0.408719 0.539655 0.664079 0.779624 0.884684 0.986193 1.08332 1.18217 1.2808 1.37794 1.47301 1.56607 1.65685 1.7432 1.82059 1.88795 1.94555 1.99411 2.03475 2.0689 2.09814 2.12418 2.14885 
-1.86858 -1.84127 -1.81197 -1.7785 -1.73864 -1.69019 -1.63107 -1.55941 -1.47381 -1.37337 -1.26058 -1.15841 -1.0655 -0.978194 -0.894532 -0.813774 -0.736099 -0.662414 -0.588106 -0.513918 -0.434645 -0.351346 -0.265239 -0.177725 -0.0888686 0 0.0888686 0.177725 0.265239 0.351346 0.434645 0.513918 0.588106 0.662414 0.736099 0.813774 0.894532 0.978194 1.0655 1.15841 1.26058 1.37337 1.47381 1.55941 1.63107 1.69019 1.73864 1.7785 1.81197 1.84127 1.86858 
-1.74673 -1.71954 -1.69047 -1.6575 -1.61865 -1.57208 -1.51621 -1.44974 -1.37184 -1.27977 -1.1599 -1.04627 -0.949939 -0.86511 -0.78697 -0.712796 -0.640949 -0.570296 -0.49996 -0.429 -0.357821 -0.286511 -0.21506 -0.143469 -0.0717631 0 0.0717631 0.143469 0.21506 0.286511 0.357821 0.429 0.49996 0.570296 0.640949 0.712796 0.78697 0.86511 0.949939 1.04627 1.1599 1.27977 1.37184 1.44974 1.51621 1.57208 1.61865 1.6575 1.69047 1.71954 1.74673 
