0 0.00222993 0.00320005 0.00349998 0.00339007 0.00305009 0.00255001 0.00194991 0.0013001 0.000620008 -0.000100017 -0.000823975 -0.001661 -0.00238299 -0.00298101 -0.00344795 -0.00376898 -0.003907 -0.00371498 -0.003563 -0.00343299 -0.0032726 -0.0030206 -0.0025729 -0.00144892 -0.0012569 -0.00144892 -0.0025729 -0.0030206 -0.0032726 -0.00343299 -0.003563 -0.00371498 -0.003907 -0.00376898 -0.00344795 -0.00298101 -0.00238299 -0.001661 -0.000823975 -0.000100017 0.000620008 0.0013001 0.00194991 0.00255001 0.00305009 0.00339007 0.00349998 0.00320005 0.00222993 0 
0 0.00239003 0.00343502 0.00375998 0.00365007 0.00327504 0.00274003 0.00209999 0.00139505 0.000660002 -0.000114977 -0.0009045 -0.0018135 -0.00258949 -0.00323001 -0.003728 -0.00406499 -0.0042 -0.00398849 -0.003826 -0.0036855 -0.0035096 -0.00322865 -0.00272445 -0.00161265 -0.0014129 -0.00161265 -0.00272445 -0.00322865 -0.0035096 -0.0036855 -0.003826 -0.00398849 -0.0042 -0.00406499 -0.003728 -0.00323001 -0.00258949 -0.0018135 -0.0009045 -0.000114977 0.000660002 0.00139505 0.00209999 0.00274003 0.00327504 0.00365007 0.00375998 0.00343502 0.00239003 0 
0 0.00272501 0.00392997 0.00430501 0.00418997 0.00376499 0.00314999 0.002415 0.00160497 0.000750005 -0.000149965 -0.00108701 -0.00215101 -0.00304249 -0.003773 -0.00433502 -0.0047055 -0.004833 -0.00458001 -0.0043965 -0.0042335 -0.0040224 -0.00367795 -0.0030619 -0.00198413 -0.00176889 -0.00198413 -0.0030619 -0.00367795 -0.0040224 -0.0042335 -0.0043965 -0.00458001 -0.004833 -0.0047055 -0.00433502 -0.003773 -0.00304249 -0.00215101 -0.00108701 -0.000149965 0.000750005 0.00160497 0.002415 0.00314999 0.00376499 0.00418997 0.00430501 0.00392997 0.00272501 0 
0 0.00309503 0.00448 0.00492501 0.00479996 0.00432491 0.00361496 0.00277001 0.00183499 0.000840008 -0.000209987 -0.0013195 -0.00255951 -0.00358349 -0.00441551 -0.0050475 -0.0054525 -0.005568 -0.005271 -0.0050645 -0.004876 -0.0046218 -0.00420325 -0.0034809 -0.00245673 -0.00222651 -0.00245673 -0.0034809 -0.00420325 -0.0046218 -0.004876 -0.0050645 -0.005271 -0.005568 -0.0054525 -0.0050475 -0.00441551 -0.00358349 -0.00255951 -0.0013195 -0.000209987 0.000840008 0.00183499 0.00277001 0.00361496 0.00432491 0.00479996 0.00492501 0.00448 0.00309503 0 
0 0.00349498 0.00509501 0.00562501 0.00549507 0.00494492 0.00413501 0.00316 0.00207502 0.000914991 -0.000310004 -0.0016185 -0.00305548 -0.00423101 -0.005178 -0.00588799 -0.0063265 -0.0064255 -0.0060845 -0.00585201 -0.0056335 -0.00532905 -0.0048281 -0.0040123 -0.00306077 -0.00281746 -0.00306077 -0.0040123 -0.0048281 -0.00532905 -0.0056335 -0.00585201 -0.0060845 -0.0064255 -0.0063265 -0.00588799 -0.005178 -0.00423101 -0.00305548 -0.0016185 -0.000310004 0.000914991 0.00207502 0.00316 0.00413501 0.00494492 0.00549507 0.00562501 0.00509501 0.00349498 0 
0 0.00393498 0.00577497 0.00639498 0.00626004 0.00563502 0.00471002 0.00357997 0.00231999 0.000970006 -0.000465035 -0.0020045 -0.00366199 -0.00501052 -0.00608748 -0.00688148 -0.00735401 -0.007434 -0.0070485 -0.0067895 -0.0065355 -0.0061738 -0.00558645 -0.00469797 -0.00383624 -0.00358374 -0.00383624 -0.00469797 -0.00558645 -0.0061738 -0.0065355 -0.0067895 -0.0070485 -0.007434 -0.00735401 -0.00688148 -0.00608748 -0.00501052 -0.00366199 -0.0020045 -0.000465035 0.000970006 0.00231999 0.00357997 0.00471002 0.00563502 0.00626004 0.00639498 0.00577497 0.00393498 0 
0 0.00441504 0.00652003 0.00723994 0.00709498 0.00639498 0.00532502 0.00402004 0.00255996 0.000985026 -0.000705004 -0.00250348 -0.00440851 -0.00595349 -0.00717649 -0.00806251 -0.00856951 -0.0086285 -0.00820249 -0.007915 -0.007622 -0.0071977 -0.0065267 -0.00559424 -0.00483633 -0.00458115 -0.00483633 -0.00559424 -0.0065267 -0.0071977 -0.007622 -0.007915 -0.00820249 -0.0086285 -0.00856951 -0.00806251 -0.00717649 -0.00595349 -0.00440851 -0.00250348 -0.000705004 0.000985026 0.00255996 0.00402004 0.00532502 0.00639498 0.00709498 0.00723994 0.00652003 0.00441504 0 
0 0.004915 0.00731504 0.00816 0.00801003 0.00721502 0.00598502 0.00446999 0.00277001 0.000930011 -0.00105 -0.00315151 -0.0053325 -0.007101 -0.00848749 -0.0094755 -0.010018 -0.0100585 -0.0095975 -0.009281 -0.008947 -0.00845955 -0.00771705 -0.00677663 -0.00613247 -0.00588375 -0.00613247 -0.00677663 -0.00771705 -0.00845955 -0.008947 -0.009281 -0.0095975 -0.0100585 -0.010018 -0.0094755 -0.00848749 -0.007101 -0.0053325 -0.00315151 -0.00105 0.000930011 0.00277001 0.00446999 0.00598502 0.00721502 0.00801003 0.00816 0.00731504 0.004915 0 
0 0.00543499 0.00815499 0.00914001 0.00898504 0.008075 0.00666499 0.00490999 0.00292504 0.000764966 -0.00155002 -0.00399452 -0.00648549 -0.00850752 -0.010078 -0.0111785 -0.011762 -0.01179 -0.0113025 -0.0109605 -0.0105869 -0.010043 -0.0092526 -0.00834567 -0.0078209 -0.0075899 -0.0078209 -0.00834567 -0.0092526 -0.010043 -0.0105869 -0.0109605 -0.0113025 -0.01179 -0.011762 -0.0111785 -0.010078 -0.00850752 -0.00648549 -0.00399452 -0.00155002 0.000764966 0.00292504 0.00490999 0.00666499 0.008075 0.00898504 0.00914001 0.00815499 0.00543499 0 
0 0.00595999 0.00902998 0.01016 0.00999498 0.008955 0.00732499 0.00529504 0.00297499 0.000445008 -0.00226498 -0.0050945 -0.00793451 -0.010242 -0.0120215 -0.01325 -0.013886 -0.013913 -0.013414 -0.0130535 -0.0126492 -0.0120658 -0.0112642 -0.0104353 -0.0100325 -0.00983105 -0.0100325 -0.0104353 -0.0112642 -0.0120658 -0.0126492 -0.0130535 -0.013414 -0.013913 -0.013886 -0.01325 -0.0120215 -0.010242 -0.00793451 -0.0050945 -0.00226498 0.000445008 0.00297499 0.00529504 0.00732499 0.008955 0.00999498 0.01016 0.00902998 0.00595999 0 
0 0.00647998 0.00990498 0.0111899 0.0110099 0.00982511 0.00793499 0.00556999 0.00286001 -9.9957e-05 -0.00326002 -0.00653449 -0.00976852 -0.012401 -0.01442 -0.015798 -0.0165055 -0.016554 -0.016063 -0.0157005 -0.0152844 -0.0146937 -0.0139302 -0.0132245 -0.0129451 -0.0127841 -0.0129451 -0.0132245 -0.0139302 -0.0146937 -0.0152844 -0.0157005 -0.016063 -0.016554 -0.0165055 -0.015798 -0.01442 -0.012401 -0.00976852 -0.00653449 -0.00326002 -9.9957e-05 0.00286001 0.00556999 0.00793499 0.00982511 0.0110099 0.0111899 0.00990498 0.00647998 0 
0 0.00696492 0.01074 0.01218 0.0119749 0.010605 0.008425 0.005665 0.0025 -0.000964999 -0.00464499 -0.00842449 -0.012108 -0.0151145 -0.0174125 -0.0189725 -0.019782 -0.019885 -0.019433 -0.0190975 -0.0187054 -0.0181572 -0.0174934 -0.0169543 -0.0168012 -0.0166894 -0.0168012 -0.0169543 -0.0174934 -0.0181572 -0.0187054 -0.0190975 -0.019433 -0.019885 -0.019782 -0.0189725 -0.0174125 -0.0151145 -0.012108 -0.00842449 -0.00464499 -0.000964999 0.0025 0.005665 0.008425 0.010605 0.0119749 0.01218 0.01074 0.00696492 0 
0 0.00738502 0.01149 0.0130751 0.012815 0.011225 0.00869501 0.00547999 0.00177497 -0.00227499 -0.00655997 -0.0109155 -0.015117 -0.018558 -0.0211895 -0.022982 -0.023943 -0.0241495 -0.0237835 -0.0235224 -0.0232114 -0.0227753 -0.0222828 -0.0219519 -0.0219322 -0.021876 -0.0219322 -0.0219519 -0.0222828 -0.0227753 -0.0232114 -0.0235224 -0.0237835 -0.0241495 -0.023943 -0.022982 -0.0211895 -0.018558 -0.015117 -0.0109155 -0.00655997 -0.00227499 0.00177497 0.00547999 0.00869501 0.011225 0.012815 0.0130751 0.01149 0.00738502 0 
0 0.00771511 0.012095 0.01378 0.01343 0.01158 0.00862497 0.00486499 0.000535011 -0.00420004 -0.00919002 -0.0142105 -0.0190195 -0.0229775 -0.0260195 -0.0281195 -0.029306 -0.0296905 -0.029479 -0.029367 -0.02922 -0.0289871 -0.0287459 -0.0286654 -0.0287926 -0.0287971 -0.0287926 -0.0286654 -0.0287459 -0.0289871 -0.02922 -0.029367 -0.029479 -0.0296905 -0.029306 -0.0281195 -0.0260195 -0.0229775 -0.0190195 -0.0142105 -0.00919002 -0.00420004 0.000535011 0.00486499 0.00862497 0.01158 0.01343 0.01378 0.012095 0.00771511 0 
0 0.00790501 0.012465 0.01419 0.01369 0.011505 0.00804502 0.003645 -0.00142998 -0.00696504 -0.012775 -0.018587 -0.0241235 -0.028715 -0.0322795 -0.034798 -0.0363205 -0.0369905 -0.0370348 -0.0371805 -0.0373135 -0.0373977 -0.0374982 -0.0377156 -0.0380115 -0.038083 -0.0380115 -0.0377156 -0.0374982 -0.0373977 -0.0373135 -0.0371805 -0.0370348 -0.0369905 -0.0363205 -0.034798 -0.0322795 -0.028715 -0.0241235 -0.018587 -0.012775 -0.00696504 -0.00142998 0.003645 0.00804502 0.011505 0.01369 0.01419 0.012465 0.00790501 0 
0 0.00790501 0.0125049 0.0141701 0.013425 0.0108 0.00672501 0.00156999 -0.00438499 -0.010875 -0.017655 -0.024428 -0.03086 -0.036249 -0.040501 -0.043602 -0.045624 -0.0467355 -0.0471794 -0.0477357 -0.0483034 -0.0488462 -0.0493935 -0.049968 -0.050468 -0.0506155 -0.050468 -0.049968 -0.0493935 -0.0488462 -0.0483034 -0.0477357 -0.0471794 -0.0467355 -0.045624 -0.043602 -0.040501 -0.036249 -0.03086 -0.024428 -0.017655 -0.010875 -0.00438499 0.00156999 0.00672501 0.0108 0.013425 0.0141701 0.0125049 0.00790501 0 
0 0.00766003 0.01211 0.013545 0.0124251 0.00922 0.00438499 -0.00169498 -0.00870502 -0.01634 -0.02431 -0.032262 -0.0398275 -0.0462545 -0.051438 -0.0553645 -0.058123 -0.0598991 -0.0609443 -0.0621221 -0.0633293 -0.0645075 -0.0656325 -0.06665 -0.0674065 -0.0676455 -0.0674065 -0.06665 -0.0656325 -0.0645075 -0.0633293 -0.0621221 -0.0609443 -0.0598991 -0.058123 -0.0553645 -0.051438 -0.0462545 -0.0398275 -0.032262 -0.02431 -0.01634 -0.00870502 -0.00169498 0.00438499 0.00922 0.0124251 0.013545 0.01211 0.00766003 0 
0 0.00711989 0.01115 0.012125 0.0104251 0.00646007 0.000665009 -0.00656497 -0.01487 -0.02391 -0.033366 -0.042823 -0.0518665 -0.0596885 -0.066165 -0.0712755 -0.0751148 -0.0778734 -0.0798026 -0.0818908 -0.08401 -0.086058 -0.087942 -0.089529 -0.090621 -0.090978 -0.090621 -0.089529 -0.087942 -0.086058 -0.08401 -0.0818908 -0.0798026 -0.0778734 -0.0751148 -0.0712755 -0.066165 -0.0596885 -0.0518665 -0.042823 -0.033366 -0.02391 -0.01487 -0.00656497 0.000665009 0.00646007 0.0104251 0.012125 0.01115 0.00711989 0 
0 0.00621998 0.00947499 0.00969493 0.00712502 0.00212491 -0.00490999 -0.013585 -0.023515 -0.034335 -0.045697 -0.057134 -0.068167 -0.0779165 -0.086225 -0.0930516 -0.098476 -0.102676 -0.105888 -0.109289 -0.1127 -0.11595 -0.118858 -0.12121 -0.122762 -0.123279 -0.122762 -0.12121 -0.118858 -0.11595 -0.1127 -0.109289 -0.105888 -0.102676 -0.098476 -0.0930516 -0.086225 -0.0779165 -0.068167 -0.057134 -0.045697 -0.034335 -0.023515 -0.013585 -0.00490999 0.00212491 0.00712502 0.00969493 0.00947499 0.00621998 0 
0 0.00489008 0.00695002 0.00600994 0.00217497 -0.00424504 -0.012905 -0.023445 -0.03548 -0.04863 -0.062518 -0.0766335 -0.0904275 -0.102911 -0.113871 -0.123216 -0.130979 -0.137299 -0.142374 -0.147675 -0.152939 -0.157886 -0.162229 -0.16566 -0.167874 -0.168617 -0.167874 -0.16566 -0.162229 -0.157886 -0.152939 -0.147675 -0.142374 -0.137299 -0.130979 -0.123216 -0.113871 -0.102911 -0.0904275 -0.0766335 -0.062518 -0.04863 -0.03548 -0.023445 -0.012905 -0.00424504 0.00217497 0.00600994 0.00695002 0.00489008 0 
0 0.003075 0.00343001 0.000795007 -0.00481009 -0.0131849 -0.024035 -0.03705 -0.051885 -0.068165 -0.0855115 -0.103374 -0.121113 -0.137584 -0.152472 -0.165585 -0.176858 -0.186344 -0.194181 -0.202295 -0.210283 -0.217718 -0.224164 -0.22919 -0.2324 -0.233477 -0.2324 -0.22919 -0.224164 -0.217718 -0.210283 -0.202295 -0.194181 -0.186344 -0.176858 -0.165585 -0.152472 -0.137584 -0.121113 -0.103374 -0.0855115 -0.068165 -0.051885 -0.03705 -0.024035 -0.0131849 -0.00481009 0.000795007 0.00343001 0.003075 0 
0 0.000715017 -0.00124002 -0.00621998 -0.01429 -0.025355 -0.039215 -0.05561 -0.074265 -0.094879 -0.117107 -0.140372 -0.163926 -0.186393 -0.207285 -0.226217 -0.242935 -0.25733 -0.269424 -0.281874 -0.294047 -0.305296 -0.31497 -0.322459 -0.327222 -0.328825 -0.327222 -0.322459 -0.31497 -0.305296 -0.294047 -0.281874 -0.269424 -0.25733 -0.242935 -0.226217 -0.207285 -0.186393 -0.163926 -0.140372 -0.117107 -0.094879 -0.074265 -0.05561 -0.039215 -0.025355 -0.01429 -0.00621998 -0.00124002 0.000715017 0 
0 -0.00223005 -0.007195 -0.0153199 -0.0267899 -0.0416001 -0.05966 -0.080805 -0.104865 -0.131672 -0.161004 -0.192311 -0.224738 -0.256563 -0.287026 -0.315405 -0.34108 -0.363606 -0.38275 -0.402354 -0.421369 -0.43877 -0.453601 -0.465019 -0.47227 -0.474715 -0.47227 -0.465019 -0.453601 -0.43877 -0.421369 -0.402354 -0.38275 -0.363606 -0.34108 -0.315405 -0.287026 -0.256563 -0.224738 -0.192311 -0.161004 -0.131672 -0.104865 -0.080805 -0.05966 -0.0416001 -0.0267899 -0.0153199 -0.007195 -0.00223005 0 
0 -0.00574505 -0.01448 -0.02676 -0.04292 -0.06309 -0.08727 -0.11542 -0.147513 -0.18356 -0.223619 -0.267275 -0.31364 -0.360593 -0.40711 -0.452018 -0.494037 -0.531903 -0.564615 -0.5977 -0.628945 -0.656705 -0.679785 -0.69728 -0.708355 -0.712055 -0.708355 -0.69728 -0.679785 -0.656705 -0.628945 -0.5977 -0.564615 -0.531903 -0.494037 -0.452018 -0.40711 -0.360593 -0.31364 -0.267275 -0.223619 -0.18356 -0.147513 -0.11542 -0.08727 -0.06309 -0.04292 -0.02676 -0.01448 -0.00574505 0 
0 -0.00963497 -0.0228599 -0.040575 -0.0634251 -0.0918099 -0.125915 -0.165755 -0.211259 -0.262343 -0.319043 -0.381116 -0.448162 -0.518422 -0.591829 -0.668116 -0.746605 -0.826125 -0.904935 -0.96967 -1.02208 -1.06377 -1.09596 -1.11934 -1.13393 -1.13868 -1.13393 -1.11934 -1.09596 -1.06377 -1.02208 -0.96967 -0.904935 -0.826125 -0.746605 -0.668116 -0.591829 -0.518422 -0.448162 -0.381116 -0.319043 -0.262343 -0.211259 -0.165755 -0.125915 -0.0918099 -0.0634251 -0.040575 -0.0228599 -0.00963497 0 
0 -0.0116301 -0.0272698 -0.0480599 -0.0748701 -0.1083 -0.14867 -0.19598 -0.250052 -0.310592 -0.377441 -0.450418 -0.529596 -0.613773 -0.70394 -0.80097 -0.90521 -1.01617 -1.13196 -1.21937 -1.285 -1.33409 -1.37033 -1.39595 -1.41175 -1.41683 -1.41175 -1.39595 -1.37033 -1.33409 -1.285 -1.21937 -1.13196 -1.01617 -0.90521 -0.80097 -0.70394 -0.613773 -0.529596 -0.450418 -0.377441 -0.310592 -0.250052 -0.19598 -0.14867 -0.1083 -0.0748701 -0.0480599 -0.0272698 -0.0116301 0 
