-0.5209 -0.48693 -0.42342 -0.36819 -0.320165 -0.278405 -0.24209 -0.21051 -0.183055 -0.15918 -0.138415 -0.120362 -0.111261 -0.109158 -0.105682 -0.100877 -0.094803 -0.0875375 -0.0791705 -0.0698085 -0.059569 -0.0485796 -0.0369795 -0.0249145 -0.012536 0 0.012536 0.0249145 0.0369795 0.0485796 0.059569 0.0698085 0.0791705 0.0875375 0.094803 0.100877 0.105682 0.109158 0.111261 0.120362 0.138415 0.15918 0.183055 0.21051 0.24209 0.278405 0.320165 0.36819 0.42342 0.48693 0.5209 
-0.51867 -0.48533 -0.422785 -0.368095 -0.32039 -0.278825 -0.24264 -0.211135 -0.18372 -0.15988 -0.139137 -0.121142 -0.11204 -0.109818 -0.106214 -0.10127 -0.0950325 -0.0875105 -0.0789985 -0.0696675 -0.0594238 -0.0483735 -0.0366296 -0.0241286 -0.011878 0 0.011878 0.0241286 0.0366296 0.0483735 0.0594238 0.0696675 0.0789985 0.0875105 0.0950325 0.10127 0.106214 0.109818 0.11204 0.121142 0.139137 0.15988 0.18372 0.211135 0.24264 0.278825 0.32039 0.368095 0.422785 0.48533 0.51867 
-0.51612 -0.483495 -0.42205 -0.367975 -0.32065 -0.279315 -0.243265 -0.211855 -0.184495 -0.16069 -0.139979 -0.122061 -0.112945 -0.110574 -0.10682 -0.101711 -0.095275 -0.087461 -0.0787965 -0.0695055 -0.0592526 -0.0481228 -0.0361943 -0.0232985 -0.0112245 0 0.0112245 0.0232985 0.0361943 0.0481228 0.0592526 0.0695055 0.0787965 0.087461 0.095275 0.101711 0.10682 0.110574 0.112945 0.122061 0.139979 0.16069 0.184495 0.211855 0.243265 0.279315 0.32065 0.367975 0.42205 0.483495 0.51612 
-0.51322 -0.4814 -0.421205 -0.367835 -0.32093 -0.279865 -0.24399 -0.21268 -0.185385 -0.161635 -0.140974 -0.123144 -0.113995 -0.111439 -0.107507 -0.102203 -0.0955305 -0.087385 -0.078562 -0.069321 -0.0590497 -0.0478179 -0.0356692 -0.0224348 -0.010585 0 0.010585 0.0224348 0.0356692 0.0478179 0.0590497 0.069321 0.078562 0.087385 0.0955305 0.102203 0.107507 0.111439 0.113995 0.123144 0.140974 0.161635 0.185385 0.21268 0.24399 0.279865 0.32093 0.367835 0.421205 0.4814 0.51322 
-0.50993 -0.479015 -0.42022 -0.367655 -0.32125 -0.2805 -0.24482 -0.213635 -0.186425 -0.162735 -0.142139 -0.12441 -0.115209 -0.11243 -0.108284 -0.102748 -0.0957955 -0.0872795 -0.078293 -0.0691105 -0.0588099 -0.04745 -0.0350534 -0.0215519 -0.00997011 0 0.00997011 0.0215519 0.0350534 0.04745 0.0588099 0.0691105 0.078293 0.0872795 0.0957955 0.102748 0.108284 0.11243 0.115209 0.12441 0.142139 0.162735 0.186425 0.213635 0.24482 0.2805 0.32125 0.367655 0.42022 0.479015 0.50993 
-0.50623 -0.476305 -0.419075 -0.367435 -0.32161 -0.281225 -0.245775 -0.21474 -0.18763 -0.16402 -0.143507 -0.125889 -0.116608 -0.113562 -0.109163 -0.103351 -0.096068 -0.087143 -0.0779885 -0.06887 -0.0585267 -0.0470125 -0.0343524 -0.0206675 -0.00939021 0 0.00939021 0.0206675 0.0343524 0.0470125 0.0585267 0.06887 0.0779885 0.087143 0.096068 0.103351 0.109163 0.113562 0.116608 0.125889 0.143507 0.16402 0.18763 0.21474 0.245775 0.281225 0.32161 0.367435 0.419075 0.476305 0.50623 
-0.50206 -0.47324 -0.41776 -0.36717 -0.32201 -0.28205 -0.246875 -0.216025 -0.189035 -0.16552 -0.145113 -0.127607 -0.118216 -0.114855 -0.110155 -0.104015 -0.096348 -0.086974 -0.0776485 -0.0685975 -0.0581942 -0.046501 -0.0335776 -0.0198017 -0.00885589 0 0.00885589 0.0198017 0.0335776 0.046501 0.0581942 0.0685975 0.0776485 0.086974 0.096348 0.104015 0.110155 0.114855 0.118216 0.127607 0.145113 0.16552 0.189035 0.216025 0.246875 0.28205 0.32201 0.36717 0.41776 0.47324 0.50206 
-0.4974 -0.469785 -0.41625 -0.36686 -0.322455 -0.282995 -0.24815 -0.217505 -0.190665 -0.167285 -0.146996 -0.129593 -0.120058 -0.11633 -0.111273 -0.104745 -0.096634 -0.086776 -0.077275 -0.0682895 -0.0578094 -0.0459172 -0.0327489 -0.0189771 -0.00837712 0 0.00837712 0.0189771 0.0327489 0.0459172 0.0578094 0.0682895 0.077275 0.086776 0.096634 0.104745 0.111273 0.11633 0.120058 0.129593 0.146996 0.167285 0.190665 0.217505 0.24815 0.282995 0.322455 0.36686 0.41625 0.469785 0.4974 
-0.49223 -0.465925 -0.414515 -0.366475 -0.322955 -0.284075 -0.24962 -0.21924 -0.192575 -0.16934 -0.149195 -0.131889 -0.122165 -0.11801 -0.112529 -0.105546 -0.096931 -0.0865535 -0.076871 -0.067947 -0.0573727 -0.045271 -0.0318947 -0.0182171 -0.007963 0 0.007963 0.0182171 0.0318947 0.045271 0.0573727 0.067947 0.076871 0.0865535 0.096931 0.105546 0.112529 0.11801 0.122165 0.131889 0.149195 0.16934 0.192575 0.21924 0.24962 0.284075 0.322955 0.366475 0.414515 0.465925 0.49223 
-0.48653 -0.46163 -0.412545 -0.36603 -0.32352 -0.285315 -0.251315 -0.221245 -0.19481 -0.17176 -0.151755 -0.134528 -0.124571 -0.119923 -0.113943 -0.106428 -0.0972455 -0.0863165 -0.0764455 -0.0675739 -0.0568919 -0.0445829 -0.0310517 -0.0175454 -0.00762135 0 0.00762135 0.0175454 0.0310517 0.0445829 0.0568919 0.0675739 0.0764455 0.0863165 0.0972455 0.106428 0.113943 0.119923 0.124571 0.134528 0.151755 0.17176 0.19481 0.221245 0.251315 0.285315 0.32352 0.36603 0.412545 0.46163 0.48653 
-0.48031 -0.456895 -0.410315 -0.36551 -0.32416 -0.286745 -0.25328 -0.22359 -0.197425 -0.17458 -0.154735 -0.137559 -0.127312 -0.122097 -0.115538 -0.10741 -0.097594 -0.0860815 -0.0760115 -0.0671822 -0.056385 -0.043886 -0.0302642 -0.0169855 -0.00735875 0 0.00735875 0.0169855 0.0302642 0.043886 0.056385 0.0671822 0.0760115 0.0860815 0.097594 0.10741 0.115538 0.122097 0.127312 0.137559 0.154735 0.17458 0.197425 0.22359 0.25328 0.286745 0.32416 0.36551 0.410315 0.456895 0.48031 
-0.47357 -0.451725 -0.407835 -0.364925 -0.324885 -0.28839 -0.25557 -0.22632 -0.20048 -0.17788 -0.15819 -0.141036 -0.130437 -0.124574 -0.117341 -0.108514 -0.0980015 -0.085874 -0.075592 -0.0667953 -0.055885 -0.0432287 -0.0295825 -0.0165603 -0.00718095 0 0.00718095 0.0165603 0.0295825 0.0432287 0.055885 0.0667953 0.075592 0.085874 0.0980015 0.108514 0.117341 0.124574 0.130437 0.141036 0.15819 0.17788 0.20048 0.22632 0.25557 0.28839 0.324885 0.364925 0.407835 0.451725 0.47357 
-0.46638 -0.446155 -0.4051 -0.364275 -0.325735 -0.290295 -0.25822 -0.229515 -0.204055 -0.181725 -0.162194 -0.145022 -0.134003 -0.127402 -0.119395 -0.109779 -0.0985065 -0.0857325 -0.075224 -0.0664546 -0.0554447 -0.042674 -0.0290613 -0.0162933 -0.00709385 0 0.00709385 0.0162933 0.0290613 0.042674 0.0554447 0.0664546 0.075224 0.0857325 0.0985065 0.109779 0.119395 0.127402 0.134003 0.145022 0.162194 0.181725 0.204055 0.229515 0.25822 0.290295 0.325735 0.364275 0.4051 0.446155 0.46638 
-0.4588 -0.440235 -0.402145 -0.3636 -0.326735 -0.29251 -0.261315 -0.23324 -0.208235 -0.186215 -0.166831 -0.149594 -0.13808 -0.130646 -0.121765 -0.111268 -0.099169 -0.0857145 -0.0749649 -0.0662232 -0.0551379 -0.0423001 -0.0287591 -0.0162097 -0.00710505 0 0.00710505 0.0162097 0.0287591 0.0423001 0.0551379 0.0662232 0.0749649 0.0857145 0.099169 0.111268 0.121765 0.130646 0.13808 0.149594 0.166831 0.186215 0.208235 0.23324 0.261315 0.29251 0.326735 0.3636 0.402145 0.440235 0.4588 
-0.45095 -0.43406 -0.399035 -0.36294 -0.327935 -0.2951 -0.264935 -0.237605 -0.21312 -0.19145 -0.172204 -0.154851 -0.14277 -0.134402 -0.124537 -0.113066 -0.100077 -0.0859055 -0.0749005 -0.0661956 -0.0550648 -0.0421999 -0.0287397 -0.01634 -0.0072255 0 0.0072255 0.01634 0.0287397 0.0421999 0.0550648 0.0661956 0.0749005 0.0859055 0.100077 0.113066 0.124537 0.134402 0.14277 0.154851 0.172204 0.19145 0.21312 0.237605 0.264935 0.2951 0.327935 0.36294 0.399035 0.43406 0.45095 
-0.44299 -0.42777 -0.39586 -0.362375 -0.32942 -0.298155 -0.269175 -0.242715 -0.218845 -0.19756 -0.178452 -0.160942 -0.148208 -0.138803 -0.127847 -0.115309 -0.101362 -0.0864288 -0.0751549 -0.0665019 -0.0553551 -0.0424848 -0.029077 -0.016723 -0.0074725 0 0.0074725 0.016723 0.029077 0.0424848 0.0553551 0.0665019 0.0751549 0.0864288 0.101362 0.115309 0.127847 0.138803 0.148208 0.160942 0.178452 0.19756 0.218845 0.242715 0.269175 0.298155 0.32942 0.362375 0.39586 0.42777 0.44299 
-0.43514 -0.421555 -0.39277 -0.36202 -0.331305 -0.3018 -0.274165 -0.248715 -0.225565 -0.20472 -0.185757 -0.168056 -0.15459 -0.144043 -0.131891 -0.118189 -0.103211 -0.0874609 -0.0759007 -0.0673196 -0.0561753 -0.04329 -0.0298615 -0.0174145 -0.007873 0 0.007873 0.0174145 0.0298615 0.04329 0.0561753 0.0673196 0.0759007 0.0874609 0.103211 0.118189 0.131891 0.144043 0.15459 0.168056 0.185757 0.20472 0.225565 0.248715 0.274165 0.3018 0.331305 0.36202 0.39277 0.421555 0.43514 
-0.42767 -0.41566 -0.389975 -0.36206 -0.333745 -0.306195 -0.28009 -0.255805 -0.23349 -0.213165 -0.194375 -0.17646 -0.1622 -0.150413 -0.136958 -0.121993 -0.105896 -0.0892501 -0.0773779 -0.0688869 -0.0577405 -0.044788 -0.0312195 -0.018497 -0.00846799 0 0.00846799 0.018497 0.0312195 0.044788 0.0577405 0.0688869 0.0773779 0.0892501 0.105896 0.121993 0.136958 0.150413 0.1622 0.17646 0.194375 0.213165 0.23349 0.255805 0.28009 0.306195 0.333745 0.36206 0.389975 0.41566 0.42767 
-0.4209 -0.410405 -0.387765 -0.362745 -0.33697 -0.31156 -0.28719 -0.26425 -0.24291 -0.223216 -0.20467 -0.186557 -0.171456 -0.158341 -0.143478 -0.127139 -0.109809 -0.0921487 -0.079918 -0.071527 -0.0603425 -0.047222 -0.0333325 -0.0200935 -0.00932199 0 0.00932199 0.0200935 0.0333325 0.047222 0.0603425 0.071527 0.079918 0.0921487 0.109809 0.127139 0.143478 0.158341 0.171456 0.186557 0.20467 0.223216 0.24291 0.26425 0.28719 0.31156 0.33697 0.362745 0.387765 0.410405 0.4209 
-0.41523 -0.406185 -0.3865 -0.36441 -0.341315 -0.31823 -0.2958 -0.27441 -0.25424 -0.235347 -0.217174 -0.19893 -0.182983 -0.168471 -0.152093 -0.134245 -0.115521 -0.096662 -0.0839905 -0.0756995 -0.0644015 -0.0509455 -0.0364795 -0.022401 -0.0105365 0 0.0105365 0.022401 0.0364795 0.0509455 0.0644015 0.0756995 0.0839905 0.096662 0.115521 0.134245 0.152093 0.168471 0.182983 0.19893 0.217174 0.235347 0.25424 0.27441 0.2958 0.31823 0.341315 0.36441 0.3865 0.406185 0.41523 
-0.41112 -0.403455 -0.386645 -0.36752 -0.347225 -0.32664 -0.30639 -0.286825 -0.268095 -0.250254 -0.232674 -0.214466 -0.197733 -0.181785 -0.163782 -0.144247 -0.123892 -0.103544 -0.090295 -0.0820915 -0.070553 -0.0565125 -0.0411065 -0.0257385 -0.0122785 0 0.0122785 0.0257385 0.0411065 0.0565125 0.070553 0.0820915 0.090295 0.103544 0.123892 0.144247 0.163782 0.181785 0.197733 0.214466 0.232674 0.250254 0.268095 0.286825 0.30639 0.32664 0.347225 0.36752 0.386645 0.403455 0.41112 
-0.40908 -0.402755 -0.38878 -0.37265 -0.355295 -0.337455 -0.319665 -0.30226 -0.285355 -0.268973 -0.252383 -0.234532 -0.217192 -0.199829 -0.180094 -0.158631 -0.13628 -0.113985 -0.0999415 -0.0918015 -0.0798235 -0.064827 -0.047952 -0.0306365 -0.0148235 0 0.0148235 0.0306365 0.047952 0.064827 0.0798235 0.0918015 0.0999415 0.113985 0.13628 0.158631 0.180094 0.199829 0.217192 0.234532 0.252383 0.268973 0.285355 0.30226 0.319665 0.337455 0.355295 0.37265 0.38878 0.402755 0.40908 
-0.40969 -0.404695 -0.39358 -0.38057 -0.36636 -0.351565 -0.336645 -0.321875 -0.307364 -0.293096 -0.278167 -0.261286 -0.243755 -0.225143 -0.203607 -0.179898 -0.155005 -0.130033 -0.114839 -0.106715 -0.093975 -0.077435 -0.05827 -0.03799 -0.018645 0 0.018645 0.03799 0.05827 0.077435 0.093975 0.106715 0.114839 0.130033 0.155005 0.179898 0.203607 0.225143 0.243755 0.261286 0.278167 0.293096 0.307364 0.321875 0.336645 0.351565 0.36636 0.38057 0.39358 0.404695 0.40969 
-0.41354 -0.40995 -0.40187 -0.392245 -0.381575 -0.370325 -0.35887 -0.347465 -0.336221 -0.325113 -0.313022 -0.298266 -0.281444 -0.262117 -0.238936 -0.212685 -0.184481 -0.155655 -0.13869 -0.13042 -0.11624 -0.09706 -0.0742 -0.049305 -0.02452 0 0.02452 0.049305 0.0742 0.09706 0.11624 0.13042 0.13869 0.155655 0.184481 0.212685 0.238936 0.262117 0.281444 0.298266 0.313022 0.325113 0.336221 0.347465 0.35887 0.370325 0.381575 0.392245 0.40187 0.40995 0.41354 
-0.42118 -0.419175 -0.414595 -0.40901 -0.40269 -0.395915 -0.388975 -0.382118 -0.375503 -0.369202 -0.361882 -0.351307 -0.337073 -0.318613 -0.295031 -0.266825 -0.23489 -0.20061 -0.180635 -0.171045 -0.15298 -0.128275 -0.098845 -0.06656 -0.03342 0 0.03342 0.06656 0.098845 0.128275 0.15298 0.171045 0.180635 0.20061 0.23489 0.266825 0.295031 0.318613 0.337073 0.351307 0.361882 0.369202 0.375503 0.382118 0.388975 0.395915 0.40269 0.40901 0.414595 0.419175 0.42118 
-0.43281 -0.43281 -0.43281 -0.43281 -0.43281 -0.432815 -0.432815 -0.432809 -0.43281 -0.432897 -0.431795 -0.427385 -0.41875 -0.405785 -0.38863 -0.36746 -0.34249 -0.313985 -0.282235 -0.247565 -0.21034 -0.17094 -0.129775 -0.08727 -0.04386 0 0.04386 0.08727 0.129775 0.17094 0.21034 0.247565 0.282235 0.313985 0.34249 0.36746 0.38863 0.405785 0.41875 0.427385 0.431795 0.432897 0.43281 0.432809 0.432815 0.432815 0.43281 0.43281 0.43281 0.43281 0.43281 
