-1.91975 -2.05368 -2.36172 -2.71599 -3.12339 -3.59189 -4.1307 -4.75037 -5.46284 -6.2822 -7.22465 -8.33479 -9.12086 -9.34687 -9.68742 -10.158 -10.7792 -11.5813 -12.6184 -13.9892 -15.7883 -18.0986 -20.7574 -22.0953 -28.7614 3.75494e-14 28.7614 22.0953 20.7574 18.0986 15.7883 13.9892 12.6184 11.5813 10.7792 10.158 9.68742 9.34687 9.12086 8.33479 7.22465 6.2822 5.46284 4.75037 4.1307 3.59189 3.12339 2.71599 2.36172 2.05368 1.91975 
-1.92801 -2.06066 -2.36566 -2.7173 -3.12205 -3.58757 -4.1226 -4.73761 -5.44416 -6.25523 -7.18721 -8.27944 -9.04463 -9.27486 -9.61623 -10.0856 -10.7055 -11.5171 -12.5544 -13.8857 -15.6196 -17.8164 -20.2717 -21.7356 -27.2927 3.63453e-14 27.2927 21.7356 20.2717 17.8164 15.6196 13.8857 12.5544 11.5171 10.7055 10.0856 9.61623 9.27486 9.04463 8.27944 7.18721 6.25523 5.44416 4.73761 4.1226 3.58757 3.12205 2.7173 2.36566 2.06066 1.92801 
-1.93753 -2.06871 -2.37023 -2.71889 -3.12049 -3.58252 -4.11346 -4.72301 -5.42254 -6.22431 -7.14396 -8.21565 -8.96008 -9.19485 -9.53701 -10.005 -10.6241 -11.4458 -12.4806 -13.7635 -15.4183 -17.4778 -19.7056 -21.3214 -24.8258 3.57708e-14 24.8258 21.3214 19.7056 17.4778 15.4183 13.7635 12.4806 11.4458 10.6241 10.005 9.53701 9.19485 8.96008 8.21565 7.14396 6.22431 5.42254 4.72301 4.11346 3.58252 3.12049 2.71889 2.37023 2.06871 1.93753 
-1.94848 -2.07797 -2.37549 -2.72071 -3.11887 -3.5769 -4.10288 -4.70638 -5.39793 -6.1886 -7.09349 -8.14122 -8.86407 -9.10378 -9.4468 -9.91342 -10.5321 -11.3653 -12.3947 -13.6198 -15.1839 -17.091 -19.0889 -20.7447 -22.2108 3.45526e-14 22.2108 20.7447 19.0889 17.091 15.1839 13.6198 12.3947 11.3653 10.5321 9.91342 9.4468 9.10378 8.86407 8.14122 7.09349 6.1886 5.39793 4.70638 4.10288 3.5769 3.11887 2.72071 2.37549 2.07797 1.94848 
-1.96105 -2.0886 -2.38163 -2.72293 -3.11701 -3.57038 -4.09082 -4.68724 -5.36937 -6.14747 -7.03512 -8.05524 -8.75534 -9.00017 -9.3441 -9.80943 -10.4286 -11.2738 -12.2932 -13.4504 -14.9108 -16.65 -18.411 -19.9738 -19.558 3.27331e-14 19.558 19.9738 18.411 16.65 14.9108 13.4504 12.2932 11.2738 10.4286 9.80943 9.3441 9.00017 8.75534 8.05524 7.03512 6.14747 5.36937 4.68724 4.09082 3.57038 3.11701 2.72293 2.38163 2.0886 1.96105 
-1.97539 -2.1008 -2.38876 -2.72554 -3.1149 -3.56294 -4.07697 -4.66519 -5.33656 -6.10001 -6.96748 -7.9562 -8.63276 -8.88265 -9.22739 -9.6915 -10.3117 -11.1686 -12.1721 -13.25 -14.5926 -16.1477 -17.6587 -18.9887 -16.9799 3.04601e-14 16.9799 18.9887 17.6587 16.1477 14.5926 13.25 12.1721 11.1686 10.3117 9.6915 9.22739 8.88265 8.63276 7.9562 6.96748 6.10001 5.33656 4.66519 4.07697 3.56294 3.1149 2.72554 2.38876 2.1008 1.97539 
-1.99179 -2.11476 -2.39697 -2.72859 -3.11254 -3.55445 -4.06102 -4.63965 -5.29862 -6.04531 -6.88923 -7.84285 -8.4949 -8.74956 -9.09504 -9.55795 -10.1792 -11.0464 -12.0262 -13.012 -14.2218 -15.5764 -16.8182 -17.7895 -14.574 2.85834e-14 14.574 17.7895 16.8182 15.5764 14.2218 13.012 12.0262 11.0464 10.1792 9.55795 9.09504 8.74956 8.4949 7.84285 6.88923 6.04531 5.29862 4.63965 4.06102 3.55445 3.11254 2.72859 2.39697 2.11476 1.99179 
-2.01045 -2.13068 -2.40641 -2.73207 -3.10988 -3.54466 -4.04252 -4.61038 -5.25499 -5.98181 -6.79894 -7.71404 -8.34037 -8.59931 -8.94511 -9.40658 -10.0286 -10.9025 -11.849 -12.7298 -13.7908 -14.9281 -15.8781 -16.4017 -12.4023 2.65199e-14 12.4023 16.4017 15.8781 14.9281 13.7908 12.7298 11.849 10.9025 10.0286 9.40658 8.94511 8.59931 8.34037 7.71404 6.79894 5.98181 5.25499 4.61038 4.04252 3.54466 3.10988 2.73207 2.40641 2.13068 2.01045 
-2.03157 -2.14872 -2.41727 -2.73618 -3.1068 -3.53336 -4.02115 -4.5762 -5.20435 -5.9089 -6.69518 -7.56787 -8.1677 -8.42996 -8.77556 -9.23497 -9.85615 -10.7314 -11.6333 -12.3949 -13.2913 -14.1959 -14.834 -14.8751 -10.4924 2.47503e-14 10.4924 14.8751 14.834 14.1959 13.2913 12.3949 11.6333 10.7314 9.85615 9.23497 8.77556 8.42996 8.1677 7.56787 6.69518 5.9089 5.20435 4.5762 4.02115 3.53336 3.1068 2.73618 2.41727 2.14872 2.03157 
-2.05537 -2.16911 -2.42962 -2.74079 -3.10315 -3.5202 -3.99641 -4.53684 -5.14565 -5.82437 -6.5765 -7.40351 -7.97522 -8.23966 -8.58401 -9.04002 -9.65743 -10.526 -11.3701 -11.9989 -12.7161 -13.3751 -13.6913 -13.2762 -8.84187 2.29309e-14 8.84187 13.2762 13.6913 13.3751 12.7161 11.9989 11.3701 10.526 9.65743 9.04002 8.58401 8.23966 7.97522 7.40351 6.5765 5.82437 5.14565 4.53684 3.99641 3.5202 3.10315 2.74079 2.42962 2.16911 2.05537 
-2.08199 -2.19198 -2.44364 -2.74596 -3.09877 -3.50477 -3.96761 -4.49095 -5.0777 -5.72748 -6.44121 -7.21926 -7.76145 -8.02628 -8.36766 -8.8179 -9.42674 -10.2783 -11.0504 -11.5338 -12.0597 -12.4668 -12.469 -11.6741 -7.42758 2.07737e-14 7.42758 11.6741 12.469 12.4668 12.0597 11.5338 11.0504 10.2783 9.42674 8.8179 8.36766 8.02628 7.76145 7.21926 6.44121 5.72748 5.0777 4.49095 3.96761 3.50477 3.09877 2.74596 2.44364 2.19198 2.08199 
-2.11162 -2.21743 -2.45927 -2.75156 -3.09348 -3.48666 -3.93385 -4.43773 -4.99927 -5.61618 -6.28782 -7.01372 -7.52454 -7.78748 -8.12345 -8.56421 -9.15762 -9.97969 -10.6651 -10.9933 -11.321 -11.4796 -11.1975 -10.1278 -6.21808 1.83808e-14 6.21808 10.1278 11.1975 11.4796 11.321 10.9933 10.6651 9.97969 9.15762 8.56421 8.12345 7.78748 7.52454 7.01372 6.28782 5.61618 4.99927 4.43773 3.93385 3.48666 3.09348 2.75156 2.45927 2.21743 2.11162 
-2.14417 -2.24543 -2.47654 -2.75752 -3.08676 -3.46523 -3.89456 -4.37579 -4.90876 -5.4892 -6.11474 -6.78562 -7.26277 -7.52075 -7.84778 -8.2739 -8.8431 -9.62126 -10.2066 -10.3738 -10.5038 -10.4308 -9.91389 -8.68038 -5.1825 1.62931e-14 5.1825 8.68038 9.91389 10.4308 10.5038 10.3738 10.2066 9.62126 8.8431 8.2739 7.84778 7.52075 7.26277 6.78562 6.11474 5.4892 4.90876 4.37579 3.89456 3.46523 3.08676 2.75752 2.47654 2.24543 2.14417 
-2.1796 -2.27587 -2.49526 -2.7634 -3.07822 -3.43977 -3.84844 -4.30406 -4.80472 -5.3446 -5.92055 -6.53373 -6.97441 -7.22359 -7.53693 -7.94163 -8.4763 -9.19583 -9.67016 -9.67715 -9.62004 -9.34624 -8.65691 -7.35763 -4.29471 1.56951e-14 4.29471 7.35763 8.65691 9.34624 9.62004 9.67715 9.67016 9.19583 8.4763 7.94163 7.53693 7.22359 6.97441 6.53373 5.92055 5.3446 4.80472 4.30406 3.84844 3.43977 3.07822 2.7634 2.49526 2.27587 2.1796 
-2.21754 -2.30837 -2.51497 -2.76878 -3.06722 -3.40936 -3.79439 -4.22093 -4.68571 -5.18112 -5.7041 -6.25697 -6.65783 -6.8935 -7.18734 -7.56277 -8.05199 -8.69917 -9.05598 -8.91187 -8.68919 -8.25603 -7.46004 -6.17151 -3.53429 1.37537e-14 3.53429 6.17151 7.46004 8.25603 8.68919 8.91187 9.05598 8.69917 8.05199 7.56277 7.18734 6.8935 6.65783 6.25697 5.7041 5.18112 4.68571 4.22093 3.79439 3.40936 3.06722 2.76878 2.51497 2.30837 2.21754 
-2.25739 -2.34228 -2.53508 -2.7729 -3.05279 -3.37288 -3.73119 -4.12518 -4.55013 -4.99758 -5.46438 -5.95412 -6.31178 -6.52859 -6.79639 -7.13423 -7.56783 -8.13175 -8.37079 -8.09357 -7.73614 -7.19127 -6.34856 -5.12467 -2.8857 1.12848e-14 2.8857 5.12467 6.34856 7.19127 7.73614 8.09357 8.37079 8.13175 7.56783 7.13423 6.79639 6.52859 6.31178 5.95412 5.46438 4.99758 4.55013 4.12518 3.73119 3.37288 3.05279 2.7729 2.53508 2.34228 2.25739 
-2.29811 -2.37659 -2.55455 -2.7747 -3.03371 -3.32896 -3.65749 -4.0154 -4.39684 -4.79297 -5.20073 -5.62494 -5.93587 -6.12818 -6.3633 -6.65596 -7.02591 -7.50021 -7.62839 -7.24373 -6.78837 -6.17923 -5.3391 -4.21381 -2.33641 1.01662e-14 2.33641 4.21381 5.3391 6.17923 6.78837 7.24373 7.62839 7.50021 7.02591 6.65596 6.3633 6.12818 5.93587 5.62494 5.20073 4.79297 4.39684 4.0154 3.65749 3.32896 3.03371 2.7747 2.55455 2.37659 2.29811 
-2.33825 -2.40983 -2.57188 -2.77265 -3.00854 -3.27614 -3.57171 -3.89019 -4.22494 -4.56684 -4.91336 -5.27032 -5.5311 -5.6935 -5.8901 -6.13188 -6.43387 -6.81787 -6.84853 -6.38714 -5.87213 -5.24088 -4.43963 -3.43153 -1.87519 7.85204e-15 1.87519 3.43153 4.43963 5.24088 5.87213 6.38714 6.84853 6.81787 6.43387 6.13188 5.8901 5.6935 5.5311 5.27032 4.91336 4.56684 4.22494 3.89019 3.57171 3.27614 3.00854 2.77265 2.57188 2.40983 2.33825 
-2.37586 -2.43999 -2.58503 -2.76478 -2.9754 -3.21276 -3.47236 -3.74848 -4.034 -4.31956 -4.6033 -4.89202 -5.10034 -5.22838 -5.38251 -5.57074 -5.80481 -6.10326 -6.05451 -5.54857 -5.00927 -4.3896 -3.6514 -2.76736 -1.49147 7.00317e-15 1.49147 2.76736 3.6514 4.3896 5.00927 5.54857 6.05451 6.10326 5.80481 5.57074 5.38251 5.22838 5.10034 4.89202 4.6033 4.31956 4.034 3.74848 3.47236 3.21276 2.9754 2.76478 2.58503 2.43999 2.37586 
-2.4083 -2.46441 -2.59149 -2.74871 -2.93199 -3.13682 -3.35812 -3.58972 -3.82421 -4.0523 -4.27303 -4.49392 -4.6488 -4.73999 -4.8502 -4.98561 -5.15596 -5.37786 -5.26995 -4.74925 -4.21505 -3.6315 -2.97021 -2.20945 -1.17505 4.98156e-15 1.17505 2.20945 2.97021 3.6315 4.21505 4.74925 5.26995 5.37786 5.15596 4.98561 4.8502 4.73999 4.6488 4.49392 4.27303 4.0523 3.82421 3.58972 3.35812 3.13682 2.93199 2.74871 2.59149 2.46441 2.4083 
-2.43238 -2.47999 -2.58818 -2.72147 -2.87583 -3.04656 -3.22793 -3.41361 -3.59639 -3.76745 -3.92656 -4.08176 -4.18431 -4.23832 -4.30591 -4.39214 -4.50612 -4.66292 -4.51541 -4.00474 -3.49773 -2.96611 -2.3878 -1.74454 -0.915844 2.06708e-15 0.915844 1.74454 2.3878 2.96611 3.49773 4.00474 4.51541 4.66292 4.50612 4.39214 4.30591 4.23832 4.18431 4.08176 3.92656 3.76745 3.59639 3.41361 3.22793 3.04656 2.87583 2.72147 2.58818 2.47999 2.43238 
-2.44451 -2.48317 -2.57159 -2.68002 -2.80439 -2.93988 -3.08084 -3.22074 -3.35273 -3.46873 -3.56935 -3.66321 -3.71679 -3.73543 -3.76397 -3.80721 -3.8734 -3.97622 -3.80575 -3.32346 -2.85824 -2.38722 -1.89253 -1.35841 -0.70412 2.18569e-15 0.70412 1.35841 1.89253 2.38722 2.85824 3.32346 3.80575 3.97622 3.8734 3.80721 3.76397 3.73543 3.71679 3.66321 3.56935 3.46873 3.35273 3.22074 3.08084 2.93988 2.80439 2.68002 2.57159 2.48317 2.44451 
-2.44087 -2.47032 -2.53827 -2.62108 -2.71501 -2.81529 -2.91641 -3.01227 -3.09628 -3.16126 -3.20886 -3.24792 -3.25788 -3.245 -3.23965 -3.24616 -3.27216 -3.32983 -3.14768 -2.70483 -2.28919 -1.88212 -1.46875 -1.03529 -0.529738 -1.61922e-17 0.529738 1.03529 1.46875 1.88212 2.28919 2.70483 3.14768 3.32983 3.27216 3.24616 3.23965 3.245 3.25788 3.24792 3.20886 3.16126 3.09628 3.01227 2.91641 2.81529 2.71501 2.62108 2.53827 2.47032 2.44087 
-2.41815 -2.43815 -2.48497 -2.54176 -2.60522 -2.67114 -2.73457 -2.78994 -2.83126 -2.85217 -2.85487 -2.84803 -2.8218 -2.78247 -2.74841 -2.72311 -2.71239 -2.72612 -2.53323 -2.13117 -1.76682 -1.42468 -1.09136 -0.753988 -0.380349 -3.71291e-16 0.380349 0.753988 1.09136 1.42468 1.76682 2.13117 2.53323 2.72612 2.71239 2.72311 2.74841 2.78247 2.8218 2.84803 2.85487 2.85217 2.83126 2.78994 2.73457 2.67114 2.60522 2.54176 2.48497 2.43815 2.41815 
-2.37428 -2.38468 -2.40937 -2.43927 -2.47215 -2.50513 -2.53443 -2.55556 -2.56368 -2.55327 -2.52507 -2.48389 -2.43029 -2.37104 -2.31424 -2.25943 -2.20472 -2.14523 -1.88042 -1.51027 -1.20912 -0.948817 -0.710504 -0.479943 -0.238108 -6.02847e-16 0.238108 0.479943 0.710504 0.948817 1.20912 1.51027 1.88042 2.14523 2.20472 2.25943 2.31424 2.37104 2.43029 2.48389 2.52507 2.55327 2.56368 2.55556 2.53443 2.50513 2.47215 2.43927 2.40937 2.38468 2.37428 
-2.31048 -2.31048 -2.31048 -2.31048 -2.31048 -2.31046 -2.31046 -2.31049 -2.31049 -2.30538 -2.26197 -2.17645 -2.08285 -1.98601 -1.88077 -1.76053 -1.61707 -1.44028 -1.21903 -1.01715 -0.832085 -0.659558 -0.494526 -0.331462 -0.163475 -8.25102e-16 0.163475 0.331462 0.494526 0.659558 0.832085 1.01715 1.21903 1.44028 1.61707 1.76053 1.88077 1.98601 2.08285 2.17645 2.26197 2.30538 2.31049 2.31049 2.31046 2.31046 2.31048 2.31048 2.31048 2.31048 2.31048 
