-0 -0.234002 -0.394525 -0.507651 -0.579662 -0.61613 -0.609665 -0.552391 -0.436334 -0.245863 0.0464097 0.426184 1.05877 1.69127 2.3792 3.15719 4.06182 5.10769 6.1019 7.68315 10.2796 14.6822 22.6452 37.8363 48.6493 72.9895 48.6493 37.8363 22.6452 14.6822 10.2796 7.68315 6.1019 5.10769 4.06182 3.15719 2.3792 1.69127 1.05877 0.426184 0.0464097 -0.245863 -0.436334 -0.552391 -0.609665 -0.61613 -0.579662 -0.507651 -0.394525 -0.234002 -0 
-0 -0.234069 -0.394525 -0.507423 -0.580136 -0.614448 -0.607969 -0.551732 -0.433942 -0.242402 0.0493912 0.436276 1.06904 1.70015 2.38672 3.16321 4.06387 5.10429 6.09608 7.66624 10.2376 14.5769 22.3322 37.0469 48.6365 68.6945 48.6365 37.0469 22.3322 14.5769 10.2376 7.66624 6.09608 5.10429 4.06387 3.16321 2.38672 1.70015 1.06904 0.436276 0.0493912 -0.242402 -0.433942 -0.551732 -0.607969 -0.614448 -0.580136 -0.507423 -0.394525 -0.234069 -0 
-0 -0.232917 -0.393097 -0.505212 -0.578404 -0.612907 -0.60595 -0.549648 -0.432183 -0.238324 0.0557437 0.460002 1.09784 1.72957 2.41688 3.19362 4.09225 5.12478 6.11555 7.68708 10.2527 14.5556 22.1379 36.1885 48.9297 64.4725 48.9297 36.1885 22.1379 14.5556 10.2527 7.68708 6.11555 5.12478 4.09225 3.19362 2.41688 1.72957 1.09784 0.460002 0.0557437 -0.238324 -0.432183 -0.549648 -0.60595 -0.612907 -0.578404 -0.505212 -0.393097 -0.232917 -0 
-0 -0.231005 -0.390344 -0.502593 -0.575422 -0.610709 -0.602573 -0.545817 -0.427461 -0.230769 0.0675197 0.488704 1.13015 1.76245 2.4503 3.22689 4.12378 5.15113 6.14707 7.72054 10.2806 14.5375 21.9256 35.3954 48.7219 60.3478 48.7219 35.3954 21.9256 14.5375 10.2806 7.72054 6.14707 5.15113 4.12378 3.22689 2.4503 1.76245 1.13015 0.488704 0.0675197 -0.230769 -0.427461 -0.545817 -0.602573 -0.610709 -0.575422 -0.502593 -0.390344 -0.231005 -0 
-0 -0.227918 -0.386808 -0.499174 -0.571936 -0.60542 -0.596914 -0.538681 -0.417801 -0.217139 0.0861834 0.523197 1.16597 1.79853 2.487 3.26409 4.15901 5.18455 6.1932 7.76766 10.3183 14.5196 21.6935 34.6308 47.9668 56.3368 47.9668 34.6308 21.6935 14.5196 10.3183 7.76766 6.1932 5.18455 4.15901 3.26409 2.487 1.79853 1.16597 0.523197 0.0861834 -0.217139 -0.417801 -0.538681 -0.596914 -0.60542 -0.571936 -0.499174 -0.386808 -0.227918 -0 
-0 -0.224364 -0.382132 -0.493509 -0.565547 -0.597889 -0.588432 -0.52751 -0.403355 -0.198643 0.11168 0.56379 1.20606 1.83855 2.52774 3.30477 4.19889 5.2276 6.25384 7.8298 10.3656 14.4975 21.4362 33.841 46.6628 52.4477 46.6628 33.841 21.4362 14.4975 10.3656 7.8298 6.25384 5.2276 4.19889 3.30477 2.52774 1.83855 1.20606 0.56379 0.11168 -0.198643 -0.403355 -0.52751 -0.588432 -0.597889 -0.565547 -0.493509 -0.382132 -0.224364 -0 
-0 -0.22026 -0.37616 -0.48586 -0.556202 -0.58769 -0.575278 -0.511478 -0.383849 -0.173855 0.146069 0.610543 1.25089 1.88273 2.57234 3.34961 4.24439 5.28114 6.33132 7.90589 10.4197 14.4648 21.143 32.9609 44.8504 48.68 44.8504 32.9609 21.143 14.4648 10.4197 7.90589 6.33132 5.28114 4.24439 3.34961 2.57234 1.88273 1.25089 0.610543 0.146069 -0.173855 -0.383849 -0.511478 -0.575278 -0.58769 -0.556202 -0.48586 -0.37616 -0.22026 -0 
-0 -0.214717 -0.368098 -0.476177 -0.544683 -0.573909 -0.558566 -0.4905 -0.357712 -0.14124 0.187342 0.663931 1.30055 1.93129 2.62088 3.39907 4.29609 5.34655 6.42511 7.99384 10.4753 14.4118 20.7951 31.9258 42.6053 45.0254 42.6053 31.9258 20.7951 14.4118 10.4753 7.99384 6.42511 5.34655 4.29609 3.39907 2.62088 1.93129 1.30055 0.663931 0.187342 -0.14124 -0.357712 -0.4905 -0.558566 -0.573909 -0.544683 -0.476177 -0.368098 -0.214717 -0 
-0 -0.208093 -0.358072 -0.463803 -0.529752 -0.555516 -0.536743 -0.463969 -0.324742 -0.0997706 0.237573 0.723882 1.35564 1.98462 2.67405 3.45353 4.35533 5.42481 6.53327 8.08991 10.525 14.3248 20.3671 30.684 40.0194 41.4721 40.0194 30.684 20.3671 14.3248 10.525 8.08991 6.53327 5.42481 4.35533 3.45353 2.67405 1.98462 1.35564 0.723882 0.237573 -0.0997706 -0.324742 -0.463969 -0.536743 -0.555516 -0.529752 -0.463803 -0.358072 -0.208093 -0 
-0 -0.200179 -0.346114 -0.448277 -0.51068 -0.532282 -0.508321 -0.43013 -0.283339 -0.0497169 0.297285 0.790501 1.41622 2.04227 2.73134 3.51288 4.42249 5.51533 6.65336 8.18817 10.5571 14.1868 19.83 29.2084 37.1877 38.0073 37.1877 29.2084 19.83 14.1868 10.5571 8.18817 6.65336 5.51533 4.42249 3.51288 2.73134 2.04227 1.41622 0.790501 0.297285 -0.0497169 -0.283339 -0.43013 -0.508321 -0.532282 -0.51068 -0.448277 -0.346114 -0.200179 -0 
-0 -0.191106 -0.331565 -0.429246 -0.48717 -0.503993 -0.473712 -0.388114 -0.233057 0.00953653 0.364968 0.86368 1.48211 2.1044 2.7928 3.57688 4.49665 5.61591 6.77891 8.27881 10.557 13.976 19.1573 27.5023 34.1979 34.6221 34.1979 27.5023 19.1573 13.976 10.557 8.27881 6.77891 5.61591 4.49665 3.57688 2.7928 2.1044 1.48211 0.86368 0.364968 0.00953653 -0.233057 -0.388114 -0.473712 -0.503993 -0.48717 -0.429246 -0.331565 -0.191106 -0 
-0 -0.180533 -0.314101 -0.406124 -0.458518 -0.468816 -0.431809 -0.337723 -0.173753 0.0783152 0.441418 0.94285 1.55281 2.17052 2.8578 3.64491 4.57569 5.7213 6.90069 8.34766 10.5062 13.6707 18.3305 25.5953 31.1269 31.3147 31.1269 25.5953 18.3305 13.6707 10.5062 8.34766 6.90069 5.7213 4.57569 3.64491 2.8578 2.17052 1.55281 0.94285 0.441418 0.0783152 -0.173753 -0.337723 -0.431809 -0.468816 -0.458518 -0.406124 -0.314101 -0.180533 -0 
-0 -0.168386 -0.293688 -0.378848 -0.424172 -0.426914 -0.381693 -0.278621 -0.104805 0.156308 0.526086 1.02736 1.62745 2.23923 2.92453 3.71446 4.65577 5.82371 7.00624 8.37858 10.3845 13.2511 17.3464 23.535 28.0402 28.0931 28.0402 23.535 17.3464 13.2511 10.3845 8.37858 7.00624 5.82371 4.65577 3.71446 2.92453 2.23923 1.62745 1.02736 0.526086 0.156308 -0.104805 -0.278621 -0.381693 -0.426914 -0.424172 -0.378848 -0.293688 -0.168386 -0 
-0 -0.154861 -0.270253 -0.346779 -0.383786 -0.378113 -0.323327 -0.210162 -0.0267109 0.242891 0.617629 1.11583 1.70448 2.30879 2.99048 3.78137 4.72975 5.9117 7.07914 8.35248 10.1729 12.7049 16.216 21.3779 24.9941 24.9743 24.9941 21.3779 16.216 12.7049 10.1729 8.35248 7.07914 5.9117 4.72975 3.78137 2.99048 2.30879 1.70448 1.11583 0.617629 0.242891 -0.0267109 -0.210162 -0.323327 -0.378113 -0.383786 -0.346779 -0.270253 -0.154861 -0 
-0 -0.139761 -0.24347 -0.309916 -0.337222 -0.321704 -0.256634 -0.13317 0.0600237 0.336682 0.713578 1.20623 1.78136 2.37613 3.05144 3.83934 4.7877 5.97018 7.1009 8.24956 9.85574 12.031 14.9645 19.1803 22.0378 21.9825 22.0378 19.1803 14.9645 12.031 9.85574 8.24956 7.1009 5.97018 4.7877 3.83934 3.05144 2.37613 1.78136 1.20623 0.713578 0.336682 0.0600237 -0.13317 -0.256634 -0.321704 -0.337222 -0.309916 -0.24347 -0.139761 -0 
-0 -0.123127 -0.213444 -0.268291 -0.28446 -0.257809 -0.181778 -0.0482473 0.153696 0.435795 0.811689 1.29569 1.85472 2.43679 3.10135 3.87953 4.81713 5.98231 7.05243 8.05396 9.42558 11.2384 13.6258 16.9957 19.2137 19.1449 19.2137 16.9957 13.6258 11.2384 9.42558 8.05396 7.05243 5.98231 4.81713 3.87953 3.10135 2.43679 1.85472 1.29569 0.811689 0.435795 0.153696 -0.0482473 -0.181778 -0.257809 -0.28446 -0.268291 -0.213444 -0.123127 -0 
-0 -0.10508 -0.180486 -0.221969 -0.225875 -0.187179 -0.0999254 0.0435299 0.252736 0.53759 0.909459 1.38046 1.91985 2.48487 3.13241 3.89151 4.80409 5.93111 6.91734 7.75567 8.88486 10.3472 12.2376 14.8704 16.5575 16.488 16.5575 14.8704 12.2376 10.3472 8.88486 7.75567 6.91734 5.93111 4.80409 3.89151 3.13241 2.48487 1.91985 1.38046 0.909459 0.53759 0.252736 0.0435299 -0.0999254 -0.187179 -0.225875 -0.221969 -0.180486 -0.10508 -0 
-0 -0.0859435 -0.144889 -0.171584 -0.162052 -0.111022 -0.0126989 0.139817 0.354249 0.638551 1.00236 1.45584 1.97092 2.51323 3.13558 3.86388 4.7352 5.80247 6.68527 7.35341 8.24532 9.38442 10.838 12.8434 14.097 14.0338 14.097 12.8434 10.838 9.38442 8.24532 7.35341 6.68527 5.80247 4.7352 3.86388 3.13558 2.51323 1.97092 1.45584 1.00236 0.638551 0.354249 0.139817 -0.0126989 -0.111022 -0.162052 -0.171584 -0.144889 -0.0859435 -0 
-0 -0.0659498 -0.107102 -0.118102 -0.0943031 -0.0307424 0.0780019 0.237792 0.454667 0.734674 1.0856 1.51626 2.00154 2.51418 3.10167 3.78643 4.59992 5.58773 6.35381 6.85501 7.52669 8.37982 9.46158 10.9454 11.8514 11.7981 11.8514 10.9454 9.46158 8.37982 7.52669 6.85501 6.35381 5.58773 4.59992 3.78643 3.10167 2.51418 2.00154 1.51626 1.0856 0.734674 0.454667 0.237792 0.0780019 -0.0307424 -0.0943031 -0.118102 -0.107102 -0.0659498 -0 
-0 -0.0454135 -0.068111 -0.0627608 -0.0243807 0.0513513 0.169121 0.333793 0.549836 0.821285 1.15403 1.55577 2.00496 2.48028 3.02281 3.65154 4.39296 5.28569 5.92926 6.27615 6.75316 7.36326 8.13763 9.19794 9.83131 9.78905 9.83131 9.19794 8.13763 7.36326 6.75316 6.27615 5.92926 5.28569 4.39296 3.65154 3.02281 2.48028 2.00496 1.55577 1.15403 0.821285 0.549836 0.333793 0.169121 0.0513513 -0.0243807 -0.0627608 -0.068111 -0.0454135 -0 
-0 -0.0249129 -0.0290105 -0.00707864 0.0453661 0.132299 0.257312 0.423934 0.635198 0.893183 1.20213 1.56867 1.97508 2.40543 2.89386 3.45605 4.11438 4.90227 5.42496 5.63749 5.95056 6.36165 6.8895 7.61453 8.03875 8.00717 8.03875 7.61453 6.8895 6.36165 5.95056 5.63749 5.42496 4.90227 4.11438 3.45605 2.89386 2.40543 1.97508 1.56867 1.20213 0.893183 0.635198 0.423934 0.257312 0.132299 0.0453661 -0.00707864 -0.0290105 -0.0249129 -0 
-0 -0.00502672 0.00899815 0.0469047 0.112512 0.209058 0.339102 0.504487 0.706567 0.945895 1.22515 1.55006 1.90731 2.28558 2.71233 3.20074 3.76982 4.44836 4.85829 4.96107 5.14298 5.39762 5.73396 6.20096 6.46919 6.44708 6.46919 6.20096 5.73396 5.39762 5.14298 4.96107 4.85829 4.44836 3.76982 3.20074 2.71233 2.28558 1.90731 1.55006 1.22515 0.945895 0.706567 0.504487 0.339102 0.209058 0.112512 0.0469047 0.00899815 -0.00502672 -0 
-0 0.0135131 0.0444729 0.0970602 0.174485 0.278852 0.411403 0.57231 0.760989 0.976236 1.2196 1.49623 1.79795 2.11777 2.47716 2.88755 3.36555 3.9361 4.2465 4.26718 4.35107 4.48893 4.68244 4.95769 5.11327 5.09895 5.11327 4.95769 4.68244 4.48893 4.35107 4.26718 4.2465 3.9361 3.36555 2.88755 2.47716 2.11777 1.79795 1.49623 1.2196 0.976236 0.760989 0.57231 0.411403 0.278852 0.174485 0.0970602 0.0444729 0.0135131 -0 
-0 0.0297683 0.0755994 0.141146 0.228871 0.339724 0.47312 0.627136 0.79876 0.984213 1.18363 1.40335 1.64151 1.89563 2.18229 2.51246 2.90111 3.37001 3.6016 3.57293 3.59316 3.65129 3.74449 3.88379 3.96154 3.95313 3.96154 3.88379 3.74449 3.65129 3.59316 3.57293 3.6016 3.37001 2.90111 2.51246 2.18229 1.89563 1.64151 1.40335 1.18363 0.984213 0.79876 0.627136 0.47312 0.339724 0.228871 0.141146 0.0755994 0.0297683 -0 
-0 0.0423226 0.0999084 0.176432 0.273842 0.391943 0.527994 0.676439 0.829169 0.97587 1.11135 1.2567 1.41665 1.59164 1.79442 2.03765 2.33971 2.72786 2.94626 2.91345 2.90392 2.91367 2.94088 2.98881 3.01527 3.0108 3.01527 2.98881 2.94088 2.91367 2.90392 2.91345 2.94626 2.72786 2.33971 2.03765 1.79442 1.59164 1.41665 1.2567 1.11135 0.97587 0.829169 0.676439 0.527994 0.391943 0.273842 0.176432 0.0999084 0.0423226 -0 
-0 0.0462059 0.106511 0.184051 0.280003 0.39337 0.520811 0.656455 0.792567 0.918201 1.01389 1.10266 1.20139 1.30853 1.42547 1.55371 1.69404 1.84569 2.00519 2.11302 2.18598 2.23605 2.27088 2.2949 2.30989 2.31455 2.30989 2.2949 2.27088 2.23605 2.18598 2.11302 2.00519 1.84569 1.69404 1.55371 1.42547 1.30853 1.20139 1.10266 1.01389 0.918201 0.792567 0.656455 0.520811 0.39337 0.280003 0.184051 0.106511 0.0462059 -0 
