-0.02 -0.0195706 -0.0191563 -0.0187253 -0.0182667 -0.0177813 -0.0172772 -0.0167685 -0.016277 -0.0158422 -0.0155697 -0.0161143 -0.0143088 -0.0131697 -0.0121378 -0.0110935 -0.0100021 -0.0088588 -0.0076824 -0.0064874 -0.0052727 -0.0040341 -0.0027688 -0.0015025 -0.0008566 6.46612e-19 0.0008566 0.0015025 0.0027688 0.0040341 0.0052727 0.0064874 0.0076824 0.0088588 0.0100021 0.0110935 0.0121378 0.0131697 0.0143088 0.0161143 0.0155697 0.0158422 0.016277 0.0167685 0.0172772 0.0177813 0.0182667 0.0187253 0.0191563 0.0195706 0.02 
-0.0215 -0.0210409 -0.0205972 -0.0201351 -0.0196432 -0.0191219 -0.01858 -0.0180322 -0.017502 -0.0170314 -0.016731 -0.0171652 -0.0153432 -0.0141265 -0.0130139 -0.0118864 -0.0107085 -0.0094767 -0.008214 -0.00692995 -0.005623 -0.00428955 -0.00293075 -0.00159845 -0.00090495 7.47545e-19 0.00090495 0.00159845 0.00293075 0.00428955 0.005623 0.00692995 0.008214 0.0094767 0.0107085 0.0118864 0.0130139 0.0141265 0.0153432 0.0171652 0.016731 0.0170314 0.017502 0.0180322 0.01858 0.0191219 0.0196432 0.0201351 0.0205972 0.0210409 0.0215 
-0.024725 -0.0242028 -0.0236963 -0.0231681 -0.0226049 -0.0220068 -0.0213835 -0.0207516 -0.0201374 -0.0195879 -0.0192191 -0.019414 -0.0175555 -0.0161746 -0.0148883 -0.0135808 -0.0122162 -0.0107941 -0.0093469 -0.0078718 -0.0063665 -0.00482995 -0.00327385 -0.001804 -0.0010067 9.81424e-19 0.0010067 0.001804 0.00327385 0.00482995 0.0063665 0.0078718 0.0093469 0.0107941 0.0122162 0.0135808 0.0148883 0.0161746 0.0175555 0.019414 0.0192191 0.0195879 0.0201374 0.0207516 0.0213835 0.0220068 0.0226049 0.0231681 0.0236963 0.0242028 0.024725 
-0.0284337 -0.0278409 -0.0272637 -0.0266608 -0.0260165 -0.0253308 -0.024614 -0.0238848 -0.023172 -0.0225267 -0.0220608 -0.0219812 -0.0200749 -0.0185102 -0.0170234 -0.0155065 -0.0139256 -0.0122851 -0.0106282 -0.0089343 -0.00720155 -0.0054336 -0.00365945 -0.0020401 -0.00111995 1.27481e-18 0.00111995 0.0020401 0.00365945 0.0054336 0.00720155 0.0089343 0.0106282 0.0122851 0.0139256 0.0155065 0.0170234 0.0185102 0.0200749 0.0219812 0.0220608 0.0225267 0.023172 0.0238848 0.024614 0.0253308 0.0260165 0.0266608 0.0272637 0.0278409 0.0284337 
-0.032699 -0.0320274 -0.0313706 -0.0306837 -0.0299478 -0.029162 -0.0283384 -0.0274962 -0.0266671 -0.0259045 -0.0253055 -0.0249188 -0.0229439 -0.0211728 -0.0194547 -0.0176949 -0.0158634 -0.0139723 -0.0120774 -0.0101333 -0.00814085 -0.00611095 -0.00409755 -0.00231415 -0.001248 1.63702e-18 0.001248 0.00231415 0.00409755 0.00611095 0.00814085 0.0101333 0.0120774 0.0139723 0.0158634 0.0176949 0.0194547 0.0211728 0.0229439 0.0249188 0.0253055 0.0259045 0.0266671 0.0274962 0.0283384 0.029162 0.0299478 0.0306837 0.0313706 0.0320274 0.032699 
-0.0376037 -0.0368447 -0.0361002 -0.0353181 -0.0344788 -0.0335803 -0.0326335 -0.0316605 -0.0306945 -0.0297873 -0.0290126 -0.0282875 -0.0262117 -0.0242075 -0.0222221 -0.0201805 -0.01806 -0.0158825 -0.0137188 -0.0114896 -0.0092006 -0.00687655 -0.004602 -0.0026361 -0.00139595 2.08133e-18 0.00139595 0.0026361 0.004602 0.00687655 0.0092006 0.0114896 0.0137188 0.0158825 0.01806 0.0201805 0.0222221 0.0242075 0.0262117 0.0282875 0.0290126 0.0297873 0.0306945 0.0316605 0.0326335 0.0335803 0.0344788 0.0353181 0.0361002 0.0368447 0.0376037 
-0.043244 -0.0423895 -0.041547 -0.0406595 -0.039704 -0.038678 -0.0375905 -0.036466 -0.0353375 -0.0342515 -0.033251 -0.032159 -0.0299385 -0.0276675 -0.025374 -0.023006 -0.020552 -0.018048 -0.0155805 -0.013027 -0.0104032 -0.0077508 -0.00519165 -0.0030193 -0.00157155 2.6899e-18 0.00157155 0.0030193 0.00519165 0.0077508 0.0104032 0.013027 0.0155805 0.018048 0.020552 0.023006 0.025374 0.0276675 0.0299385 0.032159 0.033251 0.0342515 0.0353375 0.036466 0.0375905 0.038678 0.039704 0.0406595 0.041547 0.0423895 0.043244 
-0.0497305 -0.0487725 -0.0478215 -0.046818 -0.0457335 -0.0445625 -0.0433155 -0.042015 -0.040693 -0.039388 -0.038106 -0.0366165 -0.034197 -0.031618 -0.028968 -0.0262225 -0.0233855 -0.020511 -0.0176995 -0.0147795 -0.0117788 -0.00876265 -0.00589235 -0.00348145 -0.00178515 3.46552e-18 0.00178515 0.00348145 0.00589235 0.00876265 0.0117788 0.0147795 0.0176995 0.020511 0.0233855 0.0262225 0.028968 0.031618 0.034197 0.0366165 0.038106 0.039388 0.040693 0.042015 0.0433155 0.0445625 0.0457335 0.046818 0.0478215 0.0487725 0.0497305 
-0.0571905 -0.0561205 -0.0550525 -0.053921 -0.052694 -0.051361 -0.0499325 -0.048428 -0.046877 -0.045305 -0.043682 -0.041761 -0.039075 -0.036137 -0.0330735 -0.029892 -0.0266175 -0.023323 -0.0201255 -0.016793 -0.0133695 -0.00995255 -0.00673895 -0.00404585 -0.0020505 4.5296e-18 0.0020505 0.00404585 0.00673895 0.00995255 0.0133695 0.016793 0.0201255 0.023323 0.0266175 0.029892 0.0330735 0.036137 0.039075 0.041761 0.043682 0.045305 0.046877 0.048428 0.0499325 0.051361 0.052694 0.053921 0.0550525 0.0561205 0.0571905 
-0.065769 -0.0645815 -0.063388 -0.0621185 -0.0607345 -0.059223 -0.057589 -0.05585 -0.054028 -0.052133 -0.0501055 -0.047713 -0.044682 -0.041322 -0.037781 -0.0340975 -0.030323 -0.026553 -0.0229235 -0.0191285 -0.015236 -0.0113754 -0.00777715 -0.0047432 -0.00238535 5.93135e-18 0.00238535 0.0047432 0.00777715 0.0113754 0.015236 0.0191285 0.0229235 0.026553 0.030323 0.0340975 0.037781 0.041322 0.044682 0.047713 0.0501055 0.052133 0.054028 0.05585 0.057589 0.059223 0.0607345 0.0621185 0.063388 0.0645815 0.065769 
-0.075634 -0.074325 -0.073 -0.071584 -0.0700315 -0.068324 -0.06646 -0.0644515 -0.062312 -0.0600325 -0.057535 -0.05462 -0.0511555 -0.047298 -0.0432045 -0.038946 -0.034602 -0.0302975 -0.0261845 -0.0218735 -0.01746 -0.013107 -0.00906685 -0.0056135 -0.0028116 7.67065e-18 0.0028116 0.0056135 0.00906685 0.013107 0.01746 0.0218735 0.0261845 0.0302975 0.034602 0.038946 0.0432045 0.047298 0.0511555 0.05462 0.057535 0.0600325 0.062312 0.0644515 0.06646 0.068324 0.0700315 0.071584 0.073 0.074325 0.075634 
-0.0869795 -0.085548 -0.0840895 -0.0825215 -0.080791 -0.078871 -0.076753 -0.074439 -0.0719305 -0.0692025 -0.066166 -0.0626685 -0.0586725 -0.0542285 -0.049496 -0.0445785 -0.039591 -0.0346855 -0.030034 -0.02515 -0.020156 -0.015247 -0.0106862 -0.0067087 -0.0033563 9.7962e-18 0.0033563 0.0067087 0.0106862 0.015247 0.020156 0.02515 0.030034 0.0346855 0.039591 0.0445785 0.049496 0.0542285 0.0586725 0.0626685 0.066166 0.0692025 0.0719305 0.074439 0.076753 0.078871 0.080791 0.0825215 0.0840895 0.085548 0.0869795 
-0.100027 -0.0984795 -0.09689 -0.0951695 -0.0932565 -0.0911125 -0.0887185 -0.086064 -0.0831345 -0.0798925 -0.076247 -0.072096 -0.067462 -0.0623295 -0.0568605 -0.051192 -0.045477 -0.039897 -0.0346475 -0.029124 -0.023478 -0.017928 -0.0127351 -0.0080965 -0.0040536 1.26874e-17 0.0040536 0.0080965 0.0127351 0.017928 0.023478 0.029124 0.0346475 0.039897 0.045477 0.051192 0.0568605 0.0623295 0.067462 0.072096 0.076247 0.0798925 0.0831345 0.086064 0.0887185 0.0911125 0.0932565 0.0951695 0.09689 0.0984795 0.100027 
-0.11503 -0.113382 -0.111674 -0.109809 -0.107718 -0.105346 -0.10266 -0.0996335 -0.096237 -0.092418 -0.088095 -0.0832095 -0.077824 -0.0718905 -0.065577 -0.0590565 -0.05252 -0.0461845 -0.0402685 -0.0340245 -0.027632 -0.021324 -0.015346 -0.0098658 -0.0049474 1.80975e-17 0.0049474 0.0098658 0.015346 0.021324 0.027632 0.0340245 0.0402685 0.0461845 0.05252 0.0590565 0.065577 0.0718905 0.077824 0.0832095 0.088095 0.092418 0.096237 0.0996335 0.10266 0.105346 0.107718 0.109809 0.111674 0.113382 0.11503 
-0.132285 -0.130563 -0.12876 -0.126773 -0.124518 -0.121928 -0.118948 -0.115531 -0.11163 -0.107183 -0.102119 -0.096415 -0.0901615 -0.0833065 -0.076031 -0.0685455 -0.061084 -0.053899 -0.0472315 -0.0401655 -0.032897 -0.0256635 -0.0186935 -0.0121354 -0.00609605 2.38272e-17 0.00609605 0.0121354 0.0186935 0.0256635 0.032897 0.0401655 0.0472315 0.053899 0.061084 0.0685455 0.076031 0.0833065 0.0901615 0.096415 0.102119 0.107183 0.11163 0.115531 0.118948 0.121928 0.124518 0.126773 0.12876 0.130563 0.132285 
-0.152128 -0.150379 -0.148521 -0.146453 -0.144075 -0.141295 -0.138038 -0.134235 -0.129817 -0.124712 -0.118856 -0.112255 -0.10502 -0.0971175 -0.088755 -0.0801815 -0.0716765 -0.0635275 -0.055999 -0.0479705 -0.0396455 -0.031256 -0.0230135 -0.0150667 -0.0075798 2.98348e-17 0.0075798 0.0150667 0.0230135 0.031256 0.0396455 0.0479705 0.055999 0.0635275 0.0716765 0.0801815 0.088755 0.0971175 0.10502 0.112255 0.118856 0.124712 0.129817 0.134235 0.138038 0.141295 0.144075 0.146453 0.148521 0.150379 0.152128 
-0.174946 -0.173246 -0.171401 -0.169318 -0.16688 -0.163977 -0.160501 -0.156353 -0.151441 -0.145682 -0.139016 -0.131458 -0.12314 -0.114073 -0.104493 -0.0946945 -0.085004 -0.0757455 -0.067209 -0.0580215 -0.048386 -0.038523 -0.0286345 -0.0188865 -0.00951165 4.1709e-17 0.00951165 0.0188865 0.0286345 0.038523 0.048386 0.0580215 0.067209 0.0757455 0.085004 0.0946945 0.104493 0.114073 0.12314 0.131458 0.139016 0.145682 0.151441 0.156353 0.160501 0.163977 0.16688 0.169318 0.171401 0.173246 0.174946 
-0.20119 -0.19964 -0.19792 -0.19593 -0.193545 -0.19063 -0.187042 -0.18266 -0.177346 -0.171001 -0.163552 -0.155024 -0.145556 -0.135219 -0.124289 -0.113113 -0.102061 -0.091501 -0.0817515 -0.07113 -0.05983 -0.0480605 -0.036024 -0.0239205 -0.0120544 5.0903e-17 0.0120544 0.0239205 0.036024 0.0480605 0.05983 0.07113 0.0817515 0.091501 0.102061 0.113113 0.124289 0.135219 0.145556 0.155024 0.163552 0.171001 0.177346 0.18266 0.187042 0.19063 0.193545 0.19593 0.19792 0.19964 0.20119 
-0.23137 -0.230125 -0.22869 -0.22696 -0.224805 -0.222065 -0.218575 -0.21415 -0.208635 -0.201875 -0.19377 -0.184336 -0.173704 -0.162031 -0.149631 -0.136901 -0.12427 -0.11215 -0.1009 -0.0884605 -0.075006 -0.060738 -0.0458695 -0.030646 -0.0154492 7.3176e-17 0.0154492 0.030646 0.0458695 0.060738 0.075006 0.0884605 0.1009 0.11215 0.12427 0.136901 0.149631 0.162031 0.173704 0.184336 0.19377 0.201875 0.208635 0.21415 0.218575 0.222065 0.224805 0.22696 0.22869 0.230125 0.23137 
-0.26607 -0.265365 -0.264435 -0.263215 -0.26156 -0.25931 -0.256245 -0.252135 -0.24677 -0.239945 -0.231485 -0.22136 -0.20967 -0.19667 -0.182709 -0.168232 -0.153729 -0.139692 -0.126543 -0.111748 -0.095458 -0.077868 -0.059213 -0.0397935 -0.0200645 8.58075e-17 0.0200645 0.0397935 0.059213 0.077868 0.095458 0.111748 0.126543 0.139692 0.153729 0.168232 0.182709 0.19667 0.20967 0.22136 0.231485 0.239945 0.24677 0.252135 0.256245 0.25931 0.26156 0.263215 0.264435 0.265365 0.26607 
-0.30598 -0.306105 -0.30601 -0.30565 -0.30492 -0.30362 -0.301515 -0.298335 -0.293765 -0.28752 -0.27931 -0.268985 -0.256585 -0.24242 -0.22687 -0.210435 -0.193697 -0.177247 -0.161624 -0.143706 -0.123604 -0.101511 -0.077692 -0.052509 -0.026477 6.0273e-17 0.026477 0.052509 0.077692 0.101511 0.123604 0.143706 0.161624 0.177247 0.193697 0.210435 0.22687 0.24242 0.256585 0.268985 0.27931 0.28752 0.293765 0.298335 0.301515 0.30362 0.30492 0.30565 0.30601 0.306105 0.30598 
-0.35188 -0.353215 -0.354385 -0.355395 -0.35618 -0.356555 -0.35628 -0.355025 -0.352395 -0.347935 -0.34118 -0.331735 -0.319445 -0.30463 -0.287655 -0.26908 -0.24961 -0.230018 -0.211054 -0.18883 -0.163419 -0.135024 -0.103958 -0.0706395 -0.0356155 1.11479e-16 0.0356155 0.0706395 0.103958 0.135024 0.163419 0.18883 0.211054 0.230018 0.24961 0.26908 0.287655 0.30463 0.319445 0.331735 0.34118 0.347935 0.352395 0.355025 0.35628 0.356555 0.35618 0.355395 0.354385 0.353215 0.35188 
-0.404665 -0.407675 -0.41065 -0.41371 -0.416855 -0.419995 -0.422925 -0.425305 -0.42667 -0.42638 -0.423615 -0.417455 -0.407225 -0.393125 -0.375375 -0.354575 -0.331615 -0.3076 -0.28371 -0.25504 -0.221691 -0.183968 -0.142282 -0.0971075 -0.0489275 -1.50751e-18 0.0489275 0.0971075 0.142282 0.183968 0.221691 0.25504 0.28371 0.3076 0.331615 0.354575 0.375375 0.393125 0.407225 0.417455 0.423615 0.42638 0.42667 0.425305 0.422925 0.419995 0.416855 0.41371 0.41065 0.407675 0.404665 
-0.465365 -0.470545 -0.47596 -0.481895 -0.488555 -0.496055 -0.50441 -0.51347 -0.52287 -0.53194 -0.53936 -0.54242 -0.539155 -0.52929 -0.51272 -0.489915 -0.4619 -0.430275 -0.39713 -0.356515 -0.309264 -0.256236 -0.198129 -0.135368 -0.0680095 -6.68785e-17 0.0680095 0.135368 0.198129 0.256236 0.309264 0.356515 0.39713 0.430275 0.4619 0.489915 0.51272 0.52929 0.539155 0.54242 0.53936 0.53194 0.52287 0.51347 0.50441 0.496055 0.488555 0.481895 0.47596 0.470545 0.465365 
-0.535165 -0.542885 -0.551285 -0.56097 -0.57258 -0.58681 -0.604405 -0.626215 -0.653185 -0.686395 -0.724885 -0.75328 -0.76883 -0.772285 -0.763275 -0.740835 -0.70353 -0.649675 -0.577565 -0.502655 -0.42557 -0.346409 -0.264779 -0.179745 -0.089543 -2.27997e-16 0.089543 0.179745 0.264779 0.346409 0.42557 0.502655 0.577565 0.649675 0.70353 0.740835 0.763275 0.772285 0.76883 0.75328 0.724885 0.686395 0.653185 0.626215 0.604405 0.58681 0.57258 0.56097 0.551285 0.542885 0.535165 
-0.5725 -0.58155 -0.59155 -0.60332 -0.6178 -0.6361 -0.65954 -0.68978 -0.72895 -0.77982 -0.84206 -0.88904 -0.91816 -0.93155 -0.92878 -0.90759 -0.86408 -0.79297 -0.68816 -0.58697 -0.48913 -0.39351 -0.298415 -0.201623 -0.099912 -5.05079e-16 0.099912 0.201623 0.298415 0.39351 0.48913 0.58697 0.68816 0.79297 0.86408 0.90759 0.92878 0.93155 0.91816 0.88904 0.84206 0.77982 0.72895 0.68978 0.65954 0.6361 0.6178 0.60332 0.59155 0.58155 0.5725 
