0 0 0 0 0 0 0 0 0 0 2.36596e-09 -0.00748915 -0.0139703 -0.0119915 -0.0099953 -0.0078247 -0.00539265 -0.00270115 0.000162501 0.00304995 0.005789 0.0082259 0.0102627 0.0118803 0.013144 0.0137006 0.013144 0.0118803 0.0102627 0.0082259 0.005789 0.00304995 0.000162501 -0.00270115 -0.00539265 -0.0078247 -0.0099953 -0.0119915 -0.0139703 -0.00748915 2.36596e-09 0 0 0 0 0 0 0 0 0 0 
0.000429399 0.00042185 0.00042265 0.0004448 0.000472 0.00049475 0.0005064 0.0005001 0.00046315 0.00035365 -0.00013605 -0.0068587 -0.0124979 -0.010906 -0.0089572 -0.00675685 -0.0042753 -0.0015413 0.0013482 0.0042548 0.00701565 0.00947785 0.0115285 0.0128364 0.0138952 0.0145572 0.0138952 0.0128364 0.0115285 0.00947785 0.00701565 0.0042548 0.0013482 -0.0015413 -0.0042753 -0.00675685 -0.0089572 -0.010906 -0.0124979 -0.0068587 -0.00013605 0.00035365 0.00046315 0.0005001 0.0005064 0.00049475 0.000472 0.0004448 0.00042265 0.00042185 0.000429399 
0.000918202 0.00090285 0.000905799 0.000954 0.0010132 0.0010632 0.0010897 0.00107795 0.00100075 0.000770951 -0.000133751 -0.00610125 -0.0109315 -0.00966225 -0.0077552 -0.0055193 -0.00298295 -0.000206649 0.00270925 0.00564095 0.0084294 0.0109181 0.0129538 0.0139062 0.0147424 0.0155105 0.0147424 0.0139062 0.0129538 0.0109181 0.0084294 0.00564095 0.00270925 -0.000206649 -0.00298295 -0.0055193 -0.0077552 -0.00966225 -0.0109315 -0.00610125 -0.000133751 0.000770951 0.00100075 0.00107795 0.0010897 0.0010632 0.0010132 0.000954 0.000905799 0.00090285 0.000918202 
0.0014738 0.00145055 0.0014573 0.0015362 0.0016333 0.00171615 0.00176165 0.0017462 0.00162685 0.0012719 3.78005e-05 -0.0051951 -0.00925855 -0.00823875 -0.00636335 -0.0040847 -0.0014886 0.00132795 0.0042705 0.0072352 0.0100575 0.0125705 0.0145545 0.0151036 0.0156993 0.0165706 0.0156993 0.0151036 0.0145545 0.0125705 0.0100575 0.0072352 0.0042705 0.00132795 -0.0014886 -0.0040847 -0.00636335 -0.00823875 -0.00925855 -0.0051951 3.78005e-05 0.0012719 0.00162685 0.0017462 0.00176165 0.00171615 0.0016333 0.0015362 0.0014573 0.00145055 0.0014738 
0.002104 0.00207295 0.00208585 0.00220115 0.00234315 0.00246565 0.0025358 0.00251995 0.0023588 0.00188215 0.0004117 -0.00411535 -0.00746055 -0.0066107 -0.0047515 -0.00242155 0.000238497 0.0030908 0.00606005 0.0090676 0.0119301 0.0144603 0.0163473 0.0164457 0.0167826 0.0177504 0.0167826 0.0164457 0.0163473 0.0144603 0.0119301 0.0090676 0.00606005 0.0030908 0.000238497 -0.00242155 -0.0047515 -0.0066107 -0.00746055 -0.00411535 0.0004117 0.00188215 0.0023588 0.00251995 0.0025358 0.00246565 0.00234315 0.00220115 0.00208585 0.00207295 0.002104 
0.002817 0.002779 0.00280099 0.002959 0.003155 0.0033255 0.0034275 0.0034175 0.0032185 0.0026335 0.0010235 -0.0028335 -0.0055125 -0.0047495 -0.0028855 -0.000493497 0.002234 0.005114 0.0081095 0.0111718 0.0140799 0.0166138 0.0183512 0.0179531 0.0180134 0.0190666 0.0180134 0.0179531 0.0183512 0.0166138 0.0140799 0.0111718 0.0081095 0.005114 0.002234 -0.000493497 -0.0028855 -0.0047495 -0.0055125 -0.0028335 0.0010235 0.0026335 0.0032185 0.0034175 0.0034275 0.0033255 0.003155 0.002959 0.00280099 0.002779 0.002817 
0.003622 0.00357649 0.0036125 0.00382251 0.004081 0.004311 0.0044555 0.004459 0.004232 0.003564 0.0019115 -0.0013145 -0.0033805 -0.002621 -0.000724502 0.0017405 0.0045365 0.007432 0.010453 0.0135858 0.0165431 0.0190588 0.0205877 0.0196517 0.0194186 0.0205423 0.0194186 0.0196517 0.0205877 0.0190588 0.0165431 0.0135858 0.010453 0.007432 0.0045365 0.0017405 -0.000724502 -0.002621 -0.0033805 -0.0013145 0.0019115 0.003564 0.004232 0.004459 0.0044555 0.004311 0.004081 0.00382251 0.0036125 0.00357649 0.003622 
0.004526 0.004476 0.004531 0.004802 0.0051365 0.005439 0.0056395 0.0056705 0.005433 0.00472 0.003116 0.000478998 -0.001021 -0.000184998 0.001776 0.0043285 0.007192 0.0100855 0.0131305 0.016349 0.0193561 0.0218254 0.0230827 0.0215733 0.0210327 0.0222097 0.0210327 0.0215733 0.0230827 0.0218254 0.0193561 0.016349 0.0131305 0.0100855 0.007192 0.0043285 0.001776 -0.000184998 -0.001021 0.000478998 0.003116 0.00472 0.005433 0.0056705 0.0056395 0.005439 0.0051365 0.004802 0.004531 0.004476 0.004526 
0.00553802 0.0054855 0.005567 0.0059105 0.0063365 0.006729 0.00700299 0.0070815 0.006859 0.006151 0.004683 0.0025945 0.00161801 0.002608 0.004671 0.007323 0.010248 0.013118 0.0161845 0.0195065 0.0225599 0.0249453 0.0258689 0.0237589 0.0229001 0.0241126 0.0229001 0.0237589 0.0258689 0.0249453 0.0225599 0.0195065 0.0161845 0.013118 0.010248 0.007323 0.004671 0.002608 0.00161801 0.0025945 0.004683 0.006151 0.006859 0.0070815 0.00700299 0.006729 0.0063365 0.0059105 0.005567 0.0054855 0.00553802 
0.006666 0.006614 0.0067305 0.0071605 0.00769649 0.0082005 0.0085725 0.008726 0.00855599 0.00791501 0.00666 0.005086 0.00460301 0.0058165 0.008021 0.0107845 0.013761 0.0165775 0.0196605 0.023105 0.0261965 0.028456 0.0289894 0.0262617 0.0250785 0.0263107 0.0250785 0.0262617 0.0289894 0.028456 0.0261965 0.023105 0.0196605 0.0165775 0.013761 0.0107845 0.008021 0.0058165 0.00460301 0.005086 0.00666 0.00791501 0.00855599 0.008726 0.0085725 0.0082005 0.00769649 0.0071605 0.0067305 0.006614 0.006666 
0.00791299 0.00786649 0.00803 0.00856401 0.009232 0.00987449 0.010376 0.0106425 0.010576 0.0100735 0.009103 0.008018 0.008009 0.00950901 0.0118955 0.014781 0.0177925 0.0205175 0.023609 0.027194 0.030313 0.0324042 0.0325012 0.0291507 0.0276433 0.0288833 0.0276433 0.0291507 0.0325012 0.0324042 0.030313 0.027194 0.023609 0.0205175 0.0177925 0.014781 0.0118955 0.00950901 0.008009 0.008018 0.009103 0.0100735 0.010576 0.0106425 0.010376 0.00987449 0.009232 0.00856401 0.00803 0.00786649 0.00791299 
0.00928399 0.009248 0.00947151 0.010129 0.0109565 0.011772 0.012445 0.012874 0.012975 0.012692 0.0120725 0.0114655 0.011925 0.0137675 0.016373 0.019387 0.0224095 0.024995 0.0280845 0.0318295 0.034963 0.0368491 0.036483 0.032517 0.0306921 0.0319339 0.0306921 0.032517 0.036483 0.0368491 0.034963 0.0318295 0.0280845 0.024995 0.0224095 0.019387 0.016373 0.0137675 0.011925 0.0114655 0.0120725 0.012692 0.012975 0.012874 0.012445 0.011772 0.0109565 0.010129 0.00947151 0.009248 0.00928399 
0.010776 0.0107565 0.0110565 0.0118625 0.0128825 0.0139125 0.014808 0.015465 0.0158125 0.015838 0.015637 0.0155115 0.016449 0.0186855 0.0215455 0.024686 0.0276855 0.0300745 0.0331445 0.037072 0.040216 0.041874 0.0410395 0.0364805 0.034352 0.0355959 0.034352 0.0364805 0.0410395 0.041874 0.040216 0.037072 0.0331445 0.0300745 0.0276855 0.024686 0.0215455 0.0186855 0.016449 0.0155115 0.015637 0.015838 0.0158125 0.015465 0.014808 0.0139125 0.0128825 0.0118625 0.0110565 0.0107565 0.010776 
0.012378 0.0123845 0.0127815 0.0137625 0.0150135 0.01631 0.0174935 0.018458 0.0191465 0.0195795 0.019869 0.0202505 0.0216915 0.024369 0.0275105 0.0307705 0.0337045 0.0358245 0.0388575 0.042999 0.046159 0.047592 0.0463144 0.0411984 0.0387885 0.0400411 0.0387885 0.0411984 0.0463144 0.047592 0.046159 0.042999 0.0388575 0.0358245 0.0337045 0.0307705 0.0275105 0.024369 0.0216915 0.0202505 0.019869 0.0195795 0.0191465 0.018458 0.0174935 0.01631 0.0150135 0.0137625 0.0127815 0.0123845 0.012378 
0.014072 0.0141135 0.0146295 0.0158185 0.0173465 0.01897 0.02052 0.021888 0.023028 0.02398 0.0248455 0.0257825 0.027768 0.0309325 0.0343795 0.037743 0.0405575 0.042326 0.0453045 0.0497085 0.0529165 0.05416 0.0524977 0.0468791 0.0442178 0.0454907 0.0442178 0.0468791 0.0524977 0.05416 0.0529165 0.0497085 0.0453045 0.042326 0.0405575 0.037743 0.0343795 0.0309325 0.027768 0.0257825 0.0248455 0.02398 0.023028 0.021888 0.02052 0.01897 0.0173465 0.0158185 0.0146295 0.0141135 0.014072 
0.015821 0.01591 0.016572 0.018004 0.0198585 0.0218805 0.0238905 0.0257755 0.027494 0.0290905 0.0306375 0.032208 0.0348 0.0384995 0.0422715 0.0457175 0.048351 0.049677 0.052591 0.0573335 0.060661 0.0617955 0.0598425 0.0537959 0.050924 0.0522332 0.050924 0.0537959 0.0598425 0.0617955 0.060661 0.0573335 0.052591 0.049677 0.048351 0.0457175 0.0422715 0.0384995 0.0348 0.032208 0.0306375 0.0290905 0.027494 0.0257755 0.0238905 0.0218805 0.0198585 0.018004 0.016572 0.01591 0.015821 
0.01757 0.01772 0.018555 0.020265 0.022505 0.025007 0.02758 0.0301095 0.0325515 0.034941 0.0373025 0.0396185 0.042905 0.047197 0.0513155 0.0548215 0.0572115 0.0580035 0.0608615 0.066062 0.069631 0.070792 0.068687 0.0623129 0.0592845 0.0606503 0.0592845 0.0623129 0.068687 0.070792 0.069631 0.066062 0.0608615 0.0580035 0.0572115 0.0548215 0.0513155 0.047197 0.042905 0.0396185 0.0373025 0.034941 0.0325515 0.0301095 0.02758 0.025007 0.022505 0.020265 0.018555 0.01772 0.01757 
0.01922 0.019455 0.0205 0.022525 0.0252 0.02826 0.0315149 0.034835 0.038165 0.041515 0.044861 0.048084 0.0521855 0.057147 0.0616495 0.0652065 0.0673 0.067472 0.070315 0.0761565 0.0801595 0.081547 0.079479 0.0729188 0.0698105 0.0712565 0.0698105 0.0729188 0.079479 0.081547 0.0801595 0.0761565 0.070315 0.067472 0.0673 0.0652065 0.0616495 0.057147 0.0521855 0.048084 0.044861 0.041515 0.038165 0.034835 0.0315149 0.02826 0.0252 0.022525 0.0205 0.019455 0.01922 
0.0206699 0.02099 0.022265 0.02464 0.027805 0.03151 0.03555 0.039805 0.04421 0.048735 0.05328 0.057615 0.06271 0.068464 0.073422 0.0770495 0.078823 0.078313 0.0812325 0.0879835 0.0927005 0.094598 0.092827 0.0862825 0.083205 0.0847591 0.083205 0.0862825 0.092827 0.094598 0.0927005 0.0879835 0.0812325 0.078313 0.078823 0.0770495 0.073422 0.068464 0.06271 0.057615 0.05328 0.048735 0.04421 0.039805 0.03555 0.03151 0.027805 0.02464 0.022265 0.02099 0.0206699 
0.02171 0.022135 0.023665 0.02641 0.030095 0.03449 0.03943 0.044775 0.05044 0.05638 0.0624 0.06815 0.07449 0.08122 0.08678 0.090567 0.0920515 0.0908425 0.094004 0.10205 0.107882 0.110684 0.109571 0.103339 0.100456 0.102155 0.100456 0.103339 0.109571 0.110684 0.107882 0.10205 0.094004 0.0908425 0.0920515 0.090567 0.08678 0.08122 0.07449 0.06815 0.0624 0.05638 0.05044 0.044775 0.03943 0.03449 0.030095 0.02641 0.023665 0.022135 0.02171 
0.0220802 0.0226251 0.024415 0.0275149 0.03171 0.036825 0.042725 0.04928 0.0564 0.06402 0.071865 0.07943 0.0874 0.095425 0.10186 0.10603 0.107362 0.105499 0.109177 0.119068 0.126581 0.130843 0.130901 0.125431 0.122998 0.124888 0.122998 0.125431 0.130901 0.130843 0.126581 0.119068 0.109177 0.105499 0.107362 0.10603 0.10186 0.095425 0.0874 0.07943 0.071865 0.06402 0.0564 0.04928 0.042725 0.036825 0.03171 0.0275149 0.024415 0.0226251 0.0220802 
0.0214601 0.022105 0.02412 0.0275 0.032125 0.037895 0.0447149 0.052525 0.0612551 0.0708349 0.0809349 0.090875 0.101055 0.110935 0.118765 0.12374 0.12524 0.122915 0.127545 0.140071 0.150077 0.156595 0.158573 0.154554 0.152966 0.155109 0.152966 0.154554 0.158573 0.156595 0.150077 0.140071 0.127545 0.122915 0.12524 0.12374 0.118765 0.110935 0.101055 0.090875 0.0809349 0.0708349 0.0612551 0.052525 0.0447149 0.037895 0.032125 0.0275 0.02412 0.022105 0.0214601 
0.0194099 0.02012 0.022235 0.02572 0.03055 0.0367249 0.044255 0.0531651 0.06349 0.075235 0.0880649 0.101165 0.114505 0.127215 0.13741 0.144075 0.146425 0.144055 0.150365 0.166704 0.180386 0.190303 0.195286 0.193774 0.193638 0.196119 0.193638 0.193774 0.195286 0.190303 0.180386 0.166704 0.150365 0.144055 0.146425 0.144075 0.13741 0.127215 0.114505 0.101165 0.0880649 0.075235 0.06349 0.0531651 0.044255 0.0367249 0.03055 0.02572 0.022235 0.02012 0.0194099 
0.01544 0.01612 0.018085 0.0212951 0.0258399 0.0318249 0.0394051 0.04878 0.0601799 0.0738901 0.08986 0.107265 0.125385 0.142785 0.157315 0.1675 0.172215 0.17082 0.180105 0.20209 0.221149 0.236005 0.245433 0.247909 0.250073 0.252964 0.250073 0.247909 0.245433 0.236005 0.221149 0.20209 0.180105 0.17082 0.172215 0.1675 0.157315 0.142785 0.125385 0.107265 0.08986 0.0738901 0.0601799 0.04878 0.0394051 0.0318249 0.0258399 0.0212951 0.018085 0.01612 0.01544 
0.00905013 0.00952506 0.010885 0.0131249 0.01639 0.0208701 0.02684 0.0347049 0.0450201 0.058745 0.077585 0.10137 0.127635 0.15365 0.176785 0.194895 0.206065 0.208825 0.224125 0.25457 0.280665 0.301438 0.316154 0.323893 0.329006 0.332138 0.329006 0.323893 0.316154 0.301438 0.280665 0.25457 0.224125 0.208825 0.206065 0.194895 0.176785 0.15365 0.127635 0.10137 0.077585 0.058745 0.0450201 0.0347049 0.02684 0.0208701 0.01639 0.0131249 0.010885 0.00952506 0.00905013 
0 0 0 0 0 0 0 0 0 0.00218987 0.022975 0.0633202 0.10638 0.14834 0.188765 0.227245 0.263375 0.296785 0.327125 0.354085 0.377395 0.396795 0.412098 0.423145 0.429817 0.43205 0.429817 0.423145 0.412098 0.396795 0.377395 0.354085 0.327125 0.296785 0.263375 0.227245 0.188765 0.14834 0.10638 0.0633202 0.022975 0.00218987 0 0 0 0 0 0 0 0 0 
