95.9877 104.937 123.287 145.044 170.988 202.004 239.084 283.291 335.617 396.548 464.02 517.229 637.43 709.725 798.12 915.672 1077.7 1307.32 1642.51 2156.37 2994.35 4486.41 7496.91 14705.7 33576.2 58071.1 33576.2 14705.7 7496.91 4486.41 2994.35 2156.37 1642.51 1307.32 1077.7 915.672 798.12 709.725 637.43 517.229 464.02 396.548 335.617 283.291 239.084 202.004 170.988 145.044 123.287 104.937 95.9877 
89.6748 97.9358 114.854 134.954 158.938 187.616 221.884 262.731 311.059 367.275 429.573 482.339 589.49 656.557 738.92 848.499 999.724 1215.31 1528.42 2003.72 2777.81 4153.45 6916.88 13597.9 30159.3 48619.5 30159.3 13597.9 6916.88 4153.45 2777.81 2003.72 1528.42 1215.31 999.724 848.499 738.92 656.557 589.49 482.339 429.573 367.275 311.059 262.731 221.884 187.616 158.938 134.954 114.854 97.9358 89.6748 
78.3634 85.4739 100.025 117.354 138.045 162.791 192.366 227.597 269.277 317.763 371.71 423.181 510.385 568.473 640.571 736.704 869.673 1060.37 1335.27 1748.45 2421.79 3618.63 6019.08 11819 24660.5 36447.9 24660.5 11819 6019.08 3618.63 2421.79 1748.45 1335.27 1060.37 869.673 736.704 640.571 568.473 510.385 423.181 371.71 317.763 269.277 227.597 192.366 162.791 138.045 117.354 100.025 85.4739 78.3634 
68.5271 74.6375 87.1304 102.049 119.881 141.207 166.688 197.045 232.95 274.723 321.542 370.371 441.549 491.824 554.93 639.305 756.311 925.131 1166.2 1524.44 2108.42 3145.43 5216.34 10168.5 19832 27104.2 19832 10168.5 5216.34 3145.43 2108.42 1524.44 1166.2 925.131 756.311 639.305 554.93 491.824 441.549 370.371 321.542 274.723 232.95 197.045 166.688 141.207 119.881 102.049 87.1304 74.6375 68.5271 
59.9729 65.213 75.9192 88.7419 104.082 122.433 144.356 170.469 201.348 237.313 278.007 323.26 381.598 425.083 480.302 554.365 657.395 806.871 1017.87 1327.35 1831.6 2724.62 4493.18 8631.17 15671.5 19995.6 15671.5 8631.17 4493.18 2724.62 1831.6 1327.35 1017.87 806.871 657.395 554.365 480.302 425.083 381.598 323.26 278.007 237.313 201.348 170.469 144.356 122.433 104.082 88.7419 75.9192 65.213 59.9729 
52.5316 57.0177 66.1703 77.1713 90.3424 106.102 124.932 147.35 173.861 204.785 240.154 281.261 329.347 366.938 415.236 480.241 570.966 703.202 887.257 1153.22 1586.04 2348.22 3837.18 7203.33 12163.7 14634.9 12163.7 7203.33 3837.18 2348.22 1586.04 1153.22 887.257 703.202 570.966 480.241 415.236 366.938 329.347 281.261 240.154 204.785 173.861 147.35 124.932 106.102 90.3424 77.1713 66.1703 57.0177 52.5316 
46.0594 49.8887 57.693 67.1084 78.3937 91.8986 108.033 127.232 149.943 176.498 207.189 243.877 283.745 316.239 358.439 415.455 495.29 612.058 771.877 998.85 1367.05 2009.65 3239.46 5891.93 9273.64 10626.2 9273.64 5891.93 3239.46 2009.65 1367.05 998.85 771.877 612.058 495.29 415.455 358.439 316.239 283.745 243.877 207.189 176.498 149.943 127.232 108.033 91.8986 78.3937 67.1084 57.693 49.8887 46.0594 
40.427 43.6861 50.3207 58.3551 68.0001 79.5436 93.3272 109.732 129.138 151.869 178.422 210.671 243.892 271.975 308.793 358.722 428.838 531.545 669.457 861.312 1170.82 1703.61 2694.7 4711.16 6947.49 7652.5 6947.49 4711.16 2694.7 1703.61 1170.82 861.312 669.457 531.545 428.838 358.722 308.793 271.975 243.892 210.671 178.422 151.869 129.138 109.732 93.3272 79.5436 68.0001 58.3551 50.3207 43.6861 40.427 
35.5229 38.2876 43.9084 50.7442 58.9593 68.7945 80.5317 94.4949 111.021 130.425 153.271 181.218 209.026 233.278 265.335 308.945 370.288 460.119 578.037 738.097 994.149 1426.36 2201.23 3676.64 5116.99 5464.12 5116.99 3676.64 2201.23 1426.36 994.149 738.097 578.037 460.119 370.288 308.945 265.335 233.278 209.026 181.218 153.271 130.425 111.021 94.4949 80.5317 68.7945 58.9593 50.7442 43.9084 38.2876 35.5229 
31.2514 33.5871 38.3294 44.1219 51.0937 59.4397 69.3954 81.2326 95.2404 111.721 131.253 155.168 178.488 199.401 227.204 265.123 318.485 396.416 496.001 627.278 834.607 1175.79 1760.46 2799 3706.74 3866.05 3706.74 2799 1760.46 1175.79 834.607 627.278 496.001 396.416 318.485 265.123 227.204 199.401 178.488 155.168 131.253 111.721 95.2404 81.2326 69.3954 59.4397 51.0937 44.1219 38.3294 33.5871 31.2514 
27.5272 29.4918 33.4745 38.36 44.2482 51.2964 59.6992 69.6795 81.4883 95.4064 111.953 132.173 151.723 169.696 193.676 226.413 272.433 339.247 422.02 527.296 690.705 951.159 1375.23 2079.64 2641.76 2708.2 2641.76 2079.64 1375.23 951.159 690.705 527.296 422.02 339.247 272.433 226.413 193.676 169.696 151.723 132.173 111.953 95.4064 81.4883 69.6795 59.6992 51.2964 44.2482 38.36 33.4745 29.4918 27.5272 
24.2772 25.9203 29.2458 33.3436 38.2899 44.2072 51.2534 59.6157 69.5015 81.1557 95.031 111.918 128.247 143.605 164.123 192.115 231.306 287.719 355.101 437.108 561.667 752.907 1047.85 1509.66 1852.66 1876.32 1852.66 1509.66 1047.85 752.907 561.667 437.108 355.101 287.719 231.306 192.115 164.123 143.605 128.247 111.918 95.031 81.1557 69.5015 59.6157 51.2534 44.2072 38.2899 33.3436 29.2458 25.9203 24.2772 
21.4361 22.801 25.5603 28.9748 33.0996 38.0325 43.8979 50.8434 59.046 68.7073 80.1964 94.1192 107.657 120.661 138.018 161.625 194.452 241.153 294.584 356.196 447.387 581.817 778.469 1072.12 1278.49 1284.2 1278.49 1072.12 778.469 581.817 447.387 356.196 294.584 241.153 194.452 161.625 138.018 120.661 107.657 94.1192 80.1964 68.7073 59.046 50.8434 43.8979 38.0325 33.0996 28.9748 25.5603 22.801 21.4361 
18.948 20.0725 22.3442 25.1654 28.5768 32.6523 37.4873 43.1989 49.9259 57.8307 67.2064 78.5215 89.6178 100.48 114.932 134.475 161.392 199.111 240.142 284.417 348.149 438.297 564.115 745.771 868.073 867.252 868.073 745.771 564.115 438.297 348.149 284.417 240.142 199.111 161.392 134.475 114.932 100.48 89.6178 78.5215 67.2064 57.8307 49.9259 43.1989 37.4873 32.6523 28.5768 25.1654 22.3442 20.0725 18.948 
16.7634 17.6801 19.5323 21.8405 24.6328 27.9621 31.8997 36.5351 41.9753 48.3388 55.8573 64.8962 73.8434 82.7487 94.5317 110.332 131.818 161.398 191.736 221.879 264.133 321.703 399.071 508.552 579.767 577.226 579.767 508.552 399.071 321.703 264.133 221.879 191.736 161.398 131.818 110.332 94.5317 82.7487 73.8434 64.8962 55.8573 48.3388 41.9753 36.5351 31.8997 27.9621 24.6328 21.8405 19.5323 17.6801 16.7634 
14.8387 15.5759 17.0688 18.9337 21.1889 23.8712 27.0302 30.731 35.0505 40.0731 45.975 53.0413 60.101 67.2236 76.5747 88.976 105.583 128.004 149.481 168.72 195.133 230.077 275.863 340.132 380.71 378.242 380.71 340.132 275.863 230.077 195.133 168.72 149.481 128.004 105.583 88.976 76.5747 67.2236 60.101 53.0413 45.975 40.0731 35.0505 30.731 27.0302 23.8712 21.1889 18.9337 17.0688 15.5759 14.8387 
13.1361 13.718 14.9039 16.3875 18.179 20.3014 22.788 25.6817 29.0334 32.9003 37.4109 42.7889 48.204 53.7218 60.8969 70.2888 82.6538 99.0185 113.503 124.846 140.296 160.404 186.457 223.112 245.637 243.741 245.637 223.112 186.457 160.404 140.296 124.846 113.503 99.0185 82.6538 70.2888 60.8969 53.7218 48.204 42.7889 37.4109 32.9003 29.0334 25.6817 22.788 20.3014 18.179 16.3875 14.9039 13.718 13.1361 
11.6221 12.0709 12.9946 14.1512 15.5444 17.1859 19.0958 21.2974 23.8231 26.7064 30.0415 33.9968 37.9998 42.1058 47.3903 54.2105 63.0395 74.5115 83.7725 89.7953 98.1469 109.048 123.241 143.456 155.56 154.255 155.56 143.456 123.241 109.048 98.1469 89.7953 83.7725 74.5115 63.0395 54.2105 47.3903 42.1058 37.9998 33.9968 30.0415 26.7064 23.8231 21.2974 19.0958 17.1859 15.5444 14.1512 12.9946 12.0709 11.6221 
10.2687 10.6029 11.3037 12.1818 13.2355 14.4677 15.8864 17.504 19.3352 21.3972 23.7565 26.5386 29.3622 32.2677 35.9719 40.6917 46.7111 54.4208 60.005 62.7237 66.7849 72.271 79.604 90.3009 96.5397 95.7032 96.5397 90.3009 79.604 72.271 66.7849 62.7237 60.005 54.4208 46.7111 40.6917 35.9719 32.2677 29.3622 26.5386 23.7565 21.3972 19.3352 17.504 15.8864 14.4677 13.2355 12.1818 11.3037 10.6029 10.2687 
9.05139 9.28686 9.80011 10.4428 11.2096 12.0968 13.1051 14.2373 15.4971 16.8884 18.4592 20.3014 22.172 24.1013 26.5461 29.6353 33.5394 38.4978 41.6457 42.4996 44.1561 46.6366 50.1614 55.523 58.5636 58.0551 58.5636 55.523 50.1614 46.6366 44.1561 42.4996 41.6457 38.4978 33.5394 29.6353 26.5461 24.1013 22.172 20.3014 18.4592 16.8884 15.4971 14.2373 13.1051 12.0968 11.2096 10.4428 9.80011 9.28686 9.05139 
7.94948 8.10176 8.45784 8.90388 9.43144 10.0341 10.7057 11.4422 12.2424 13.1033 14.0581 15.1747 16.3077 17.4834 18.9796 20.8717 23.2637 26.3076 27.9377 27.8676 28.2979 29.2198 30.7341 33.2237 34.5902 34.2953 34.5902 33.2237 30.7341 29.2198 28.2979 27.8676 27.9377 26.3076 23.2637 20.8717 18.9796 17.4834 16.3077 15.1747 14.0581 13.1033 12.2424 11.4422 10.7057 10.0341 9.43144 8.90388 8.45784 8.10176 7.94948 
6.947 7.03021 7.25649 7.54097 7.87352 8.24524 8.64724 9.07188 9.51413 9.96949 10.4618 11.0426 11.6351 12.2622 13.085 14.149 15.5178 17.2866 18.0321 17.6003 17.4903 17.68 18.2048 19.2302 19.7701 19.6064 19.7701 19.2302 18.2048 17.68 17.4903 17.6003 18.0321 17.2866 15.5178 14.149 13.085 12.2622 11.6351 11.0426 10.4618 9.96949 9.51413 9.07188 8.64724 8.24524 7.87352 7.54097 7.25649 7.03021 6.947 
6.03183 6.05954 6.18109 6.33555 6.51307 6.70316 6.8958 7.0826 7.25685 7.41417 7.57494 7.78028 8.0002 8.25436 8.63043 9.15507 9.86734 10.8252 11.0947 10.6055 10.3261 10.2307 10.3228 10.6613 10.827 10.7411 10.827 10.6613 10.3228 10.2307 10.3261 10.6055 11.0947 10.8252 9.86734 9.15507 8.63043 8.25436 8.0002 7.78028 7.57494 7.41417 7.25685 7.0826 6.8958 6.70316 6.51307 6.33555 6.18109 6.05954 6.03183 
5.19623 5.18155 5.22095 5.27452 5.33249 5.38476 5.42133 5.43351 5.41485 5.36182 5.29307 5.2506 5.23374 5.25698 5.36045 5.55832 5.87225 6.33576 6.37886 5.97779 5.713 5.56002 5.50834 5.56991 5.59259 5.55172 5.59259 5.56991 5.50834 5.56002 5.713 5.97779 6.37886 6.33576 5.87225 5.55832 5.36045 5.25698 5.23374 5.2506 5.29307 5.36182 5.41485 5.43351 5.42133 5.38476 5.33249 5.27452 5.22095 5.18155 5.19623 
4.43654 4.3926 4.37046 4.3483 4.31757 4.26907 4.19326 4.08096 3.92489 3.71983 3.4834 3.29743 3.16103 3.07016 3.03199 3.04984 3.1338 3.302 3.25577 3.00458 2.84119 2.73901 2.68338 2.67014 2.65915 2.6441 2.65915 2.67014 2.68338 2.73901 2.84119 3.00458 3.25577 3.302 3.1338 3.04984 3.03199 3.07016 3.16103 3.29743 3.4834 3.71983 3.92489 4.08096 4.19326 4.26907 4.31757 4.3483 4.37046 4.3926 4.43654 
4.03578 3.97297 3.90581 3.82961 3.73986 3.63222 3.50313 3.3496 3.16961 2.95629 2.68623 2.44809 2.26851 2.13194 2.02498 1.93979 1.87144 1.81632 1.77143 1.73288 1.70115 1.67609 1.65718 1.64397 1.63619 1.63361 1.63619 1.64397 1.65718 1.67609 1.70115 1.73288 1.77143 1.81632 1.87144 1.93979 2.02498 2.13194 2.26851 2.44809 2.68623 2.95629 3.16961 3.3496 3.50313 3.63222 3.73986 3.82961 3.90581 3.97297 4.03578 
