0.000111135, 0.00186632
0.000103782, 0.0017853
9.70052e-05, 0.00171815
9.0628e-05, 0.00166184
8.47565e-05, 0.00161352
7.91564e-05, 0.00157039
7.38139e-05, 0.00153556
6.90211e-05, 0.00150334
6.7775e-05, 0.00147243
6.66235e-05, 0.001447
6.55581e-05, 0.00141977
6.45713e-05, 0.0013972
6.36563e-05, 0.00137358
6.28069e-05, 0.00134979
6.20173e-05, 0.00132982
6.12826e-05, 0.00130662
6.0598e-05, 0.00128402
5.99593e-05, 0.0012648
5.93628e-05, 0.00124291
5.8805e-05, 0.00121869
5.82826e-05, 0.00119802
5.77927e-05, 0.00117815
5.73328e-05, 0.00115634
5.69004e-05, 0.00113286
5.64933e-05, 0.00110798
5.61095e-05, 0.00108741
5.57472e-05, 0.00106708
5.54046e-05, 0.00104555
5.50802e-05, 0.00102301
5.47726e-05, 0.000999645
5.44805e-05, 0.000975614
5.42027e-05, 0.000951074
5.39381e-05, 0.000930407
5.36857e-05, 0.000910396
5.34446e-05, 0.000889914
5.32138e-05, 0.000869074
5.29927e-05, 0.000847977
5.27805e-05, 0.000826718
5.25765e-05, 0.00080538
5.23801e-05, 0.000784041
5.21908e-05, 0.000762768
5.20079e-05, 0.000741622
5.18311e-05, 0.000720657
5.16598e-05, 0.00070199
5.14937e-05, 0.000685057
5.13324e-05, 0.000668211
5.11754e-05, 0.000651489
5.10226e-05, 0.000634925
5.08735e-05, 0.000618549
5.07278e-05, 0.000602386
5.05854e-05, 0.000586459
5.0446e-05, 0.000570787
5.03093e-05, 0.000555385
5.01751e-05, 0.000540268
5.00432e-05, 0.000525445
4.99135e-05, 0.000510927
4.97857e-05, 0.00049672
4.96598e-05, 0.000482829
4.95355e-05, 0.000469258
4.94127e-05, 0.000456008
4.92913e-05, 0.000443081
4.91712e-05, 0.000430476
4.90522e-05, 0.000419207
4.89343e-05, 0.00040944
4.88173e-05, 0.000399879
4.87012e-05, 0.000390523
4.85858e-05, 0.000381372
4.84712e-05, 0.000372427
4.83571e-05, 0.000363685
4.82436e-05, 0.000355146
4.81306e-05, 0.000346808
4.80179e-05, 0.000338667
4.79057e-05, 0.000330723
4.77937e-05, 0.000322972
4.7682e-05, 0.00031541
4.75705e-05, 0.000308036
4.74591e-05, 0.000300845
4.73479e-05, 0.000293835
4.72367e-05, 0.000287001
4.71256e-05, 0.000280341
4.70145e-05, 0.000273849
4.69034e-05, 0.000267524
4.67922e-05, 0.000261361
4.6681e-05, 0.000255356
4.65696e-05, 0.000249505
4.64581e-05, 0.000243806
4.63465e-05, 0.000238254
4.62346e-05, 0.000232845
4.61226e-05, 0.000227577
4.60104e-05, 0.000222444
4.5898e-05, 0.000217445
4.57853e-05, 0.000212575
4.56723e-05, 0.000207831
4.55591e-05, 0.00020321
4.54456e-05, 0.000198708
4.53318e-05, 0.00019507
4.52177e-05, 0.000192061
4.51033e-05, 0.000189116
4.49885e-05, 0.000186234
4.48735e-05, 0.000183413
4.47581e-05, 0.000180651
4.46423e-05, 0.000177948
4.45262e-05, 0.000175301
4.44097e-05, 0.00017271
4.42929e-05, 0.000170173
4.41757e-05, 0.000167689
4.40581e-05, 0.000165257
4.39402e-05, 0.000162875
4.38219e-05, 0.000160541
4.37032e-05, 0.000158256
4.35841e-05, 0.000156018
4.34646e-05, 0.000153825
4.33448e-05, 0.000151676
4.32246e-05, 0.000149571
4.31039e-05, 0.000147509
4.2983e-05, 0.000145487
4.28616e-05, 0.000143506
4.27398e-05, 0.000141564
4.26176e-05, 0.000139661
4.24951e-05, 0.000137795
4.23722e-05, 0.000135965
4.22489e-05, 0.000134171
4.21252e-05, 0.000132411
4.20012e-05, 0.000130686
4.18767e-05, 0.000128993
4.1785e-05, 0.000127333
4.17757e-05, 0.000125704
4.17666e-05, 0.000124106
4.17576e-05, 0.000122538
4.17487e-05, 0.000120999
4.17399e-05, 0.000119489
4.17312e-05, 0.000118006
4.17226e-05, 0.000116551
4.17142e-05, 0.000115122
4.17057e-05, 0.000113719
4.16974e-05, 0.000112342
4.16892e-05, 0.000110989
4.1681e-05, 0.00010966
4.16728e-05, 0.000108355
4.16647e-05, 0.000107073
4.16567e-05, 0.000105813
4.16487e-05, 0.000104575
4.16407e-05, 0.000103359
4.16327e-05, 0.000102164
4.16251e-05, 0.000100989
4.16188e-05, 9.98342e-05
4.16123e-05, 9.86989e-05
4.16059e-05, 9.75828e-05
4.15993e-05, 9.64853e-05
4.15927e-05, 9.5406e-05
4.15861e-05, 9.43447e-05
4.15794e-05, 9.33007e-05
4.15726e-05, 9.22739e-05
4.15657e-05, 9.12637e-05
4.15588e-05, 9.02699e-05
4.15518e-05, 8.9292e-05
4.15447e-05, 8.83297e-05
4.15376e-05, 8.73827e-05
4.15303e-05, 8.64507e-05
4.1523e-05, 8.55332e-05
4.15155e-05, 8.46301e-05
4.1508e-05, 8.3741e-05
4.15004e-05, 8.28656e-05
4.14926e-05, 8.20037e-05
4.14848e-05, 8.11548e-05
4.14769e-05, 8.03189e-05
4.14688e-05, 7.94955e-05
4.14607e-05, 7.86844e-05
4.14524e-05, 7.78855e-05
4.14441e-05, 7.70984e-05
4.14356e-05, 7.63228e-05
4.1427e-05, 7.55586e-05
4.14183e-05, 7.48056e-05
4.14095e-05, 7.40634e-05
4.14005e-05, 7.33319e-05
4.13915e-05, 7.26109e-05
4.13823e-05, 7.19002e-05
4.1373e-05, 7.11995e-05
4.13635e-05, 7.05087e-05
4.1354e-05, 6.98275e-05
4.13443e-05, 6.91559e-05
4.13345e-05, 6.84935e-05
4.13245e-05, 6.78403e-05
4.13144e-05, 6.71959e-05
4.13042e-05, 6.65604e-05
4.12939e-05, 6.59335e-05
4.12834e-05, 6.5315e-05
4.12728e-05, 6.47048e-05
4.12621e-05, 6.41028e-05
4.12512e-05, 6.35087e-05
4.12402e-05, 6.29224e-05
4.12291e-05, 6.23439e-05
4.12178e-05, 6.17729e-05
4.12064e-05, 6.12093e-05
4.11948e-05, 6.0653e-05
4.11831e-05, 6.01038e-05
4.11713e-05, 5.95617e-05
4.11593e-05, 5.90264e-05
4.11472e-05, 5.8498e-05
4.1135e-05, 5.79761e-05
4.11226e-05, 5.74608e-05
4.111e-05, 5.6952e-05
4.10974e-05, 5.64494e-05
4.10846e-05, 5.5953e-05
4.10716e-05, 5.54628e-05
4.10585e-05, 5.49785e-05
4.10453e-05, 5.45001e-05
4.10319e-05, 5.40275e-05
4.10184e-05, 5.35606e-05
4.10047e-05, 5.30993e-05
4.09909e-05, 5.26435e-05
4.09769e-05, 5.21931e-05
4.09628e-05, 5.17481e-05
4.09486e-05, 5.13082e-05
4.09342e-05, 5.08735e-05
4.09197e-05, 5.04439e-05
4.0905e-05, 5.00193e-05
4.08902e-05, 4.95995e-05
4.08765e-05, 4.91846e-05
4.08626e-05, 4.87745e-05
4.08487e-05, 4.8369e-05
4.08346e-05, 4.79681e-05
4.08204e-05, 4.75717e-05
4.08061e-05, 4.71798e-05
4.07917e-05, 4.67923e-05
4.07771e-05, 4.64091e-05
4.07624e-05, 4.60302e-05
4.07476e-05, 4.56554e-05
4.07327e-05, 4.52848e-05
4.07177e-05, 4.49182e-05
4.07026e-05, 4.45556e-05
4.06873e-05, 4.4197e-05
4.06719e-05, 4.38423e-05
4.06564e-05, 4.34914e-05
4.06407e-05, 4.31442e-05
4.0625e-05, 4.28008e-05
4.06091e-05, 4.2461e-05
4.05931e-05, 4.21248e-05
4.0577e-05, 4.17922e-05
4.05607e-05, 4.14631e-05
4.05444e-05, 4.11374e-05
4.05279e-05, 4.08151e-05
4.05113e-05, 4.04962e-05
4.04945e-05, 4.01806e-05
4.04777e-05, 3.98682e-05
4.04607e-05, 3.95591e-05
4.04436e-05, 3.92531e-05
4.04264e-05, 3.89503e-05
4.04091e-05, 3.86505e-05
4.03916e-05, 3.83538e-05
4.0374e-05, 3.806e-05
4.03563e-05, 3.77692e-05
4.03385e-05, 3.74814e-05
4.03206e-05, 3.71964e-05
4.03025e-05, 3.69142e-05
4.02844e-05, 3.66349e-05
4.02661e-05, 3.63583e-05
4.02476e-05, 3.60844e-05
4.02291e-05, 3.58133e-05
4.02104e-05, 3.55447e-05
4.01917e-05, 3.52788e-05
4.01728e-05, 3.50155e-05
4.01537e-05, 3.47548e-05
4.01346e-05, 3.44965e-05
4.01153e-05, 3.42407e-05
4.0096e-05, 3.39874e-05
4.00765e-05, 3.37365e-05
4.00569e-05, 3.34881e-05
4.00371e-05, 3.32419e-05
4.00173e-05, 3.29981e-05
3.99973e-05, 3.27566e-05
3.99772e-05, 3.25174e-05
3.9957e-05, 3.22804e-05
3.99367e-05, 3.20456e-05
3.99163e-05, 3.1813e-05
3.98957e-05, 3.15826e-05
3.98751e-05, 3.13543e-05
3.98543e-05, 3.11282e-05
3.98334e-05, 3.09041e-05
3.98124e-05, 3.0682e-05
3.97912e-05, 3.0462e-05
3.977e-05, 3.0244e-05
3.97486e-05, 3.0028e-05
3.97272e-05, 2.9814e-05
3.97056e-05, 2.96019e-05
3.96839e-05, 2.93917e-05
3.9662e-05, 2.91834e-05
3.96401e-05, 2.8977e-05
3.96181e-05, 2.87724e-05
3.95959e-05, 2.85696e-05
3.95736e-05, 2.83687e-05
3.95513e-05, 2.81695e-05
3.95288e-05, 2.79721e-05
3.95062e-05, 2.77764e-05
3.94835e-05, 2.75825e-05
3.94606e-05, 2.73902e-05
3.94377e-05, 2.71997e-05
3.94146e-05, 2.70108e-05
3.93915e-05, 2.68236e-05
3.93682e-05, 2.6638e-05
3.93448e-05, 2.64539e-05
3.93214e-05, 2.62715e-05
3.92978e-05, 2.60907e-05
3.92741e-05, 2.59114e-05
3.92503e-05, 2.57337e-05
3.92263e-05, 2.55574e-05
3.92023e-05, 2.53827e-05
3.91782e-05, 2.52095e-05
3.9154e-05, 2.50377e-05
3.91296e-05, 2.48674e-05
3.91052e-05, 2.46985e-05
3.90806e-05, 2.45311e-05
3.9056e-05, 2.43651e-05
3.90312e-05, 2.42004e-05
3.90063e-05, 2.40372e-05
3.89814e-05, 2.38753e-05
3.89563e-05, 2.37147e-05
3.89311e-05, 2.35555e-05
3.89058e-05, 2.33976e-05
3.88804e-05, 2.3241e-05
3.8855e-05, 2.30857e-05
3.88294e-05, 2.29317e-05
3.88037e-05, 2.2779e-05
3.87779e-05, 2.27056e-05
3.8752e-05, 2.26624e-05
3.8726e-05, 2.26193e-05
3.86999e-05, 2.25762e-05
3.86738e-05, 2.25331e-05
3.86475e-05, 2.24901e-05
3.86211e-05, 2.24472e-05
3.85946e-05, 2.24043e-05
3.8568e-05, 2.23615e-05
3.85414e-05, 2.23188e-05
3.85146e-05, 2.22761e-05
3.84877e-05, 2.22335e-05
3.84608e-05, 2.21909e-05
3.84337e-05, 2.21484e-05
3.84065e-05, 2.2106e-05
3.83793e-05, 2.20636e-05
3.8352e-05, 2.20213e-05
3.83245e-05, 2.1979e-05
3.8297e-05, 2.19369e-05
3.82694e-05, 2.18947e-05
3.82417e-05, 2.18527e-05
3.82138e-05, 2.18107e-05
3.8186e-05, 2.17687e-05
3.8158e-05, 2.17268e-05
3.81299e-05, 2.1685e-05
3.81017e-05, 2.16433e-05
3.80735e-05, 2.16016e-05
3.80451e-05, 2.156e-05
3.80167e-05, 2.15184e-05
3.79881e-05, 2.14769e-05
3.79595e-05, 2.14355e-05
3.79308e-05, 2.13941e-05
3.7902e-05, 2.13528e-05
3.78732e-05, 2.13115e-05
3.78442e-05, 2.12704e-05
3.78152e-05, 2.12292e-05
3.7786e-05, 2.11882e-05
3.77568e-05, 2.11472e-05
3.77275e-05, 2.11063e-05
3.76981e-05, 2.10654e-05
3.76686e-05, 2.10246e-05
3.76391e-05, 2.09839e-05
3.76095e-05, 2.09432e-05
3.75797e-05, 2.09026e-05
3.75499e-05, 2.08621e-05
3.75201e-05, 2.08216e-05
3.74901e-05, 2.07812e-05
3.746e-05, 2.07408e-05
3.74299e-05, 2.07005e-05
3.73997e-05, 2.0661e-05
3.73694e-05, 2.06216e-05
3.73391e-05, 2.05824e-05
3.73086e-05, 2.05431e-05
3.72781e-05, 2.0504e-05
3.72475e-05, 2.04649e-05
3.72169e-05, 2.04258e-05
3.71861e-05, 2.03869e-05
3.71553e-05, 2.03479e-05
3.71244e-05, 2.03091e-05
3.70934e-05, 2.02703e-05
3.70624e-05, 2.02316e-05
3.70312e-05, 2.01929e-05
3.7e-05, 2.01543e-05
3.69688e-05, 2.01158e-05
3.69374e-05, 2.00773e-05
3.6906e-05, 2.00389e-05
3.68745e-05, 2.00005e-05
3.6843e-05, 1.99622e-05
3.68113e-05, 1.9924e-05
3.67796e-05, 1.98858e-05
3.67479e-05, 1.98477e-05
3.6716e-05, 1.98097e-05
3.66841e-05, 1.97717e-05
3.66521e-05, 1.97337e-05
3.66201e-05, 1.96959e-05
3.6588e-05, 1.96581e-05
3.65558e-05, 1.96204e-05
3.65235e-05, 1.95827e-05
3.64912e-05, 1.95451e-05
3.64589e-05, 1.95075e-05
3.64264e-05, 1.947e-05
3.63939e-05, 1.94326e-05
3.63613e-05, 1.93952e-05
3.63287e-05, 1.93579e-05
3.6296e-05, 1.93207e-05
3.62632e-05, 1.92835e-05
3.62304e-05, 1.92464e-05
3.61975e-05, 1.92093e-05
3.61645e-05, 1.91723e-05
3.61315e-05, 1.91354e-05
3.60984e-05, 1.90985e-05
3.60653e-05, 1.90617e-05
3.60321e-05, 1.9025e-05
3.59988e-05, 1.89883e-05
3.59655e-05, 1.89516e-05
3.59321e-05, 1.89151e-05
3.58987e-05, 1.88786e-05
3.58652e-05, 1.88421e-05
3.58317e-05, 1.88058e-05
3.57981e-05, 1.87694e-05
3.57644e-05, 1.87332e-05
3.57307e-05, 1.8697e-05
3.56969e-05, 1.86609e-05
3.56631e-05, 1.86248e-05
3.56292e-05, 1.85888e-05
3.55952e-05, 1.85528e-05
3.55612e-05, 1.85169e-05
3.55272e-05, 1.84811e-05
3.54931e-05, 1.84453e-05
3.54589e-05, 1.84096e-05
3.54247e-05, 1.8374e-05
3.53905e-05, 1.83384e-05
3.53562e-05, 1.83029e-05
3.53218e-05, 1.82674e-05
3.52874e-05, 1.8232e-05
3.52529e-05, 1.81967e-05
3.52184e-05, 1.81614e-05
3.51838e-05, 1.81262e-05
3.51492e-05, 1.8091e-05
3.51146e-05, 1.80559e-05
3.50799e-05, 1.80209e-05
3.50451e-05, 1.79859e-05
3.50103e-05, 1.7951e-05
3.49755e-05, 1.79162e-05
3.49406e-05, 1.78814e-05
3.49056e-05, 1.78467e-05
3.48707e-05, 1.7812e-05
3.48356e-05, 1.77774e-05
3.48006e-05, 1.77428e-05
3.47654e-05, 1.77084e-05
3.47303e-05, 1.76739e-05
3.46951e-05, 1.76396e-05
3.46598e-05, 1.76053e-05
3.46245e-05, 1.7571e-05
3.45892e-05, 1.75368e-05
3.45538e-05, 1.75027e-05
3.45184e-05, 1.74687e-05
3.4483e-05, 1.74347e-05
3.44475e-05, 1.74007e-05
3.44119e-05, 1.73668e-05
3.43764e-05, 1.7333e-05
3.43407e-05, 1.72993e-05
3.43051e-05, 1.72656e-05
3.42694e-05, 1.72319e-05
3.42337e-05, 1.71983e-05
3.41979e-05, 1.71648e-05
3.41621e-05, 1.71314e-05
3.41263e-05, 1.7098e-05
3.40904e-05, 1.70646e-05
3.40545e-05, 1.70313e-05
3.40185e-05, 1.69981e-05
3.39826e-05, 1.6965e-05
3.39465e-05, 1.69319e-05
3.39105e-05, 1.68988e-05
3.38744e-05, 1.68659e-05
3.38383e-05, 1.68329e-05
3.38021e-05, 1.68001e-05
3.3766e-05, 1.67673e-05
3.37297e-05, 1.67345e-05
3.36935e-05, 1.67019e-05
3.36572e-05, 1.66692e-05
3.36209e-05, 1.66367e-05
3.35846e-05, 1.66042e-05
3.35482e-05, 1.65717e-05
3.35118e-05, 1.65394e-05
3.34754e-05, 1.6507e-05
3.34389e-05, 1.64748e-05
3.34024e-05, 1.64426e-05
3.33659e-05, 1.64104e-05
3.33294e-05, 1.63783e-05
3.32928e-05, 1.63463e-05
3.32562e-05, 1.63143e-05
3.32196e-05, 1.62824e-05
3.31829e-05, 1.62506e-05
3.31462e-05, 1.62188e-05
3.31095e-05, 1.61871e-05
3.30728e-05, 1.61554e-05
3.3036e-05, 1.61238e-05
3.29993e-05, 1.60922e-05
3.29625e-05, 1.60607e-05
3.29256e-05, 1.60293e-05
3.28888e-05, 1.59979e-05
3.28519e-05, 1.59666e-05
3.2815e-05, 1.59353e-05
3.27781e-05, 1.59041e-05
3.27412e-05, 1.5873e-05
3.27042e-05, 1.58419e-05
3.26672e-05, 1.58109e-05
3.26302e-05, 1.57799e-05
3.25932e-05, 1.5749e-05
3.25562e-05, 1.57182e-05
3.25191e-05, 1.56874e-05
3.2482e-05, 1.56566e-05
3.24449e-05, 1.5626e-05
3.24078e-05, 1.55953e-05
3.23706e-05, 1.55648e-05
3.23335e-05, 1.55343e-05
3.22963e-05, 1.55038e-05
3.22591e-05, 1.54734e-05
3.22219e-05, 1.54431e-05
3.21847e-05, 1.54128e-05
3.21474e-05, 1.53826e-05
3.21102e-05, 1.53525e-05
3.20729e-05, 1.53224e-05
3.20356e-05, 1.52923e-05
3.19983e-05, 1.52624e-05
3.1961e-05, 1.52324e-05
3.19237e-05, 1.52026e-05
3.18863e-05, 1.51728e-05
3.1849e-05, 1.5143e-05
3.18116e-05, 1.51133e-05
3.17742e-05, 1.50837e-05
3.17368e-05, 1.50541e-05
3.16994e-05, 1.50246e-05
3.1662e-05, 1.49951e-05
3.16246e-05, 1.49657e-05
3.15871e-05, 1.49364e-05
3.15497e-05, 1.49071e-05
3.15122e-05, 1.48778e-05
3.14747e-05, 1.48486e-05
3.14372e-05, 1.48195e-05
3.13997e-05, 1.47905e-05
3.13622e-05, 1.47614e-05
3.13247e-05, 1.47325e-05
3.12872e-05, 1.47036e-05
3.12497e-05, 1.46748e-05
3.12121e-05, 1.4646e-05
3.11746e-05, 1.46172e-05
3.1137e-05, 1.45888e-05
3.10995e-05, 1.45666e-05
3.10619e-05, 1.45444e-05
3.10243e-05, 1.45222e-05
3.09867e-05, 1.45001e-05
3.09492e-05, 1.4478e-05
3.09116e-05, 1.44559e-05
3.0874e-05, 1.44338e-05
3.08364e-05, 1.44118e-05
3.07988e-05, 1.43898e-05
3.07611e-05, 1.43679e-05
3.07235e-05, 1.43459e-05
3.06859e-05, 1.4324e-05
3.06483e-05, 1.43021e-05
3.06107e-05, 1.42803e-05
3.0573e-05, 1.42585e-05
3.05354e-05, 1.42367e-05
3.04978e-05, 1.42149e-05
3.04601e-05, 1.41932e-05
3.04225e-05, 1.41715e-05
3.03849e-05, 1.41498e-05
3.03472e-05, 1.41282e-05
3.03096e-05, 1.41066e-05
3.0272e-05, 1.4085e-05
3.02343e-05, 1.40634e-05
3.01967e-05, 1.40419e-05
3.0159e-05, 1.40204e-05
3.01214e-05, 1.39989e-05
3.00838e-05, 1.39775e-05
3.00461e-05, 1.39561e-05
3.00085e-05, 1.39347e-05
2.99709e-05, 1.39133e-05
2.99332e-05, 1.3892e-05
2.98956e-05, 1.38707e-05
2.9858e-05, 1.38495e-05
2.98203e-05, 1.38282e-05
2.97827e-05, 1.3807e-05
2.97451e-05, 1.37858e-05
2.97075e-05, 1.37647e-05
2.96699e-05, 1.37436e-05
2.96323e-05, 1.37225e-05
2.95947e-05, 1.37014e-05
2.95571e-05, 1.36804e-05
2.95195e-05, 1.36594e-05
2.94819e-05, 1.36384e-05
2.94443e-05, 1.36175e-05
2.94067e-05, 1.35966e-05
2.93692e-05, 1.35757e-05
2.93316e-05, 1.35548e-05
2.9294e-05, 1.3534e-05
2.92565e-05, 1.35132e-05
2.92189e-05, 1.34924e-05
2.91814e-05, 1.34717e-05
2.91439e-05, 1.3451e-05
2.91064e-05, 1.34303e-05
2.90688e-05, 1.34096e-05
2.90313e-05, 1.3389e-05
2.89938e-05, 1.33684e-05
2.89563e-05, 1.33479e-05
2.89189e-05, 1.33273e-05
2.88814e-05, 1.33068e-05
2.88439e-05, 1.32863e-05
2.88065e-05, 1.32659e-05
2.8769e-05, 1.32455e-05
2.87316e-05, 1.32251e-05
2.86942e-05, 1.32047e-05
2.86568e-05, 1.31844e-05
2.86194e-05, 1.31641e-05
2.8582e-05, 1.31438e-05
2.85446e-05, 1.31236e-05
2.85072e-05, 1.31034e-05
2.84699e-05, 1.30832e-05
2.84325e-05, 1.3063e-05
2.83952e-05, 1.30429e-05
2.83579e-05, 1.30228e-05
2.83206e-05, 1.30027e-05
2.82833e-05, 1.29827e-05
2.8246e-05, 1.29627e-05
2.82087e-05, 1.29427e-05
2.81715e-05, 1.29227e-05
2.81342e-05, 1.29028e-05
2.8097e-05, 1.28829e-05
2.80598e-05, 1.2863e-05
2.80226e-05, 1.28432e-05
2.79854e-05, 1.28234e-05
2.79483e-05, 1.28036e-05
2.79111e-05, 1.27839e-05
2.7874e-05, 1.27641e-05
2.78368e-05, 1.27445e-05
2.77997e-05, 1.27248e-05
2.77626e-05, 1.27052e-05
2.77256e-05, 1.26855e-05
2.76885e-05, 1.2666e-05
2.76514e-05, 1.26464e-05
2.76144e-05, 1.26269e-05
2.75774e-05, 1.26074e-05
2.75404e-05, 1.25879e-05
2.75034e-05, 1.25685e-05
2.74665e-05, 1.25491e-05
2.74295e-05, 1.25297e-05
2.73926e-05, 1.25104e-05
2.73557e-05, 1.24911e-05
2.73188e-05, 1.24718e-05
2.72819e-05, 1.24525e-05
2.72451e-05, 1.24333e-05
2.72083e-05, 1.24141e-05
2.71714e-05, 1.23949e-05
2.71346e-05, 1.23758e-05
2.70979e-05, 1.23566e-05
2.70611e-05, 1.23376e-05
2.70244e-05, 1.23185e-05
2.69876e-05, 1.22995e-05
2.6951e-05, 1.22805e-05
2.69143e-05, 1.22615e-05
2.68776e-05, 1.22425e-05
2.6841e-05, 1.22236e-05
2.68044e-05, 1.22047e-05
2.67678e-05, 1.21859e-05
2.67312e-05, 1.2167e-05
2.66946e-05, 1.21482e-05
2.66581e-05, 1.21295e-05
2.66216e-05, 1.21107e-05
2.65851e-05, 1.2092e-05
2.65486e-05, 1.20733e-05
2.65122e-05, 1.20547e-05
2.64758e-05, 1.2036e-05
2.64394e-05, 1.20174e-05
2.6403e-05, 1.19988e-05
2.63666e-05, 1.19803e-05
2.63303e-05, 1.19618e-05
2.6294e-05, 1.19433e-05
2.62577e-05, 1.19248e-05
2.62214e-05, 1.19064e-05
2.61852e-05, 1.1888e-05
2.6149e-05, 1.18696e-05
2.61128e-05, 1.18513e-05
2.60766e-05, 1.18329e-05
2.60404e-05, 1.18147e-05
2.60043e-05, 1.17964e-05
2.59682e-05, 1.17782e-05
2.59321e-05, 1.17599e-05
2.58961e-05, 1.17418e-05
2.58601e-05, 1.17236e-05
2.58241e-05, 1.17055e-05
2.57881e-05, 1.16874e-05
2.57521e-05, 1.16693e-05
2.57162e-05, 1.16513e-05
2.56803e-05, 1.16333e-05
2.56444e-05, 1.16153e-05
2.56086e-05, 1.15973e-05
2.55728e-05, 1.15794e-05
2.5537e-05, 1.15615e-05
2.55012e-05, 1.15436e-05
2.54655e-05, 1.15258e-05
2.54298e-05, 1.1508e-05
2.53941e-05, 1.14902e-05
2.53584e-05, 1.14724e-05
2.53228e-05, 1.14547e-05
2.52872e-05, 1.1437e-05
2.52516e-05, 1.14193e-05
2.5216e-05, 1.14017e-05
2.51805e-05, 1.1384e-05
2.5145e-05, 1.13665e-05
2.51095e-05, 1.13489e-05
2.50741e-05, 1.13313e-05
2.50386e-05, 1.13138e-05
2.50033e-05, 1.12964e-05
2.49679e-05, 1.12789e-05
2.49326e-05, 1.12615e-05
2.48973e-05, 1.12441e-05
2.4862e-05, 1.12267e-05
2.48267e-05, 1.12093e-05
2.47915e-05, 1.1192e-05
2.47563e-05, 1.11747e-05
2.47212e-05, 1.11575e-05
2.4686e-05, 1.11402e-05
2.46509e-05, 1.1123e-05
2.46159e-05, 1.11059e-05
2.45808e-05, 1.10887e-05
2.45458e-05, 1.10716e-05
2.45108e-05, 1.10545e-05
2.44759e-05, 1.10374e-05
2.44409e-05, 1.10204e-05
2.4406e-05, 1.10033e-05
2.43712e-05, 1.09863e-05
2.43363e-05, 1.09694e-05
2.43015e-05, 1.09524e-05
2.42668e-05, 1.09355e-05
2.4232e-05, 1.09187e-05
2.41973e-05, 1.09018e-05
2.41626e-05, 1.0885e-05
2.4128e-05, 1.08682e-05
2.40933e-05, 1.08514e-05
2.40587e-05, 1.08347e-05
2.40242e-05, 1.08179e-05
2.39897e-05, 1.08012e-05
2.39552e-05, 1.07846e-05
2.39207e-05, 1.07679e-05
2.38863e-05, 1.07513e-05
2.38519e-05, 1.07347e-05
2.38175e-05, 1.07182e-05
2.37832e-05, 1.07016e-05
2.37488e-05, 1.06851e-05
2.37146e-05, 1.06687e-05
2.36803e-05, 1.06522e-05
2.36461e-05, 1.06358e-05
2.36119e-05, 1.06194e-05
2.35778e-05, 1.0603e-05
2.35437e-05, 1.05867e-05
2.35096e-05, 1.05703e-05
2.34755e-05, 1.05541e-05
2.34415e-05, 1.05378e-05
2.34075e-05, 1.05215e-05
2.33736e-05, 1.05053e-05
2.33397e-05, 1.04891e-05
2.33058e-05, 1.0473e-05
2.32719e-05, 1.04568e-05
2.32381e-05, 1.04407e-05
2.32043e-05, 1.04247e-05
2.31706e-05, 1.04086e-05
2.31369e-05, 1.03926e-05
2.31032e-05, 1.03766e-05
2.30695e-05, 1.03606e-05
2.30359e-05, 1.03446e-05
2.30023e-05, 1.03287e-05
2.29688e-05, 1.03128e-05
2.29353e-05, 1.02969e-05
2.29018e-05, 1.02811e-05
2.28683e-05, 1.02653e-05
2.28349e-05, 1.02495e-05
2.28015e-05, 1.02337e-05
2.27682e-05, 1.0218e-05
2.27349e-05, 1.02023e-05
2.27016e-05, 1.01866e-05
2.26684e-05, 1.01709e-05
2.26352e-05, 1.01553e-05
2.2602e-05, 1.01396e-05
2.25689e-05, 1.01241e-05
2.25357e-05, 1.01085e-05
2.25027e-05, 1.0093e-05
2.24696e-05, 1.00774e-05
2.24366e-05, 1.0062e-05
2.24037e-05, 1.00465e-05
2.23708e-05, 1.00311e-05
2.23379e-05, 1.00156e-05
2.2305e-05, 1.00003e-05
2.22722e-05, 9.98491e-06
2.22394e-05, 9.96957e-06
2.22066e-05, 9.95427e-06
2.21739e-05, 9.93898e-06
2.21412e-05, 9.92373e-06
2.21086e-05, 9.9085e-06
2.2076e-05, 9.89329e-06
2.20434e-05, 9.87811e-06
2.20109e-05, 9.86295e-06
2.19784e-05, 9.84782e-06
2.19459e-05, 9.83272e-06
2.19135e-05, 9.81763e-06
2.18811e-05, 9.80258e-06
2.18487e-05, 9.78755e-06
2.18164e-05, 9.77254e-06
2.17841e-05, 9.75756e-06
2.17518e-05, 9.74261e-06
2.17196e-05, 9.72768e-06
2.16874e-05, 9.71277e-06
2.16553e-05, 9.69789e-06
2.16232e-05, 9.68304e-06
2.15911e-05, 9.6682e-06
2.15591e-05, 9.6534e-06
2.15271e-05, 9.63862e-06
2.14951e-05, 9.62386e-06
2.14632e-05, 9.60913e-06
2.14313e-05, 9.59442e-06
2.13995e-05, 9.57974e-06
2.13677e-05, 9.56508e-06
2.13359e-05, 9.55044e-06
2.13041e-05, 9.53583e-06
2.12724e-05, 9.52125e-06
2.12408e-05, 9.50669e-06
2.12091e-05, 9.49215e-06
2.11775e-05, 9.47764e-06
2.1146e-05, 9.46315e-06
2.11145e-05, 9.44869e-06
2.1083e-05, 9.43425e-06
2.10515e-05, 9.41984e-06
2.10201e-05, 9.40545e-06
2.09888e-05, 9.39108e-06
2.09574e-05, 9.37674e-06
2.09261e-05, 9.36242e-06
2.08949e-05, 9.34813e-06
2.08636e-05, 9.33386e-06
2.08325e-05, 9.31961e-06
2.08013e-05, 9.30539e-06
2.07702e-05, 9.29119e-06
2.07391e-05, 9.27702e-06
2.07081e-05, 9.26287e-06
2.06771e-05, 9.24874e-06
2.06461e-05, 9.23464e-06
2.06152e-05, 9.22056e-06
2.05843e-05, 9.20651e-06
2.05535e-05, 9.19248e-06
2.05227e-05, 9.17847e-06
2.04919e-05, 9.16448e-06
2.04612e-05, 9.15052e-06
2.04305e-05, 9.13659e-06
2.03998e-05, 9.12268e-06
2.03692e-05, 9.10879e-06
2.03386e-05, 9.09492e-06
2.03081e-05, 9.08108e-06
2.02776e-05, 9.06726e-06
2.02471e-05, 9.05346e-06
2.02167e-05, 9.03969e-06
2.01863e-05, 9.02594e-06
2.01559e-05, 9.01222e-06
2.01256e-05, 8.99851e-06
2.00953e-05, 8.98484e-06
2.00651e-05, 8.97118e-06
2.00349e-05, 8.95755e-06
2.00047e-05, 8.94394e-06
1.99746e-05, 8.93035e-06
1.99445e-05, 8.91679e-06
1.99144e-05, 8.90325e-06
1.98844e-05, 8.88973e-06
1.98545e-05, 8.87624e-06
1.98245e-05, 8.86276e-06
1.97946e-05, 8.84932e-06
1.97648e-05, 8.83589e-06
1.97349e-05, 8.82249e-06
1.97052e-05, 8.80911e-06
1.96754e-05, 8.79575e-06
1.96457e-05, 8.78242e-06
1.9616e-05, 8.7691e-06
1.95864e-05, 8.75582e-06
1.95568e-05, 8.74255e-06
1.95273e-05, 8.7293e-06
1.94977e-05, 8.71608e-06
1.94683e-05, 8.70288e-06
1.94388e-05, 8.68971e-06
1.94094e-05, 8.67655e-06
1.93801e-05, 8.66342e-06
1.93507e-05, 8.65031e-06
1.93215e-05, 8.63723e-06
1.92922e-05, 8.62416e-06
1.9263e-05, 8.61112e-06
1.92338e-05, 8.5981e-06
1.92047e-05, 8.5851e-06
1.91756e-05, 8.57213e-06
1.91466e-05, 8.55918e-06
1.91176e-05, 8.54624e-06
1.90886e-05, 8.53334e-06
1.90596e-05, 8.52045e-06
1.90307e-05, 8.50758e-06
1.90019e-05, 8.49474e-06
1.89731e-05, 8.48192e-06
1.89443e-05, 8.46912e-06
1.89155e-05, 8.45634e-06
1.88868e-05, 8.44359e-06
1.88581e-05, 8.43086e-06
1.88295e-05, 8.41814e-06
1.88009e-05, 8.40545e-06
1.87724e-05, 8.39279e-06
1.87439e-05, 8.38014e-06
1.87154e-05, 8.36751e-06
1.86869e-05, 8.35491e-06
1.86585e-05, 8.34233e-06
1.86302e-05, 8.32977e-06
1.86019e-05, 8.31723e-06
1.85736e-05, 8.30471e-06
1.85453e-05, 8.29222e-06
1.85171e-05, 8.27975e-06
1.8489e-05, 8.26729e-06
1.84608e-05, 8.25486e-06
1.84328e-05, 8.24245e-06
1.84047e-05, 8.23006e-06
1.83767e-05, 8.2177e-06
1.83487e-05, 8.20535e-06
1.83208e-05, 8.19302e-06
1.82929e-05, 8.18072e-06
1.8265e-05, 8.16844e-06
1.82372e-05, 8.15618e-06
1.82094e-05, 8.14394e-06
1.81817e-05, 8.13172e-06
1.8154e-05, 8.11952e-06
1.81263e-05, 8.10734e-06
1.80987e-05, 8.09518e-06
1.80711e-05, 8.08305e-06
1.80435e-05, 8.07093e-06
1.8016e-05, 8.05884e-06
1.79886e-05, 8.04676e-06
1.79611e-05, 8.03471e-06
1.79337e-05, 8.02268e-06
1.79064e-05, 8.01067e-06
1.7879e-05, 7.99868e-06
1.78518e-05, 7.98671e-06
1.78245e-05, 7.97476e-06
1.77973e-05, 7.96283e-06
1.77702e-05, 7.95092e-06
1.7743e-05, 7.93903e-06
1.77159e-05, 7.92717e-06
1.76889e-05, 7.91532e-06
1.76619e-05, 7.90349e-06
1.76349e-05, 7.89169e-06
1.7608e-05, 7.8799e-06
1.75811e-05, 7.86814e-06
1.75542e-05, 7.85639e-06
1.75274e-05, 7.84467e-06
1.75006e-05, 7.83296e-06
1.74739e-05, 7.82128e-06
1.74472e-05, 7.80961e-06
1.74205e-05, 7.79797e-06
1.73939e-05, 7.78634e-06
1.73673e-05, 7.77474e-06
1.73407e-05, 7.76316e-06
1.73142e-05, 7.75159e-06
1.72877e-05, 7.74005e-06
1.72613e-05, 7.72852e-06
1.72349e-05, 7.71702e-06
1.72085e-05, 7.70553e-06
1.71822e-05, 7.69407e-06
1.71559e-05, 7.68262e-06
1.71297e-05, 7.6712e-06
1.71035e-05, 7.65979e-06
1.70773e-05, 7.6484e-06
1.70512e-05, 7.63704e-06
1.70251e-05, 7.62569e-06
1.6999e-05, 7.61436e-06
1.6973e-05, 7.60306e-06
1.6947e-05, 7.59177e-06
1.69211e-05, 7.5805e-06
1.68952e-05, 7.56925e-06
1.68693e-05, 7.55802e-06
1.68435e-05, 7.54681e-06
1.68177e-05, 7.53562e-06
1.67919e-05, 7.52444e-06
1.67662e-05, 7.51329e-06
1.67405e-05, 7.50216e-06
1.67149e-05, 7.49104e-06
1.66893e-05, 7.47995e-06
1.66637e-05, 7.46887e-06
1.66382e-05, 7.45782e-06
1.66127e-05, 7.44678e-06
1.65873e-05, 7.43576e-06
1.65619e-05, 7.42476e-06
1.65365e-05, 7.41378e-06
1.65112e-05, 7.40282e-06
1.64859e-05, 7.39187e-06
1.64606e-05, 7.38095e-06
1.64354e-05, 7.37005e-06
1.64102e-05, 7.35916e-06
1.6385e-05, 7.34829e-06
1.63599e-05, 7.33744e-06
1.63349e-05, 7.32661e-06
1.63098e-05, 7.3158e-06
1.62848e-05, 7.30501e-06
1.62599e-05, 7.29423e-06
1.62349e-05, 7.28348e-06
1.621e-05, 7.27274e-06
1.61852e-05, 7.26202e-06
1.61604e-05, 7.25132e-06
1.61356e-05, 7.24064e-06
1.61109e-05, 7.22998e-06
1.60862e-05, 7.21933e-06
1.60615e-05, 7.20871e-06
1.60369e-05, 7.1981e-06
1.60123e-05, 7.18751e-06
1.59877e-05, 7.17694e-06
1.59632e-05, 7.16639e-06
1.59388e-05, 7.15585e-06
1.59143e-05, 7.14534e-06
1.58899e-05, 7.13484e-06
1.58656e-05, 7.12436e-06
1.58412e-05, 7.11389e-06
1.58169e-05, 7.10345e-06
1.57927e-05, 7.09302e-06
1.57685e-05, 7.08262e-06
1.57443e-05, 7.07223e-06
1.57201e-05, 7.06185e-06
1.5696e-05, 7.0515e-06
1.5672e-05, 7.04116e-06
1.56479e-05, 7.03084e-06
1.56239e-05, 7.02054e-06
1.56e-05, 7.01026e-06
1.55761e-05, 6.99999e-06
1.55522e-05, 6.98975e-06
1.55283e-05, 6.97952e-06
1.55045e-05, 6.9693e-06
1.54807e-05, 6.95911e-06
1.5457e-05, 6.94893e-06
1.54333e-05, 6.93877e-06
1.54096e-05, 6.92863e-06
1.5386e-05, 6.91851e-06
1.53624e-05, 6.9084e-06
1.53388e-05, 6.89831e-06
1.53153e-05, 6.88824e-06
1.52918e-05, 6.87818e-06
1.52684e-05, 6.86815e-06
1.5245e-05, 6.85813e-06
1.52216e-05, 6.84812e-06
1.51983e-05, 6.83814e-06
1.5175e-05, 6.82817e-06
1.51517e-05, 6.81822e-06
1.51285e-05, 6.80828e-06
1.51053e-05, 6.79837e-06
1.50821e-05, 6.78847e-06
1.5059e-05, 6.77859e-06
1.50359e-05, 6.76872e-06
1.50129e-05, 6.75887e-06
1.49898e-05, 6.74904e-06
1.49669e-05, 6.73922e-06
1.49439e-05, 6.72943e-06
1.4921e-05, 6.71965e-06
1.48981e-05, 6.70988e-06
1.48753e-05, 6.70014e-06
1.48525e-05, 6.6904e-06
1.48297e-05, 6.68069e-06
1.4807e-05, 6.67099e-06
1.47843e-05, 6.66131e-06
1.47617e-05, 6.65165e-06
1.4739e-05, 6.642e-06
1.47165e-05, 6.63237e-06
1.46939e-05, 6.62276e-06
1.46714e-05, 6.61316e-06
1.46489e-05, 6.60358e-06
1.46265e-05, 6.59402e-06
1.46041e-05, 6.58447e-06
1.45817e-05, 6.57494e-06
1.45594e-05, 6.56543e-06
1.45371e-05, 6.55593e-06
1.45148e-05, 6.54645e-06
1.44926e-05, 6.53698e-06
1.44704e-05, 6.52753e-06
1.44482e-05, 6.5181e-06
1.44261e-05, 6.50868e-06
1.4404e-05, 6.49928e-06
1.43819e-05, 6.4899e-06
1.43599e-05, 6.48053e-06
1.43379e-05, 6.47118e-06
1.4316e-05, 6.46184e-06
1.42941e-05, 6.45252e-06
1.42722e-05, 6.44322e-06
1.42503e-05, 6.43393e-06
1.42285e-05, 6.42466e-06
1.42067e-05, 6.4154e-06
1.4185e-05, 6.40616e-06
1.41633e-05, 6.39694e-06
1.41416e-05, 6.38773e-06
1.412e-05, 6.37853e-06
1.40984e-05, 6.36936e-06
1.40768e-05, 6.3602e-06
1.40553e-05, 6.35105e-06
1.40338e-05, 6.34192e-06
1.40123e-05, 6.33281e-06
1.39909e-05, 6.32371e-06
1.39695e-05, 6.31463e-06
1.39481e-05, 6.30556e-06
1.39268e-05, 6.29651e-06
1.39055e-05, 6.28747e-06
1.38842e-05, 6.27845e-06
1.3863e-05, 6.26945e-06
1.38418e-05, 6.26046e-06
1.38207e-05, 6.25149e-06
1.37995e-05, 6.24253e-06
1.37784e-05, 6.23359e-06
1.37574e-05, 6.22466e-06
1.37364e-05, 6.21575e-06
1.37154e-05, 6.20685e-06
1.36944e-05, 6.19797e-06
1.36735e-05, 6.1891e-06
1.36526e-05, 6.18025e-06
1.36318e-05, 6.17141e-06
1.36109e-05, 6.16259e-06
1.35902e-05, 6.15379e-06
1.35694e-05, 6.145e-06
1.35487e-05, 6.13622e-06
1.3528e-05, 6.12746e-06
1.35074e-05, 6.11871e-06
1.34867e-05, 6.10998e-06
1.34662e-05, 6.10127e-06
1.34456e-05, 6.09257e-06
1.34251e-05, 6.08388e-06
1.34046e-05, 6.07521e-06
1.33842e-05, 6.06655e-06
1.33637e-05, 6.05791e-06
1.33434e-05, 6.04929e-06
1.3323e-05, 6.04068e-06
1.33027e-05, 6.03208e-06
1.32824e-05, 6.0235e-06
1.32621e-05, 6.01493e-06
1.32419e-05, 6.00638e-06
1.32217e-05, 5.99784e-06
1.32016e-05, 5.98931e-06
1.31815e-05, 5.98081e-06
1.31614e-05, 5.97231e-06
1.31413e-05, 5.96383e-06
1.31213e-05, 5.95537e-06
1.31013e-05, 5.94691e-06
1.30814e-05, 5.93848e-06
1.30614e-05, 5.93006e-06
1.30415e-05, 5.92165e-06
1.30217e-05, 5.91326e-06
1.30019e-05, 5.90488e-06
1.29821e-05, 5.89651e-06
1.29623e-05, 5.88816e-06
1.29426e-05, 5.87983e-06
1.29229e-05, 5.8715e-06
1.29032e-05, 5.8632e-06
1.28836e-05, 5.8549e-06
1.2864e-05, 5.84662e-06
1.28444e-05, 5.83836e-06
1.28249e-05, 5.83011e-06
1.28054e-05, 5.82187e-06
1.27859e-05, 5.81365e-06
1.27665e-05, 5.80544e-06
1.27471e-05, 5.79724e-06
1.27277e-05, 5.78906e-06
1.27084e-05, 5.7809e-06
1.2689e-05, 5.77274e-06
1.26698e-05, 5.7646e-06
1.26505e-05, 5.75648e-06
1.26313e-05, 5.74837e-06
1.26121e-05, 5.74027e-06
1.2593e-05, 5.73219e-06
1.25738e-05, 5.72412e-06
1.25548e-05, 5.71606e-06
1.25357e-05, 5.70802e-06
1.25167e-05, 5.69999e-06
1.24977e-05, 5.69197e-06
1.24787e-05, 5.68397e-06
1.24598e-05, 5.67599e-06
1.24409e-05, 5.66801e-06
1.2422e-05, 5.66005e-06
1.24032e-05, 5.6521e-06
1.23844e-05, 5.64417e-06
1.23656e-05, 5.63625e-06
1.23468e-05, 5.62834e-06
1.23281e-05, 5.62045e-06
1.23095e-05, 5.61257e-06
1.22908e-05, 5.6047e-06
1.22722e-05, 5.59685e-06
1.22536e-05, 5.58901e-06
1.2235e-05, 5.58119e-06
1.22165e-05, 5.57337e-06
1.2198e-05, 5.56557e-06
1.21795e-05, 5.55779e-06
1.21611e-05, 5.55001e-06
1.21427e-05, 5.54225e-06
1.21243e-05, 5.53451e-06
1.2106e-05, 5.52677e-06
1.20877e-05, 5.51905e-06
1.20694e-05, 5.51134e-06
1.20511e-05, 5.50365e-06
1.20329e-05, 5.49597e-06
1.20147e-05, 5.4883e-06
1.19966e-05, 5.48064e-06
1.19784e-05, 5.473e-06
1.19603e-05, 5.46537e-06
1.19423e-05, 5.45776e-06
1.19242e-05, 5.45015e-06
1.19062e-05, 5.44256e-06
1.18882e-05, 5.43498e-06
1.18703e-05, 5.42742e-06
1.18524e-05, 5.41987e-06
1.18345e-05, 5.41233e-06
1.18166e-05, 5.4048e-06
1.17988e-05, 5.39729e-06
1.1781e-05, 5.38979e-06
1.17632e-05, 5.3823e-06
1.17455e-05, 5.37482e-06
1.17278e-05, 5.36736e-06
1.17101e-05, 5.35991e-06
1.16924e-05, 5.35247e-06
1.16748e-05, 5.34504e-06
1.16572e-05, 5.33763e-06
1.16397e-05, 5.33023e-06
1.16221e-05, 5.32284e-06
1.16046e-05, 5.31547e-06
1.15871e-05, 5.3081e-06
1.15697e-05, 5.30075e-06
1.15523e-05, 5.29342e-06
1.15349e-05, 5.28609e-06
1.15175e-05, 5.27878e-06
1.15002e-05, 5.27148e-06
1.14829e-05, 5.26419e-06
1.14656e-05, 5.25691e-06
1.14484e-05, 5.24965e-06
1.14312e-05, 5.24239e-06
1.1414e-05, 5.23515e-06
1.13991e-05, 5.22793e-06
1.13898e-05, 5.22071e-06
1.13806e-05, 5.21351e-06
1.13713e-05, 5.20632e-06
1.1362e-05, 5.19914e-06
1.13528e-05, 5.19197e-06
1.13435e-05, 5.18482e-06
1.13342e-05, 5.17767e-06
1.13249e-05, 5.17054e-06
1.13156e-05, 5.16342e-06
1.13063e-05, 5.15632e-06
1.1297e-05, 5.14922e-06
1.12877e-05, 5.14214e-06
1.12784e-05, 5.13507e-06
1.1269e-05, 5.12801e-06
1.12597e-05, 5.12096e-06
1.12504e-05, 5.11393e-06
1.1241e-05, 5.1069e-06
1.12317e-05, 5.09989e-06
1.12224e-05, 5.09289e-06
1.1213e-05, 5.0859e-06
1.12037e-05, 5.07893e-06
1.11943e-05, 5.07196e-06
1.11849e-05, 5.06501e-06
1.11756e-05, 5.05807e-06
1.11662e-05, 5.05114e-06
1.11568e-05, 5.04422e-06
1.11475e-05, 5.03731e-06
1.11381e-05, 5.03042e-06
1.11287e-05, 5.02354e-06
1.11193e-05, 5.01666e-06
1.11099e-05, 5.0098e-06
1.11006e-05, 5.00296e-06
1.10912e-05, 4.99612e-06
1.10818e-05, 4.98929e-06
1.10724e-05, 4.98248e-06
1.1063e-05, 4.97567e-06
1.10536e-05, 4.96888e-06
1.10442e-05, 4.9621e-06
1.10348e-05, 4.95533e-06
1.10253e-05, 4.94857e-06
1.10159e-05, 4.94183e-06
1.10065e-05, 4.93509e-06
1.09971e-05, 4.92837e-06
1.09877e-05, 4.92166e-06
1.09782e-05, 4.91496e-06
1.09688e-05, 4.90827e-06
1.09594e-05, 4.90159e-06
1.095e-05, 4.89492e-06
1.09405e-05, 4.88826e-06
1.09311e-05, 4.88162e-06
1.09217e-05, 4.87498e-06
1.09122e-05, 4.86836e-06
1.09028e-05, 4.86174e-06
1.08933e-05, 4.85514e-06
1.08839e-05, 4.84855e-06
1.08744e-05, 4.84197e-06
1.0865e-05, 4.8354e-06
1.08556e-05, 4.82885e-06
1.08461e-05, 4.8223e-06
1.08367e-05, 4.81576e-06
1.08272e-05, 4.80924e-06
1.08178e-05, 4.80273e-06
1.08083e-05, 4.79622e-06
1.07988e-05, 4.78973e-06
1.07894e-05, 4.78325e-06
1.07799e-05, 4.77678e-06
1.07705e-05, 4.77032e-06
1.0761e-05, 4.76387e-06
1.07516e-05, 4.75743e-06
1.07421e-05, 4.751e-06
1.07326e-05, 4.74458e-06
1.07232e-05, 4.73818e-06
1.07137e-05, 4.73178e-06
1.07043e-05, 4.7254e-06
1.06948e-05, 4.71902e-06
1.06853e-05, 4.71266e-06
1.06759e-05, 4.7063e-06
1.06664e-05, 4.69996e-06
1.06569e-05, 4.69363e-06
1.06475e-05, 4.68731e-06
1.0638e-05, 4.68099e-06
1.06285e-05, 4.67469e-06
1.06191e-05, 4.6684e-06
1.06096e-05, 4.66212e-06
1.06001e-05, 4.65585e-06
1.05907e-05, 4.64959e-06
1.05812e-05, 4.64334e-06
1.05718e-05, 4.63711e-06
1.05623e-05, 4.63088e-06
1.05528e-05, 4.62466e-06
1.05434e-05, 4.61845e-06
1.05339e-05, 4.61225e-06
1.05244e-05, 4.60607e-06
1.0515e-05, 4.59989e-06
1.05055e-05, 4.59372e-06
1.04961e-05, 4.58757e-06
1.04866e-05, 4.58142e-06
1.04771e-05, 4.57528e-06
1.04677e-05, 4.56916e-06
1.04582e-05, 4.56304e-06
1.04488e-05, 4.55693e-06
1.04393e-05, 4.55084e-06
1.04299e-05, 4.54475e-06
1.04204e-05, 4.53868e-06
1.0411e-05, 4.53261e-06
1.04015e-05, 4.52655e-06
1.03921e-05, 4.52051e-06
1.03826e-05, 4.51447e-06
1.03732e-05, 4.50845e-06
1.03637e-05, 4.50243e-06
1.03543e-05, 4.49642e-06
1.03448e-05, 4.49043e-06
1.03354e-05, 4.48444e-06
1.03259e-05, 4.47846e-06
1.03165e-05, 4.4725e-06
1.03071e-05, 4.46654e-06
1.02976e-05, 4.46059e-06
1.02882e-05, 4.45466e-06
1.02788e-05, 4.44873e-06
1.02693e-05, 4.44281e-06
1.02599e-05, 4.4369e-06
1.02505e-05, 4.431e-06
1.02411e-05, 4.42512e-06
1.02316e-05, 4.41924e-06
1.02222e-05, 4.41337e-06
1.02128e-05, 4.40751e-06
1.02034e-05, 4.40166e-06
1.0194e-05, 4.39582e-06
1.01846e-05, 4.38998e-06
1.01751e-05, 4.38416e-06
1.01657e-05, 4.37835e-06
1.01563e-05, 4.37255e-06
1.01469e-05, 4.36676e-06
1.01375e-05, 4.36097e-06
1.01281e-05, 4.3552e-06
1.01187e-05, 4.34943e-06
1.01093e-05, 4.34368e-06
1.00999e-05, 4.33793e-06
1.00906e-05, 4.3322e-06
1.00812e-05, 4.32647e-06
1.00718e-05, 4.32075e-06
1.00624e-05, 4.31504e-06
1.0053e-05, 4.30934e-06
1.00437e-05, 4.30365e-06
1.00343e-05, 4.29797e-06
1.00249e-05, 4.2923e-06
1.00155e-05, 4.28664e-06
1.00062e-05, 4.28099e-06
9.99681e-06, 4.27535e-06
9.98746e-06, 4.26971e-06
9.9781e-06, 4.26409e-06
9.96875e-06, 4.25847e-06
9.9594e-06, 4.25286e-06
9.95005e-06, 4.24727e-06
9.94071e-06, 4.24168e-06
9.93137e-06, 4.2361e-06
9.92203e-06, 4.23053e-06
9.9127e-06, 4.22497e-06
9.90337e-06, 4.21942e-06
9.89404e-06, 4.21387e-06
9.88472e-06, 4.20834e-06
9.8754e-06, 4.20281e-06
9.86608e-06, 4.1973e-06
9.85676e-06, 4.19179e-06
9.84745e-06, 4.18629e-06
9.83815e-06, 4.1808e-06
9.82884e-06, 4.17532e-06
9.81954e-06, 4.16985e-06
9.81025e-06, 4.16439e-06
9.80096e-06, 4.15894e-06
9.79167e-06, 4.15349e-06
9.78238e-06, 4.14805e-06
9.7731e-06, 4.14263e-06
9.76382e-06, 4.13721e-06
9.75455e-06, 4.1318e-06
9.74528e-06, 4.1264e-06
9.73601e-06, 4.12101e-06
9.72675e-06, 4.11562e-06
9.71749e-06, 4.11025e-06
9.70824e-06, 4.10488e-06
9.69899e-06, 4.09953e-06
9.68974e-06, 4.09418e-06
9.6805e-06, 4.08884e-06
9.67126e-06, 4.08351e-06
9.66202e-06, 4.07818e-06
9.65279e-06, 4.07287e-06
9.64357e-06, 4.06756e-06
9.63435e-06, 4.06227e-06
9.62513e-06, 4.05698e-06
9.61591e-06, 4.0517e-06
9.6067e-06, 4.04643e-06
9.5975e-06, 4.04116e-06
9.5883e-06, 4.03591e-06
9.5791e-06, 4.03066e-06
9.56991e-06, 4.02543e-06
9.56072e-06, 4.0202e-06
9.55154e-06, 4.01498e-06
9.54236e-06, 4.00977e-06
9.53319e-06, 4.00456e-06
9.52402e-06, 3.99937e-06
9.51485e-06, 3.99418e-06
9.50569e-06, 3.989e-06
9.49653e-06, 3.98383e-06
9.48738e-06, 3.97867e-06
9.47823e-06, 3.97351e-06
9.46909e-06, 3.96837e-06
9.45995e-06, 3.96323e-06
9.45082e-06, 3.9581e-06
9.44169e-06, 3.95298e-06
9.43257e-06, 3.94787e-06
9.42345e-06, 3.94277e-06
9.41434e-06, 3.93767e-06
9.40523e-06, 3.93258e-06
9.39612e-06, 3.9275e-06
9.38702e-06, 3.92243e-06
9.37793e-06, 3.91737e-06
9.36884e-06, 3.91231e-06
9.35975e-06, 3.90727e-06
9.35067e-06, 3.90223e-06
9.3416e-06, 3.8972e-06
9.33253e-06, 3.89217e-06
9.32346e-06, 3.88716e-06
9.3144e-06, 3.88215e-06
9.30535e-06, 3.87715e-06
9.2963e-06, 3.87216e-06
9.28726e-06, 3.86718e-06
9.27822e-06, 3.8622e-06
9.26918e-06, 3.85724e-06
9.26015e-06, 3.85228e-06
9.25113e-06, 3.84733e-06
9.24211e-06, 3.84238e-06
9.2331e-06, 3.83745e-06
9.22409e-06, 3.83252e-06
9.21509e-06, 3.8276e-06
9.20609e-06, 3.82269e-06
9.1971e-06, 3.81779e-06
9.18811e-06, 3.81289e-06
9.17913e-06, 3.808e-06
9.17015e-06, 3.80312e-06
9.16118e-06, 3.79825e-06
9.15222e-06, 3.79339e-06
9.14326e-06, 3.78853e-06
9.1343e-06, 3.78368e-06
9.12535e-06, 3.77884e-06
9.11641e-06, 3.774e-06
9.10747e-06, 3.76918e-06
9.09854e-06, 3.76436e-06
9.08961e-06, 3.75955e-06
9.08069e-06, 3.75474e-06
9.07178e-06, 3.74995e-06
9.06287e-06, 3.74516e-06
9.05396e-06, 3.74038e-06
9.04506e-06, 3.73561e-06
9.03617e-06, 3.73084e-06
9.02728e-06, 3.72608e-06
9.0184e-06, 3.72133e-06
9.00953e-06, 3.71659e-06
9.00066e-06, 3.71186e-06
8.99179e-06, 3.70713e-06
8.98293e-06, 3.70241e-06
8.97408e-06, 3.6977e-06
8.96523e-06, 3.69299e-06
8.95639e-06, 3.68829e-06
8.94756e-06, 3.6836e-06
8.93873e-06, 3.67892e-06
8.9299e-06, 3.67425e-06
8.92109e-06, 3.66958e-06
8.91227e-06, 3.66492e-06
8.90347e-06, 3.66026e-06
8.89467e-06, 3.65562e-06
8.88588e-06, 3.65098e-06
8.87709e-06, 3.64635e-06
8.86831e-06, 3.64172e-06
8.85953e-06, 3.63711e-06
8.85076e-06, 3.6325e-06
8.842e-06, 3.6279e-06
8.83324e-06, 3.6233e-06
8.82449e-06, 3.61871e-06
8.81574e-06, 3.61413e-06
8.807e-06, 3.60956e-06
8.79827e-06, 3.605e-06
8.78954e-06, 3.60044e-06
8.78082e-06, 3.59589e-06
8.7721e-06, 3.59134e-06
8.76339e-06, 3.5868e-06
8.75469e-06, 3.58227e-06
8.746e-06, 3.57775e-06
8.7373e-06, 3.57324e-06
8.72862e-06, 3.56873e-06
8.71994e-06, 3.56423e-06
8.71127e-06, 3.55973e-06
8.70261e-06, 3.55524e-06
8.69395e-06, 3.55076e-06
8.68529e-06, 3.54629e-06
8.67665e-06, 3.54182e-06
8.66801e-06, 3.53736e-06
8.65937e-06, 3.53291e-06
8.65075e-06, 3.52847e-06
8.64212e-06, 3.52403e-06
8.63351e-06, 3.5196e-06
8.6249e-06, 3.51517e-06
8.6163e-06, 3.51076e-06
8.6077e-06, 3.50634e-06
8.59911e-06, 3.50194e-06
8.59053e-06, 3.49754e-06
8.58195e-06, 3.49315e-06
8.57338e-06, 3.48877e-06
8.56482e-06, 3.4844e-06
8.55626e-06, 3.48003e-06
8.54771e-06, 3.47566e-06
8.53917e-06, 3.47131e-06
8.53063e-06, 3.46696e-06
8.5221e-06, 3.46262e-06
8.51358e-06, 3.45828e-06
8.50506e-06, 3.45395e-06
8.49655e-06, 3.44963e-06
8.48804e-06, 3.44532e-06
8.47954e-06, 3.44101e-06
8.47105e-06, 3.43671e-06
8.46257e-06, 3.43241e-06
8.45409e-06, 3.42812e-06
8.44562e-06, 3.42384e-06
8.43715e-06, 3.41957e-06
8.42869e-06, 3.4153e-06
8.42024e-06, 3.41104e-06
8.41179e-06, 3.40678e-06
8.40335e-06, 3.40253e-06
8.39492e-06, 3.39829e-06
8.3865e-06, 3.39406e-06
8.37808e-06, 3.38983e-06
8.36967e-06, 3.38561e-06
8.36126e-06, 3.38139e-06
8.35286e-06, 3.37718e-06
8.34447e-06, 3.37298e-06
8.33608e-06, 3.36879e-06
8.32771e-06, 3.3646e-06
8.31933e-06, 3.36041e-06
8.31097e-06, 3.35624e-06
8.30261e-06, 3.35207e-06
8.29426e-06, 3.3479e-06
8.28591e-06, 3.34375e-06
8.27758e-06, 3.3396e-06
8.26924e-06, 3.33545e-06
8.26092e-06, 3.33132e-06
8.2526e-06, 3.32719e-06
8.24429e-06, 3.32306e-06
8.23599e-06, 3.31894e-06
8.22769e-06, 3.31483e-06
8.2194e-06, 3.31072e-06
8.21112e-06, 3.30663e-06
8.20284e-06, 3.30253e-06
8.19457e-06, 3.29845e-06
8.18631e-06, 3.29437e-06
8.17805e-06, 3.29029e-06
8.1698e-06, 3.28622e-06
8.16156e-06, 3.28216e-06
8.15333e-06, 3.27811e-06
8.1451e-06, 3.27406e-06
8.13688e-06, 3.27002e-06
8.12866e-06, 3.26598e-06
8.12045e-06, 3.26195e-06
8.11225e-06, 3.25793e-06
8.10406e-06, 3.25391e-06
8.09587e-06, 3.2499e-06
8.08769e-06, 3.24589e-06
8.07952e-06, 3.24189e-06
8.07135e-06, 3.2379e-06
8.06319e-06, 3.23391e-06
8.05504e-06, 3.22993e-06
8.0469e-06, 3.22596e-06
8.03876e-06, 3.22199e-06
8.03063e-06, 3.21803e-06
8.0225e-06, 3.21407e-06
8.01439e-06, 3.21012e-06
8.00628e-06, 3.20617e-06
7.99817e-06, 3.20224e-06
7.99008e-06, 3.1983e-06
7.98199e-06, 3.19438e-06
7.97391e-06, 3.19046e-06
7.96583e-06, 3.18654e-06
7.95776e-06, 3.18264e-06
7.9497e-06, 3.17873e-06
7.94165e-06, 3.17484e-06
7.9336e-06, 3.17095e-06
7.92556e-06, 3.16706e-06
7.91753e-06, 3.16319e-06
7.9095e-06, 3.15931e-06
7.90149e-06, 3.15545e-06
7.89347e-06, 3.15159e-06
7.88547e-06, 3.14773e-06
7.87747e-06, 3.14388e-06
7.86948e-06, 3.14004e-06
7.8615e-06, 3.1362e-06
7.85352e-06, 3.13237e-06
7.84555e-06, 3.12855e-06
7.83759e-06, 3.12473e-06
7.82964e-06, 3.12091e-06
7.82169e-06, 3.11711e-06
7.81375e-06, 3.1133e-06
7.80582e-06, 3.10951e-06
7.79789e-06, 3.10572e-06
7.78997e-06, 3.10193e-06
7.78206e-06, 3.09815e-06
7.77415e-06, 3.09438e-06
7.76626e-06, 3.09061e-06
7.75837e-06, 3.08685e-06
7.75048e-06, 3.0831e-06
7.74261e-06, 3.07935e-06
7.73474e-06, 3.0756e-06
7.72687e-06, 3.07186e-06
7.71902e-06, 3.06813e-06
7.71117e-06, 3.0644e-06
7.70333e-06, 3.06068e-06
7.6955e-06, 3.05697e-06
7.68767e-06, 3.05325e-06
7.67985e-06, 3.04955e-06
7.67204e-06, 3.04585e-06
7.66424e-06, 3.04216e-06
7.65644e-06, 3.03847e-06
7.64865e-06, 3.03479e-06
7.64087e-06, 3.03111e-06
7.63309e-06, 3.02744e-06
7.62532e-06, 3.02377e-06
7.61756e-06, 3.02011e-06
7.60981e-06, 3.01646e-06
7.60206e-06, 3.01281e-06
7.59432e-06, 3.00917e-06
7.58659e-06, 3.00553e-06
7.57886e-06, 3.0019e-06
7.57114e-06, 2.99827e-06
7.56343e-06, 2.99465e-06
7.55573e-06, 2.99103e-06
7.54803e-06, 2.98742e-06
7.54034e-06, 2.98381e-06
7.53266e-06, 2.98021e-06
7.52498e-06, 2.97662e-06
7.51732e-06, 2.97303e-06
7.50965e-06, 2.96945e-06
7.502e-06, 2.96587e-06
7.49435e-06, 2.9623e-06
7.48672e-06, 2.95873e-06
7.47908e-06, 2.95517e-06
7.47146e-06, 2.95161e-06
7.46384e-06, 2.94806e-06
7.45623e-06, 2.94451e-06
7.44863e-06, 2.94097e-06
7.44103e-06, 2.93744e-06
7.43344e-06, 2.93391e-06
7.42586e-06, 2.93038e-06
7.41829e-06, 2.92686e-06
7.41072e-06, 2.92335e-06
7.40316e-06, 2.91984e-06
7.39561e-06, 2.91634e-06
7.38807e-06, 2.91284e-06
7.38053e-06, 2.90935e-06
7.373e-06, 2.90586e-06
7.36547e-06, 2.90238e-06
7.35796e-06, 2.8989e-06
7.35045e-06, 2.89543e-06
7.34295e-06, 2.89196e-06
7.33545e-06, 2.8885e-06
7.32797e-06, 2.88504e-06
7.32049e-06, 2.88159e-06
7.31301e-06, 2.87815e-06
7.30555e-06, 2.8747e-06
7.29809e-06, 2.87127e-06
7.29064e-06, 2.86784e-06
7.28319e-06, 2.86441e-06
7.27576e-06, 2.86099e-06
7.26833e-06, 2.85758e-06
7.26091e-06, 2.85417e-06
7.25349e-06, 2.85076e-06
7.24608e-06, 2.84736e-06
7.23868e-06, 2.84397e-06
7.23129e-06, 2.84058e-06
7.2239e-06, 2.83719e-06
7.21652e-06, 2.83381e-06
7.20915e-06, 2.83044e-06
7.20179e-06, 2.82707e-06
7.19443e-06, 2.8237e-06
7.18708e-06, 2.82034e-06
7.17974e-06, 2.81699e-06
7.1724e-06, 2.81364e-06
7.16508e-06, 2.81029e-06
7.15776e-06, 2.80695e-06
7.15044e-06, 2.80362e-06
7.14314e-06, 2.80029e-06
7.13584e-06, 2.79696e-06
7.12854e-06, 2.79364e-06
7.12126e-06, 2.79033e-06
7.11398e-06, 2.78702e-06
7.10671e-06, 2.78371e-06
7.09945e-06, 2.78041e-06
7.09219e-06, 2.77712e-06
7.08494e-06, 2.77383e-06
7.0777e-06, 2.77054e-06
7.07047e-06, 2.76726e-06
7.06324e-06, 2.76398e-06
7.05602e-06, 2.76071e-06
7.04881e-06, 2.75745e-06
7.0416e-06, 2.75419e-06
7.0344e-06, 2.75093e-06
7.02721e-06, 2.74768e-06
7.02003e-06, 2.74443e-06
7.01285e-06, 2.74119e-06
7.00568e-06, 2.73795e-06
6.99852e-06, 2.73472e-06
6.99137e-06, 2.73149e-06
6.98422e-06, 2.72827e-06
6.97708e-06, 2.72505e-06
6.96995e-06, 2.72184e-06
6.96282e-06, 2.71863e-06
6.9557e-06, 2.71542e-06
6.94859e-06, 2.71222e-06
6.94148e-06, 2.70903e-06
6.93439e-06, 2.70584e-06
6.9273e-06, 2.70265e-06
6.92021e-06, 2.69947e-06
6.91314e-06, 2.6963e-06
6.90607e-06, 2.69313e-06
6.89901e-06, 2.68996e-06
6.89195e-06, 2.6868e-06
6.88491e-06, 2.68364e-06
6.87787e-06, 2.68049e-06
6.87083e-06, 2.67734e-06
6.86381e-06, 2.6742e-06
6.85679e-06, 2.67106e-06
6.84978e-06, 2.66792e-06
6.84277e-06, 2.66479e-06
6.83578e-06, 2.66167e-06
6.82879e-06, 2.65855e-06
6.8218e-06, 2.65543e-06
6.81483e-06, 2.65232e-06
6.80786e-06, 2.64922e-06
6.8009e-06, 2.64611e-06
6.79394e-06, 2.64302e-06
6.787e-06, 2.63992e-06
6.78006e-06, 2.63683e-06
6.77312e-06, 2.63375e-06
6.7662e-06, 2.63067e-06
6.75928e-06, 2.6276e-06
6.75237e-06, 2.62453e-06
6.74546e-06, 2.62146e-06
6.73857e-06, 2.6184e-06
6.73168e-06, 2.61534e-06
6.72479e-06, 2.61229e-06
6.71792e-06, 2.60924e-06
6.71105e-06, 2.6062e-06
6.70419e-06, 2.60316e-06
6.69733e-06, 2.60012e-06
6.69048e-06, 2.59709e-06
6.68364e-06, 2.59407e-06
6.67681e-06, 2.59105e-06
6.66998e-06, 2.58803e-06
6.66317e-06, 2.58502e-06
6.65635e-06, 2.58201e-06
6.64955e-06, 2.579e-06
6.64275e-06, 2.576e-06
6.63596e-06, 2.57301e-06
6.62918e-06, 2.57002e-06
6.6224e-06, 2.56703e-06
6.61563e-06, 2.56405e-06
6.60887e-06, 2.56107e-06
6.60211e-06, 2.5581e-06
6.59536e-06, 2.55513e-06
6.58862e-06, 2.55217e-06
6.58189e-06, 2.5492e-06
6.57516e-06, 2.54625e-06
6.56844e-06, 2.5433e-06
6.56173e-06, 2.54035e-06
6.55502e-06, 2.53741e-06
6.54832e-06, 2.53447e-06
6.54163e-06, 2.53153e-06
6.53494e-06, 2.5286e-06
6.52827e-06, 2.52567e-06
6.5216e-06, 2.52275e-06
6.51493e-06, 2.51983e-06
6.50827e-06, 2.51692e-06
6.50162e-06, 2.51401e-06
6.49498e-06, 2.51111e-06
6.48834e-06, 2.50821e-06
6.48172e-06, 2.50531e-06
6.47509e-06, 2.50242e-06
6.46848e-06, 2.49953e-06
6.46187e-06, 2.49664e-06
6.45527e-06, 2.49376e-06
6.44868e-06, 2.49089e-06
6.44209e-06, 2.48802e-06
6.43551e-06, 2.48515e-06
6.42893e-06, 2.48228e-06
6.42237e-06, 2.47942e-06
6.41581e-06, 2.47657e-06
6.40926e-06, 2.47372e-06
6.40271e-06, 2.47087e-06
6.39617e-06, 2.46803e-06
6.38964e-06, 2.46519e-06
6.38312e-06, 2.46235e-06
6.3766e-06, 2.45952e-06
6.37009e-06, 2.4567e-06
6.36358e-06, 2.45387e-06
6.35709e-06, 2.45106e-06
6.3506e-06, 2.44824e-06
6.34411e-06, 2.44543e-06
6.33764e-06, 2.44262e-06
6.33117e-06, 2.43982e-06
6.32471e-06, 2.43702e-06
6.31825e-06, 2.43423e-06
6.3118e-06, 2.43144e-06
6.30536e-06, 2.42865e-06
6.29892e-06, 2.42587e-06
6.2925e-06, 2.42309e-06
6.28608e-06, 2.42032e-06
6.27966e-06, 2.41755e-06
6.27325e-06, 2.41478e-06
6.26685e-06, 2.41202e-06
6.26046e-06, 2.40926e-06
6.25407e-06, 2.4065e-06
6.24769e-06, 2.40375e-06
6.24132e-06, 2.40101e-06
6.23495e-06, 2.39826e-06
6.22859e-06, 2.39552e-06
6.22224e-06, 2.39279e-06
6.2159e-06, 2.39006e-06
6.20956e-06, 2.38733e-06
6.20322e-06, 2.38461e-06
6.1969e-06, 2.38189e-06
6.19058e-06, 2.37917e-06
6.18427e-06, 2.37646e-06
6.17796e-06, 2.37375e-06
6.17166e-06, 2.37105e-06
6.16537e-06, 2.36835e-06
6.15909e-06, 2.36565e-06
6.15281e-06, 2.36296e-06
6.14654e-06, 2.36027e-06
6.14028e-06, 2.35759e-06
6.13402e-06, 2.35491e-06
6.12777e-06, 2.35223e-06
6.12152e-06, 2.34956e-06
6.11529e-06, 2.34689e-06
6.10905e-06, 2.34422e-06
6.10283e-06, 2.34156e-06
6.09661e-06, 2.3389e-06
6.0904e-06, 2.33625e-06
6.0842e-06, 2.3336e-06
6.078e-06, 2.33095e-06
6.07181e-06, 2.32831e-06
6.06563e-06, 2.32567e-06
6.05945e-06, 2.32303e-06
6.05328e-06, 2.3204e-06
6.04712e-06, 2.31777e-06
6.04096e-06, 2.31515e-06
6.03481e-06, 2.31253e-06
6.02867e-06, 2.30991e-06
6.02253e-06, 2.3073e-06
6.0164e-06, 2.30469e-06
6.01028e-06, 2.30208e-06
6.00416e-06, 2.29948e-06
5.99805e-06, 2.29688e-06
5.99195e-06, 2.29428e-06
5.98585e-06, 2.29169e-06
5.97976e-06, 2.2891e-06
5.97368e-06, 2.28652e-06
5.9676e-06, 2.28394e-06
5.96153e-06, 2.28136e-06
5.95547e-06, 2.27879e-06
5.94941e-06, 2.27622e-06
5.94336e-06, 2.27366e-06
5.93732e-06, 2.27109e-06
5.93128e-06, 2.26853e-06
5.92525e-06, 2.26598e-06
5.91922e-06, 2.26343e-06
5.91321e-06, 2.26088e-06
5.90719e-06, 2.25834e-06
5.90119e-06, 2.2558e-06
5.89519e-06, 2.25326e-06
5.8892e-06, 2.25073e-06
5.88322e-06, 2.2482e-06
5.87724e-06, 2.24567e-06
5.87127e-06, 2.24315e-06
5.8653e-06, 2.24063e-06
5.85934e-06, 2.23811e-06
5.85339e-06, 2.2356e-06
5.84745e-06, 2.23309e-06
5.84151e-06, 2.23058e-06
5.83558e-06, 2.22808e-06
5.82965e-06, 2.22559e-06
5.82373e-06, 2.22309e-06
5.81782e-06, 2.2206e-06
5.81191e-06, 2.21811e-06
5.80601e-06, 2.21563e-06
5.80012e-06, 2.21315e-06
5.79423e-06, 2.21067e-06
5.78835e-06, 2.2082e-06
5.78248e-06, 2.20573e-06
5.77661e-06, 2.20326e-06
5.77075e-06, 2.20079e-06
5.76489e-06, 2.19833e-06
5.75904e-06, 2.19588e-06
5.7532e-06, 2.19342e-06
5.74737e-06, 2.19098e-06
5.74154e-06, 2.18853e-06
5.73572e-06, 2.18609e-06
5.7299e-06, 2.18365e-06
5.72409e-06, 2.18121e-06
5.71829e-06, 2.17878e-06
5.71249e-06, 2.17635e-06
5.7067e-06, 2.17392e-06
5.70092e-06, 2.1715e-06
5.69514e-06, 2.16908e-06
5.68937e-06, 2.16666e-06
5.6836e-06, 2.16425e-06
5.67784e-06, 2.16184e-06
5.67209e-06, 2.15944e-06
5.66635e-06, 2.15703e-06
5.66061e-06, 2.15464e-06
5.65487e-06, 2.15224e-06
5.64915e-06, 2.14985e-06
5.64343e-06, 2.14746e-06
5.63771e-06, 2.14507e-06
5.632e-06, 2.14269e-06
5.6263e-06, 2.14031e-06
5.62061e-06, 2.13794e-06
5.61492e-06, 2.13556e-06
5.60924e-06, 2.13319e-06
5.60356e-06, 2.13083e-06
5.59789e-06, 2.12846e-06
5.59223e-06, 2.1261e-06
5.58657e-06, 2.12375e-06
5.58092e-06, 2.1214e-06
5.57527e-06, 2.11905e-06
5.56963e-06, 2.1167e-06
5.564e-06, 2.11436e-06
5.55838e-06, 2.11202e-06
5.55276e-06, 2.10968e-06
5.54714e-06, 2.10735e-06
5.54153e-06, 2.10502e-06
5.53593e-06, 2.10269e-06
5.53034e-06, 2.10036e-06
5.52475e-06, 2.09804e-06
5.51917e-06, 2.09573e-06
5.51359e-06, 2.09341e-06
5.50802e-06, 2.0911e-06
5.50246e-06, 2.08879e-06
5.4969e-06, 2.08649e-06
5.49135e-06, 2.08419e-06
5.4858e-06, 2.08189e-06
5.48026e-06, 2.07959e-06
5.47473e-06, 2.0773e-06
5.4692e-06, 2.07501e-06
5.46368e-06, 2.07273e-06
5.45817e-06, 2.07044e-06
5.45266e-06, 2.06816e-06
5.44716e-06, 2.06589e-06
5.44166e-06, 2.06361e-06
5.43617e-06, 2.06134e-06
5.43069e-06, 2.05908e-06
5.42521e-06, 2.05681e-06
5.41974e-06, 2.05455e-06
5.41427e-06, 2.0523e-06
5.40881e-06, 2.05004e-06
5.40336e-06, 2.04779e-06
5.39791e-06, 2.04554e-06
5.39247e-06, 2.0433e-06
5.38703e-06, 2.04105e-06
5.3816e-06, 2.03881e-06
5.37618e-06, 2.03658e-06
5.37076e-06, 2.03434e-06
5.36535e-06, 2.03211e-06
5.35995e-06, 2.02989e-06
5.35455e-06, 2.02766e-06
5.34916e-06, 2.02544e-06
5.34377e-06, 2.02322e-06
5.33839e-06, 2.02101e-06
5.33301e-06, 2.0188e-06
5.32765e-06, 2.01659e-06
5.32228e-06, 2.01438e-06
5.31693e-06, 2.01218e-06
5.31157e-06, 2.00998e-06
5.30623e-06, 2.00778e-06
5.30089e-06, 2.00559e-06
5.29556e-06, 2.0034e-06
5.29023e-06, 2.00121e-06
5.28491e-06, 1.99903e-06
5.2796e-06, 1.99684e-06
5.27429e-06, 1.99467e-06
5.26898e-06, 1.99249e-06
5.26369e-06, 1.99032e-06
5.25839e-06, 1.98815e-06
5.25311e-06, 1.98598e-06
5.24783e-06, 1.98382e-06
5.24256e-06, 1.98165e-06
5.23729e-06, 1.9795e-06
5.23203e-06, 1.97734e-06
5.22677e-06, 1.97519e-06
5.22152e-06, 1.97304e-06
5.21628e-06, 1.97089e-06
5.21104e-06, 1.96875e-06
5.20581e-06, 1.96661e-06
5.20058e-06, 1.96447e-06
5.19536e-06, 1.96233e-06
5.19014e-06, 1.9602e-06
5.18494e-06, 1.95807e-06
5.17973e-06, 1.95595e-06
5.17454e-06, 1.95382e-06
5.16934e-06, 1.9517e-06
5.16416e-06, 1.94958e-06
5.15898e-06, 1.94747e-06
5.15381e-06, 1.94536e-06
5.14864e-06, 1.94325e-06
5.14347e-06, 1.94114e-06
5.13832e-06, 1.93904e-06
5.13317e-06, 1.93694e-06
5.12802e-06, 1.93484e-06
5.12288e-06, 1.93275e-06
5.11775e-06, 1.93065e-06
5.11262e-06, 1.92856e-06
5.1075e-06, 1.92648e-06
5.10238e-06, 1.92439e-06
5.09727e-06, 1.92231e-06
5.09217e-06, 1.92023e-06
5.08707e-06, 1.91816e-06
5.08198e-06, 1.91609e-06
5.07689e-06, 1.91402e-06
5.07181e-06, 1.91195e-06
5.06673e-06, 1.90989e-06
5.06166e-06, 1.90782e-06
5.0566e-06, 1.90577e-06
5.05154e-06, 1.90371e-06
5.04649e-06, 1.90166e-06
5.04144e-06, 1.89961e-06
5.0364e-06, 1.89756e-06
5.03136e-06, 1.89551e-06
5.02633e-06, 1.89347e-06
5.0213e-06, 1.89143e-06
5.01629e-06, 1.8894e-06
5.01127e-06, 1.88736e-06
5.00626e-06, 1.88533e-06
5.00126e-06, 1.8833e-06
4.99627e-06, 1.88128e-06
4.99127e-06, 1.87925e-06
4.98629e-06, 1.87723e-06
4.98131e-06, 1.87522e-06
4.97633e-06, 1.8732e-06
4.97137e-06, 1.87119e-06
4.9664e-06, 1.86918e-06
4.96145e-06, 1.86717e-06
4.95649e-06, 1.86517e-06
4.95155e-06, 1.86317e-06
4.94661e-06, 1.86117e-06
4.94167e-06, 1.85917e-06
4.93674e-06, 1.85718e-06
4.93182e-06, 1.85519e-06
4.9269e-06, 1.8532e-06
4.92199e-06, 1.85121e-06
4.91708e-06, 1.84923e-06
4.91218e-06, 1.84725e-06
4.90728e-06, 1.84527e-06
4.90239e-06, 1.8433e-06
4.89751e-06, 1.84133e-06
4.89263e-06, 1.83936e-06
4.88775e-06, 1.83739e-06
4.88288e-06, 1.83542e-06
4.87802e-06, 1.83346e-06
4.87316e-06, 1.8315e-06
4.86831e-06, 1.82955e-06
4.86346e-06, 1.82759e-06
4.85862e-06, 1.82564e-06
4.85378e-06, 1.82369e-06
4.84895e-06, 1.82175e-06
4.84413e-06, 1.8198e-06
4.83931e-06, 1.81786e-06
4.8345e-06, 1.81592e-06
4.82969e-06, 1.81399e-06
4.82488e-06, 1.81205e-06
4.82009e-06, 1.81012e-06
4.81529e-06, 1.80819e-06
4.81051e-06, 1.80627e-06
4.80572e-06, 1.80434e-06
4.80095e-06, 1.80242e-06
4.79618e-06, 1.80051e-06
4.79141e-06, 1.79859e-06
4.78665e-06, 1.79668e-06
4.7819e-06, 1.79477e-06
4.77715e-06, 1.79286e-06
4.7724e-06, 1.79095e-06
4.76766e-06, 1.78905e-06
4.76293e-06, 1.78715e-06
4.7582e-06, 1.78525e-06
4.75348e-06, 1.78336e-06
4.74876e-06, 1.78146e-06
4.74405e-06, 1.77957e-06
4.73934e-06, 1.77768e-06
4.73464e-06, 1.7758e-06
4.72995e-06, 1.77392e-06
4.72525e-06, 1.77204e-06
4.72057e-06, 1.77016e-06
4.71589e-06, 1.76828e-06
4.71121e-06, 1.76641e-06
4.70654e-06, 1.76454e-06
4.70188e-06, 1.76267e-06
4.69722e-06, 1.7608e-06
4.69257e-06, 1.75894e-06
4.68792e-06, 1.75708e-06
4.68327e-06, 1.75522e-06
4.67864e-06, 1.75337e-06
4.674e-06, 1.75151e-06
4.66938e-06, 1.74966e-06
4.66475e-06, 1.74781e-06
4.66014e-06, 1.74597e-06
4.65552e-06, 1.74412e-06
4.65092e-06, 1.74228e-06
4.64632e-06, 1.74044e-06
4.64172e-06, 1.7386e-06
4.63713e-06, 1.73677e-06
4.63254e-06, 1.73494e-06
4.62796e-06, 1.73311e-06
4.62338e-06, 1.73128e-06
4.61881e-06, 1.72946e-06
4.61425e-06, 1.72764e-06
4.60969e-06, 1.72582e-06
4.60513e-06, 1.724e-06
4.60058e-06, 1.72218e-06
4.59604e-06, 1.72037e-06
4.5915e-06, 1.71856e-06
4.58696e-06, 1.71675e-06
4.58243e-06, 1.71495e-06
4.57791e-06, 1.71314e-06
4.57339e-06, 1.71134e-06
4.56888e-06, 1.70954e-06
4.56437e-06, 1.70775e-06
4.55986e-06, 1.70595e-06
4.55536e-06, 1.70416e-06
4.55087e-06, 1.70237e-06
4.54638e-06, 1.70059e-06
4.5419e-06, 1.6988e-06
4.53742e-06, 1.69702e-06
4.53295e-06, 1.69524e-06
4.52848e-06, 1.69346e-06
4.52401e-06, 1.69169e-06
4.51956e-06, 1.68991e-06
4.5151e-06, 1.68814e-06
4.51065e-06, 1.68637e-06
4.50621e-06, 1.68461e-06
4.50177e-06, 1.68284e-06
4.49734e-06, 1.68108e-06
4.49291e-06, 1.67932e-06
4.48849e-06, 1.67757e-06
4.48407e-06, 1.67581e-06
4.47966e-06, 1.67406e-06
4.47525e-06, 1.67231e-06
4.47084e-06, 1.67056e-06
4.46645e-06, 1.66882e-06
4.46205e-06, 1.66707e-06
4.45766e-06, 1.66533e-06
4.45328e-06, 1.66359e-06
4.4489e-06, 1.66186e-06
4.44453e-06, 1.66012e-06
4.44016e-06, 1.65839e-06
4.43579e-06, 1.65666e-06
4.43144e-06, 1.65493e-06
4.42708e-06, 1.65321e-06
4.42273e-06, 1.65148e-06
4.41839e-06, 1.64976e-06
4.41405e-06, 1.64804e-06
4.40971e-06, 1.64633e-06
4.40539e-06, 1.64461e-06
4.40106e-06, 1.6429e-06
4.39674e-06, 1.64119e-06
4.39243e-06, 1.63948e-06
4.38812e-06, 1.63778e-06
4.38381e-06, 1.63607e-06
4.37951e-06, 1.63437e-06
4.37522e-06, 1.63267e-06
4.37092e-06, 1.63098e-06
4.36664e-06, 1.62928e-06
4.36236e-06, 1.62759e-06
4.35808e-06, 1.6259e-06
4.35381e-06, 1.62421e-06
4.34954e-06, 1.62253e-06
4.34528e-06, 1.62084e-06
4.34103e-06, 1.61916e-06
4.33677e-06, 1.61748e-06
4.33253e-06, 1.6158e-06
4.32828e-06, 1.61413e-06
4.32405e-06, 1.61246e-06
4.31981e-06, 1.61079e-06
4.31559e-06, 1.60912e-06
4.31136e-06, 1.60745e-06
4.30714e-06, 1.60579e-06
4.30293e-06, 1.60412e-06
4.29872e-06, 1.60246e-06
4.29452e-06, 1.60081e-06
4.29032e-06, 1.59915e-06
4.28612e-06, 1.5975e-06
4.28193e-06, 1.59584e-06
4.27775e-06, 1.59419e-06
4.27357e-06, 1.59255e-06
4.26939e-06, 1.5909e-06
4.26522e-06, 1.58926e-06
4.26105e-06, 1.58762e-06
4.25689e-06, 1.58598e-06
4.25273e-06, 1.58434e-06
4.24858e-06, 1.58271e-06
4.24443e-06, 1.58107e-06
4.24029e-06, 1.57944e-06
4.23615e-06, 1.57781e-06
4.23202e-06, 1.57619e-06
4.22789e-06, 1.57456e-06
4.22376e-06, 1.57294e-06
4.21964e-06, 1.57132e-06
4.21553e-06, 1.5697e-06
4.21142e-06, 1.56809e-06
4.20731e-06, 1.56647e-06
4.20321e-06, 1.56486e-06
4.19911e-06, 1.56325e-06
4.19502e-06, 1.56164e-06
4.19093e-06, 1.56004e-06
4.18685e-06, 1.55843e-06
4.18277e-06, 1.55683e-06
4.1787e-06, 1.55523e-06
4.17463e-06, 1.55363e-06
4.17056e-06, 1.55204e-06
4.1665e-06, 1.55044e-06
4.16245e-06, 1.54885e-06
4.1584e-06, 1.54726e-06
4.15435e-06, 1.54567e-06
4.15031e-06, 1.54409e-06
4.14627e-06, 1.54251e-06
4.14224e-06, 1.54092e-06
4.13821e-06, 1.53934e-06
4.13419e-06, 1.53777e-06
4.13017e-06, 1.53619e-06
4.12615e-06, 1.53462e-06
4.12214e-06, 1.53305e-06
4.11814e-06, 1.53148e-06
4.11414e-06, 1.52991e-06
4.11014e-06, 1.52834e-06
4.10615e-06, 1.52678e-06
4.10216e-06, 1.52522e-06
4.09818e-06, 1.52366e-06
4.0942e-06, 1.5221e-06
4.09022e-06, 1.52054e-06
4.08625e-06, 1.51899e-06
4.08229e-06, 1.51744e-06
4.07833e-06, 1.51589e-06
4.07437e-06, 1.51434e-06
4.07042e-06, 1.51279e-06
4.06647e-06, 1.51125e-06
4.06253e-06, 1.50971e-06
4.05859e-06, 1.50817e-06
4.05466e-06, 1.50663e-06
4.05073e-06, 1.50509e-06
4.0468e-06, 1.50356e-06
4.04288e-06, 1.50203e-06
4.03896e-06, 1.50049e-06
4.03505e-06, 1.49897e-06
4.03114e-06, 1.49744e-06
4.02724e-06, 1.49591e-06
4.02334e-06, 1.49439e-06
4.01945e-06, 1.49287e-06
4.01556e-06, 1.49135e-06
4.01167e-06, 1.48983e-06
4.00779e-06, 1.48832e-06
4.00391e-06, 1.48681e-06
4.00004e-06, 1.48529e-06
3.99617e-06, 1.48378e-06
3.99231e-06, 1.48228e-06
3.98845e-06, 1.48077e-06
3.98459e-06, 1.47927e-06
3.98074e-06, 1.47776e-06
3.97689e-06, 1.47626e-06
3.97305e-06, 1.47477e-06
3.96921e-06, 1.47327e-06
3.96538e-06, 1.47178e-06
3.96155e-06, 1.47028e-06
3.95772e-06, 1.46879e-06
3.9539e-06, 1.4673e-06
3.95009e-06, 1.46582e-06
3.94627e-06, 1.46433e-06
3.94247e-06, 1.46285e-06
3.93866e-06, 1.46137e-06
3.93486e-06, 1.45989e-06
3.93107e-06, 1.45841e-06
3.92728e-06, 1.45693e-06
3.92349e-06, 1.45546e-06
3.91971e-06, 1.45399e-06
3.91593e-06, 1.45251e-06
3.91215e-06, 1.45105e-06
3.90838e-06, 1.44958e-06
3.90462e-06, 1.44811e-06
3.90086e-06, 1.44665e-06
3.8971e-06, 1.44519e-06
3.89335e-06, 1.44373e-06
3.8896e-06, 1.44227e-06
3.88585e-06, 1.44082e-06
3.88211e-06, 1.43936e-06
3.87838e-06, 1.43791e-06
3.87464e-06, 1.43646e-06
3.87091e-06, 1.43501e-06
3.86719e-06, 1.43356e-06
3.86347e-06, 1.43212e-06
3.85976e-06, 1.43068e-06
3.85604e-06, 1.42923e-06
3.85234e-06, 1.42779e-06
3.84863e-06, 1.42636e-06
3.84494e-06, 1.42492e-06
3.84124e-06, 1.42349e-06
3.83755e-06, 1.42205e-06
3.83386e-06, 1.42062e-06
3.83018e-06, 1.41919e-06
3.8265e-06, 1.41777e-06
3.82283e-06, 1.41634e-06
3.81916e-06, 1.41492e-06
3.81549e-06, 1.41349e-06
3.81183e-06, 1.41207e-06
3.80817e-06, 1.41065e-06
3.80452e-06, 1.40924e-06
3.80087e-06, 1.40782e-06
3.79722e-06, 1.40641e-06
3.79358e-06, 1.405e-06
3.78994e-06, 1.40359e-06
3.78631e-06, 1.40218e-06
3.78268e-06, 1.40077e-06
3.77906e-06, 1.39937e-06
3.77543e-06, 1.39797e-06
3.77182e-06, 1.39657e-06
3.7682e-06, 1.39517e-06
3.7646e-06, 1.39377e-06
3.76099e-06, 1.39237e-06
3.75739e-06, 1.39098e-06
3.75379e-06, 1.38959e-06
3.7502e-06, 1.38819e-06
3.74661e-06, 1.38681e-06
3.74302e-06, 1.38542e-06
3.73944e-06, 1.38403e-06
3.73587e-06, 1.38265e-06
3.73229e-06, 1.38127e-06
3.72872e-06, 1.37989e-06
3.72516e-06, 1.37851e-06
3.7216e-06, 1.37713e-06
3.71804e-06, 1.37575e-06
3.71449e-06, 1.37438e-06
3.71094e-06, 1.37301e-06
3.70739e-06, 1.37164e-06
3.70385e-06, 1.37027e-06
3.70031e-06, 1.3689e-06
3.69678e-06, 1.36754e-06
3.69325e-06, 1.36617e-06
3.68972e-06, 1.36481e-06
3.6862e-06, 1.36345e-06
3.68269e-06, 1.36209e-06
3.67917e-06, 1.36073e-06
3.67566e-06, 1.35938e-06
3.67215e-06, 1.35802e-06
3.66865e-06, 1.35667e-06
3.66515e-06, 1.35532e-06
3.66166e-06, 1.35397e-06
3.65817e-06, 1.35263e-06
3.65468e-06, 1.35128e-06
3.6512e-06, 1.34994e-06
3.64772e-06, 1.34859e-06
3.64425e-06, 1.34725e-06
3.64077e-06, 1.34591e-06
3.63731e-06, 1.34458e-06
3.63384e-06, 1.34324e-06
3.63038e-06, 1.34191e-06
3.62693e-06, 1.34057e-06
3.62348e-06, 1.33924e-06
3.62003e-06, 1.33791e-06
3.61658e-06, 1.33659e-06
3.61314e-06, 1.33526e-06
3.60971e-06, 1.33394e-06
3.60627e-06, 1.33261e-06
3.60284e-06, 1.33129e-06
3.59942e-06, 1.32997e-06
3.596e-06, 1.32866e-06
3.59258e-06, 1.32734e-06
3.58917e-06, 1.32602e-06
3.58576e-06, 1.32471e-06
3.58235e-06, 1.3234e-06
3.57895e-06, 1.32209e-06
3.57555e-06, 1.32078e-06
3.57215e-06, 1.31947e-06
3.56876e-06, 1.31817e-06
3.56538e-06, 1.31687e-06
3.56199e-06, 1.31556e-06
3.55861e-06, 1.31426e-06
3.55524e-06, 1.31296e-06
3.55186e-06, 1.31167e-06
3.54849e-06, 1.31037e-06
3.54513e-06, 1.30908e-06
3.54177e-06, 1.30778e-06
3.53841e-06, 1.30649e-06
3.53506e-06, 1.3052e-06
3.53171e-06, 1.30392e-06
3.52836e-06, 1.30263e-06
3.52502e-06, 1.30134e-06
3.52168e-06, 1.30006e-06
3.51834e-06, 1.29878e-06
3.51501e-06, 1.2975e-06
3.51168e-06, 1.29622e-06
3.50836e-06, 1.29494e-06
3.50504e-06, 1.29367e-06
3.50172e-06, 1.29239e-06
3.49841e-06, 1.29112e-06
3.4951e-06, 1.28985e-06
3.49179e-06, 1.28858e-06
3.48849e-06, 1.28731e-06
3.48519e-06, 1.28605e-06
3.4819e-06, 1.28478e-06
3.4786e-06, 1.28352e-06
3.47532e-06, 1.28226e-06
3.47203e-06, 1.281e-06
3.46875e-06, 1.27974e-06
3.46548e-06, 1.27848e-06
3.4622e-06, 1.27722e-06
3.45893e-06, 1.27597e-06
3.45567e-06, 1.27472e-06
3.4524e-06, 1.27347e-06
3.44915e-06, 1.27222e-06
3.44589e-06, 1.27097e-06
3.44264e-06, 1.26972e-06
3.43939e-06, 1.26848e-06
3.43615e-06, 1.26723e-06
3.4329e-06, 1.26599e-06
3.42967e-06, 1.26475e-06
3.42643e-06, 1.26351e-06
3.4232e-06, 1.26227e-06
3.41998e-06, 1.26103e-06
3.41675e-06, 1.2598e-06
3.41353e-06, 1.25857e-06
3.41032e-06, 1.25733e-06
3.40711e-06, 1.2561e-06
3.4039e-06, 1.25488e-06
3.40069e-06, 1.25365e-06
3.39749e-06, 1.25242e-06
3.39429e-06, 1.2512e-06
3.3911e-06, 1.24997e-06
3.3879e-06, 1.24875e-06
3.38472e-06, 1.24753e-06
3.38153e-06, 1.24631e-06
3.37835e-06, 1.2451e-06
3.37517e-06, 1.24388e-06
3.372e-06, 1.24267e-06
3.36883e-06, 1.24145e-06
3.36566e-06, 1.24024e-06
3.3625e-06, 1.23903e-06
3.35934e-06, 1.23782e-06
3.35618e-06, 1.23662e-06
3.35303e-06, 1.23541e-06
3.34988e-06, 1.23421e-06
3.34674e-06, 1.233e-06
3.34359e-06, 1.2318e-06
3.34045e-06, 1.2306e-06
3.33732e-06, 1.2294e-06
3.33419e-06, 1.22821e-06
3.33106e-06, 1.22701e-06
3.32793e-06, 1.22582e-06
3.32481e-06, 1.22462e-06
3.32169e-06, 1.22343e-06
3.31858e-06, 1.22224e-06
3.31546e-06, 1.22105e-06
3.31236e-06, 1.21987e-06
3.30925e-06, 1.21868e-06
3.30615e-06, 1.2175e-06
3.30305e-06, 1.21631e-06
3.29996e-06, 1.21513e-06
3.29687e-06, 1.21395e-06
3.29378e-06, 1.21277e-06
3.29069e-06, 1.21159e-06
3.28761e-06, 1.21042e-06
3.28453e-06, 1.20924e-06
3.28146e-06, 1.20807e-06
3.27839e-06, 1.2069e-06
3.27532e-06, 1.20573e-06
3.27226e-06, 1.20456e-06
3.2692e-06, 1.20339e-06
3.26614e-06, 1.20222e-06
3.26308e-06, 1.20106e-06
3.26003e-06, 1.1999e-06
3.25699e-06, 1.19873e-06
3.25394e-06, 1.19757e-06
3.2509e-06, 1.19641e-06
3.24786e-06, 1.19526e-06
3.24483e-06, 1.1941e-06
3.2418e-06, 1.19294e-06
3.23877e-06, 1.19179e-06
3.23575e-06, 1.19064e-06
3.23273e-06, 1.18949e-06
3.22971e-06, 1.18834e-06
3.22669e-06, 1.18719e-06
3.22368e-06, 1.18604e-06
3.22067e-06, 1.18489e-06
3.21767e-06, 1.18375e-06
3.21467e-06, 1.18261e-06
3.21167e-06, 1.18146e-06
3.20868e-06, 1.18032e-06
3.20568e-06, 1.17918e-06
3.2027e-06, 1.17805e-06
3.19971e-06, 1.17691e-06
3.19673e-06, 1.17577e-06
3.19375e-06, 1.17464e-06
3.19078e-06, 1.17351e-06
3.1878e-06, 1.17238e-06
3.18483e-06, 1.17125e-06
3.18187e-06, 1.17012e-06
3.17891e-06, 1.16899e-06
3.17595e-06, 1.16787e-06
3.17299e-06, 1.16674e-06
3.17004e-06, 1.16562e-06
3.16709e-06, 1.1645e-06
3.16414e-06, 1.16338e-06
3.1612e-06, 1.16226e-06
3.15826e-06, 1.16114e-06
3.15532e-06, 1.16002e-06
3.15239e-06, 1.15891e-06
3.14946e-06, 1.15779e-06
3.14653e-06, 1.15668e-06
3.14361e-06, 1.15557e-06
3.14069e-06, 1.15446e-06
3.13777e-06, 1.15335e-06
3.13486e-06, 1.15224e-06
3.13195e-06, 1.15113e-06
3.12904e-06, 1.15003e-06
3.12613e-06, 1.14893e-06
3.12323e-06, 1.14782e-06
3.12033e-06, 1.14672e-06
3.11744e-06, 1.14562e-06
3.11455e-06, 1.14452e-06
3.11166e-06, 1.14343e-06
3.10877e-06, 1.14233e-06
3.10589e-06, 1.14124e-06
3.10301e-06, 1.14014e-06
3.10013e-06, 1.13905e-06
3.09726e-06, 1.13796e-06
3.09439e-06, 1.13687e-06
3.09152e-06, 1.13578e-06
3.08866e-06, 1.13469e-06
3.0858e-06, 1.13361e-06
3.08294e-06, 1.13252e-06
3.08008e-06, 1.13144e-06
3.07723e-06, 1.13036e-06
3.07438e-06, 1.12928e-06
3.07154e-06, 1.1282e-06
3.0687e-06, 1.12712e-06
3.06586e-06, 1.12604e-06
3.06302e-06, 1.12497e-06
3.06019e-06, 1.12389e-06
3.05736e-06, 1.12282e-06
3.05453e-06, 1.12175e-06
3.05171e-06, 1.12068e-06
3.04889e-06, 1.11961e-06
3.04607e-06, 1.11854e-06
3.04325e-06, 1.11747e-06
3.04044e-06, 1.11641e-06
3.03763e-06, 1.11534e-06
3.03483e-06, 1.11428e-06
3.03202e-06, 1.11322e-06
3.02922e-06, 1.11215e-06
3.02643e-06, 1.11109e-06
3.02363e-06, 1.11004e-06
3.02084e-06, 1.10898e-06
3.01806e-06, 1.10792e-06
3.01527e-06, 1.10687e-06
3.01249e-06, 1.10581e-06
3.00971e-06, 1.10476e-06
3.00693e-06, 1.10371e-06
3.00416e-06, 1.10266e-06
3.00139e-06, 1.10161e-06
2.99863e-06, 1.10056e-06
2.99586e-06, 1.09952e-06
2.9931e-06, 1.09847e-06
2.99034e-06, 1.09743e-06
2.98759e-06, 1.09639e-06
2.98484e-06, 1.09534e-06
2.98209e-06, 1.0943e-06
2.97934e-06, 1.09326e-06
2.9766e-06, 1.09223e-06
2.97386e-06, 1.09119e-06
2.97112e-06, 1.09015e-06
2.96839e-06, 1.08912e-06
2.96566e-06, 1.08809e-06
2.96293e-06, 1.08705e-06
2.96021e-06, 1.08602e-06
2.95748e-06, 1.08499e-06
2.95476e-06, 1.08397e-06
2.95205e-06, 1.08294e-06
2.94933e-06, 1.08191e-06
2.94662e-06, 1.08089e-06
2.94392e-06, 1.07986e-06
2.94121e-06, 1.07884e-06
2.93851e-06, 1.07782e-06
2.93581e-06, 1.0768e-06
2.93311e-06, 1.07578e-06
2.93042e-06, 1.07476e-06
2.92773e-06, 1.07375e-06
2.92504e-06, 1.07273e-06
2.92236e-06, 1.07172e-06
2.91968e-06, 1.0707e-06
2.917e-06, 1.06969e-06
2.91432e-06, 1.06868e-06
2.91165e-06, 1.06767e-06
2.90898e-06, 1.06666e-06
2.90631e-06, 1.06565e-06
2.90365e-06, 1.06465e-06
2.90099e-06, 1.06364e-06
2.89833e-06, 1.06264e-06
2.89567e-06, 1.06164e-06
2.89302e-06, 1.06063e-06
2.89037e-06, 1.05963e-06
2.88772e-06, 1.05863e-06
2.88508e-06, 1.05764e-06
2.88244e-06, 1.05664e-06
2.8798e-06, 1.05564e-06
2.87716e-06, 1.05465e-06
2.87453e-06, 1.05365e-06
2.8719e-06, 1.05266e-06
2.86927e-06, 1.05167e-06
2.86665e-06, 1.05068e-06
2.86402e-06, 1.04969e-06
2.86141e-06, 1.0487e-06
2.85879e-06, 1.04771e-06
2.85618e-06, 1.04673e-06
2.85357e-06, 1.04574e-06
2.85096e-06, 1.04476e-06
2.84835e-06, 1.04378e-06
2.84575e-06, 1.0428e-06
2.84315e-06, 1.04182e-06
2.84055e-06, 1.04084e-06
2.83796e-06, 1.03986e-06
2.83537e-06, 1.03888e-06
2.83278e-06, 1.03791e-06
2.83019e-06, 1.03693e-06
2.82761e-06, 1.03596e-06
2.82503e-06, 1.03499e-06
2.82245e-06, 1.03401e-06
2.81988e-06, 1.03304e-06
2.81731e-06, 1.03207e-06
2.81474e-06, 1.03111e-06
2.81217e-06, 1.03014e-06
2.80961e-06, 1.02917e-06
2.80705e-06, 1.02821e-06
2.80449e-06, 1.02724e-06
2.80193e-06, 1.02628e-06
2.79938e-06, 1.02532e-06
2.79683e-06, 1.02436e-06
2.79428e-06, 1.0234e-06
2.79174e-06, 1.02244e-06
2.7892e-06, 1.02148e-06
2.78666e-06, 1.02053e-06
2.78412e-06, 1.01957e-06
2.78159e-06, 1.01862e-06
2.77906e-06, 1.01767e-06
2.77653e-06, 1.01671e-06
2.774e-06, 1.01576e-06
2.77148e-06, 1.01481e-06
2.76896e-06, 1.01387e-06
2.76644e-06, 1.01292e-06
2.76393e-06, 1.01197e-06
2.76141e-06, 1.01103e-06
2.7589e-06, 1.01008e-06
2.7564e-06, 1.00914e-06
2.75389e-06, 1.0082e-06
2.75139e-06, 1.00726e-06
2.74889e-06, 1.00631e-06
2.7464e-06, 1.00538e-06
2.7439e-06, 1.00444e-06
2.74141e-06, 1.0035e-06
2.73892e-06, 1.00257e-06
2.73644e-06, 1.00163e-06
2.73395e-06, 1.0007e-06
2.73147e-06, 9.99764e-07
2.729e-06, 9.98832e-07
2.72652e-06, 9.97901e-07
2.72405e-06, 9.96972e-07
2.72158e-06, 9.96043e-07
2.71911e-06, 9.95115e-07
2.71665e-06, 9.94189e-07
2.71418e-06, 9.93264e-07
2.71172e-06, 9.92339e-07
2.70927e-06, 9.91416e-07
2.70681e-06, 9.90493e-07
2.70436e-06, 9.89572e-07
2.70191e-06, 9.88652e-07
2.69947e-06, 9.87733e-07
2.69702e-06, 9.86814e-07
2.69458e-06, 9.85897e-07
2.69214e-06, 9.84981e-07
2.68971e-06, 9.84066e-07
2.68727e-06, 9.83152e-07
2.68484e-06, 9.82239e-07
2.68241e-06, 9.81326e-07
2.67999e-06, 9.80415e-07
2.67756e-06, 9.79505e-07
2.67514e-06, 9.78596e-07
2.67272e-06, 9.77688e-07
2.67031e-06, 9.76781e-07
2.6679e-06, 9.75875e-07
2.66548e-06, 9.7497e-07
2.66308e-06, 9.74066e-07
2.66067e-06, 9.73163e-07
2.65827e-06, 9.72261e-07
2.65587e-06, 9.7136e-07
2.65347e-06, 9.7046e-07
2.65107e-06, 9.69562e-07
2.64868e-06, 9.68664e-07
2.64629e-06, 9.67767e-07
2.6439e-06, 9.66871e-07
2.64152e-06, 9.65976e-07
2.63914e-06, 9.65082e-07
2.63676e-06, 9.64189e-07
2.63438e-06, 9.63297e-07
2.632e-06, 9.62406e-07
2.62963e-06, 9.61516e-07
2.62726e-06, 9.60627e-07
2.62489e-06, 9.59739e-07
2.62253e-06, 9.58852e-07
2.62016e-06, 9.57966e-07
2.6178e-06, 9.57081e-07
2.61545e-06, 9.56197e-07
2.61309e-06, 9.55313e-07
2.61074e-06, 9.54431e-07
2.60839e-06, 9.5355e-07
2.60604e-06, 9.5267e-07
2.60369e-06, 9.51791e-07
2.60135e-06, 9.50913e-07
2.59901e-06, 9.50035e-07
2.59667e-06, 9.49159e-07
2.59434e-06, 9.48284e-07
2.592e-06, 9.47409e-07
2.58967e-06, 9.46536e-07
2.58734e-06, 9.45664e-07
2.58502e-06, 9.44792e-07
2.5827e-06, 9.43922e-07
2.58037e-06, 9.43052e-07
2.57806e-06, 9.42184e-07
2.57574e-06, 9.41316e-07
2.57343e-06, 9.40449e-07
2.57111e-06, 9.39584e-07
2.56881e-06, 9.38719e-07
2.5665e-06, 9.37855e-07
2.5642e-06, 9.36993e-07
2.56189e-06, 9.36131e-07
2.55959e-06, 9.3527e-07
2.5573e-06, 9.3441e-07
2.555e-06, 9.33551e-07
2.55271e-06, 9.32693e-07
2.55042e-06, 9.31836e-07
2.54814e-06, 9.30979e-07
2.54585e-06, 9.30124e-07
2.54357e-06, 9.2927e-07
2.54129e-06, 9.28417e-07
2.53901e-06, 9.27564e-07
2.53674e-06, 9.26713e-07
2.53446e-06, 9.25862e-07
2.53219e-06, 9.25012e-07
2.52992e-06, 9.24164e-07
2.52766e-06, 9.23316e-07
2.5254e-06, 9.22469e-07
2.52313e-06, 9.21623e-07
2.52088e-06, 9.20778e-07
2.51862e-06, 9.19934e-07
2.51637e-06, 9.19091e-07
2.51411e-06, 9.18249e-07
2.51187e-06, 9.17408e-07
2.50962e-06, 9.16568e-07
2.50737e-06, 9.15728e-07
2.50513e-06, 9.1489e-07
2.50289e-06, 9.14052e-07
2.50065e-06, 9.13215e-07
2.49842e-06, 9.1238e-07
2.49619e-06, 9.11545e-07
2.49396e-06, 9.10711e-07
2.49173e-06, 9.09878e-07
2.4895e-06, 9.09046e-07
2.48728e-06, 9.08215e-07
2.48506e-06, 9.07385e-07
2.48284e-06, 9.06555e-07
2.48062e-06, 9.05727e-07
2.47841e-06, 9.04899e-07
2.4762e-06, 9.04073e-07
2.47399e-06, 9.03247e-07
2.47178e-06, 9.02422e-07
2.46957e-06, 9.01598e-07
2.46737e-06, 9.00775e-07
2.46517e-06, 8.99953e-07
2.46297e-06, 8.99132e-07
2.46078e-06, 8.98311e-07
2.45858e-06, 8.97492e-07
2.45639e-06, 8.96673e-07
2.4542e-06, 8.95856e-07
2.45202e-06, 8.95039e-07
2.44983e-06, 8.94223e-07
2.44765e-06, 8.93408e-07
2.44547e-06, 8.92594e-07
2.44329e-06, 8.91781e-07
2.44112e-06, 8.90969e-07
2.43894e-06, 8.90157e-07
2.43677e-06, 8.89347e-07
2.4346e-06, 8.88537e-07
2.43244e-06, 8.87728e-07
2.43027e-06, 8.8692e-07
2.42811e-06, 8.86113e-07
2.42595e-06, 8.85307e-07
2.42379e-06, 8.84502e-07
2.42164e-06, 8.83697e-07
2.41948e-06, 8.82894e-07
2.41733e-06, 8.82091e-07
2.41519e-06, 8.81289e-07
2.41304e-06, 8.80488e-07
2.41089e-06, 8.79688e-07
2.40875e-06, 8.78889e-07
2.40661e-06, 8.78091e-07
2.40448e-06, 8.77293e-07
2.40234e-06, 8.76497e-07
2.40021e-06, 8.75701e-07
2.39808e-06, 8.74906e-07
2.39595e-06, 8.74112e-07
2.39382e-06, 8.73319e-07
2.3917e-06, 8.72527e-07
2.38958e-06, 8.71735e-07
2.38746e-06, 8.70945e-07
2.38534e-06, 8.70155e-07
2.38322e-06, 8.69366e-07
2.38111e-06, 8.68578e-07
2.379e-06, 8.67791e-07
2.37689e-06, 8.67005e-07
2.37478e-06, 8.66219e-07
2.37268e-06, 8.65435e-07
2.37058e-06, 8.64651e-07
2.36848e-06, 8.63868e-07
2.36638e-06, 8.63086e-07
2.36428e-06, 8.62305e-07
2.36219e-06, 8.61524e-07
2.3601e-06, 8.60745e-07
2.35801e-06, 8.59966e-07
2.35592e-06, 8.59188e-07
2.35383e-06, 8.58411e-07
2.35175e-06, 8.57635e-07
2.34967e-06, 8.5686e-07
2.34759e-06, 8.56085e-07
2.34552e-06, 8.55312e-07
2.34344e-06, 8.54539e-07
2.34137e-06, 8.53767e-07
2.3393e-06, 8.52996e-07
2.33723e-06, 8.52225e-07
2.33516e-06, 8.51456e-07
2.3331e-06, 8.50687e-07
2.33104e-06, 8.49919e-07
2.32898e-06, 8.49152e-07
2.32692e-06, 8.48386e-07
2.32487e-06, 8.47621e-07
2.32281e-06, 8.46856e-07
2.32076e-06, 8.46092e-07
2.31871e-06, 8.45329e-07
2.31667e-06, 8.44567e-07
2.31462e-06, 8.43806e-07
2.31258e-06, 8.43045e-07
2.31054e-06, 8.42286e-07
2.3085e-06, 8.41527e-07
2.30646e-06, 8.40769e-07
2.30443e-06, 8.40012e-07
2.3024e-06, 8.39255e-07
2.30037e-06, 8.385e-07
2.29834e-06, 8.37745e-07
2.29631e-06, 8.36991e-07
2.29429e-06, 8.36238e-07
2.29227e-06, 8.35485e-07
2.29025e-06, 8.34734e-07
2.28823e-06, 8.33983e-07
2.28621e-06, 8.33233e-07
2.2842e-06, 8.32484e-07
2.28219e-06, 8.31736e-07
2.28018e-06, 8.30988e-07
2.27817e-06, 8.30241e-07
2.27617e-06, 8.29495e-07
2.27416e-06, 8.2875e-07
2.27216e-06, 8.28006e-07
2.27016e-06, 8.27262e-07
2.26817e-06, 8.26519e-07
2.26617e-06, 8.25778e-07
2.26418e-06, 8.25036e-07
2.26219e-06, 8.24296e-07
2.2602e-06, 8.23556e-07
2.25821e-06, 8.22817e-07
2.25623e-06, 8.22079e-07
2.25424e-06, 8.21342e-07
2.25226e-06, 8.20606e-07
2.25028e-06, 8.1987e-07
2.24831e-06, 8.19135e-07
2.24633e-06, 8.18401e-07
2.24436e-06, 8.17668e-07
2.24239e-06, 8.16935e-07
2.24042e-06, 8.16203e-07
2.23845e-06, 8.15472e-07
2.23649e-06, 8.14742e-07
2.23453e-06, 8.14013e-07
2.23257e-06, 8.13284e-07
2.23061e-06, 8.12556e-07
2.22865e-06, 8.11829e-07
2.2267e-06, 8.11103e-07
2.22474e-06, 8.10377e-07
2.22279e-06, 8.09652e-07
2.22084e-06, 8.08928e-07
2.2189e-06, 8.08205e-07
2.21695e-06, 8.07483e-07
2.21501e-06, 8.06761e-07
2.21307e-06, 8.0604e-07
2.21113e-06, 8.0532e-07
2.20919e-06, 8.046e-07
2.20726e-06, 8.03882e-07
2.20532e-06, 8.03164e-07
2.20339e-06, 8.02447e-07
2.20146e-06, 8.0173e-07
2.19954e-06, 8.01015e-07
2.19761e-06, 8.003e-07
2.19569e-06, 7.99586e-07
2.19377e-06, 7.98872e-07
2.19185e-06, 7.9816e-07
2.18993e-06, 7.97448e-07
2.18802e-06, 7.96737e-07
2.1861e-06, 7.96026e-07
2.18419e-06, 7.95317e-07
2.18228e-06, 7.94608e-07
2.18037e-06, 7.939e-07
2.17847e-06, 7.93192e-07
2.17656e-06, 7.92486e-07
2.17466e-06, 7.9178e-07
2.17276e-06, 7.91075e-07
2.17087e-06, 7.9037e-07
2.16897e-06, 7.89667e-07
2.16707e-06, 7.88964e-07
2.16518e-06, 7.88262e-07
2.16329e-06, 7.8756e-07
2.1614e-06, 7.8686e-07
2.15952e-06, 7.8616e-07
2.15763e-06, 7.85461e-07
2.15575e-06, 7.84762e-07
2.15387e-06, 7.84064e-07
2.15199e-06, 7.83367e-07
2.15011e-06, 7.82671e-07
2.14824e-06, 7.81976e-07
2.14637e-06, 7.81281e-07
2.14449e-06, 7.80587e-07
2.14263e-06, 7.79893e-07
2.14076e-06, 7.79201e-07
2.13889e-06, 7.78509e-07
2.13703e-06, 7.77818e-07
2.13517e-06, 7.77127e-07
2.13331e-06, 7.76438e-07
2.13145e-06, 7.75749e-07
2.12959e-06, 7.75061e-07
2.12774e-06, 7.74373e-07
2.12589e-06, 7.73686e-07
2.12404e-06, 7.73e-07
2.12219e-06, 7.72315e-07
2.12034e-06, 7.7163e-07
2.11849e-06, 7.70946e-07
2.11665e-06, 7.70263e-07
2.11481e-06, 7.69581e-07
2.11297e-06, 7.68899e-07
2.11113e-06, 7.68218e-07
2.1093e-06, 7.67537e-07
2.10746e-06, 7.66858e-07
2.10563e-06, 7.66179e-07
2.1038e-06, 7.65501e-07
2.10197e-06, 7.64823e-07
2.10015e-06, 7.64146e-07
2.09832e-06, 7.6347e-07
2.0965e-06, 7.62795e-07
2.09468e-06, 7.6212e-07
2.09286e-06, 7.61446e-07
2.09104e-06, 7.60773e-07
2.08923e-06, 7.601e-07
2.08741e-06, 7.59428e-07
2.0856e-06, 7.58757e-07
2.08379e-06, 7.58087e-07
2.08198e-06, 7.57417e-07
2.08018e-06, 7.56748e-07
2.07837e-06, 7.5608e-07
2.07657e-06, 7.55412e-07
2.07477e-06, 7.54745e-07
2.07297e-06, 7.54079e-07
2.07117e-06, 7.53413e-07
2.06938e-06, 7.52748e-07
2.06758e-06, 7.52084e-07
2.06579e-06, 7.51421e-07
2.064e-06, 7.50758e-07
2.06221e-06, 7.50096e-07
2.06043e-06, 7.49434e-07
2.05864e-06, 7.48774e-07
2.05686e-06, 7.48113e-07
2.05508e-06, 7.47454e-07
2.0533e-06, 7.46795e-07
2.05152e-06, 7.46137e-07
2.04975e-06, 7.4548e-07
2.04797e-06, 7.44823e-07
2.0462e-06, 7.44168e-07
2.04443e-06, 7.43512e-07
2.04266e-06, 7.42858e-07
2.04089e-06, 7.42204e-07
2.03913e-06, 7.41551e-07
2.03736e-06, 7.40898e-07
2.0356e-06, 7.40246e-07
2.03384e-06, 7.39595e-07
2.03208e-06, 7.38944e-07
2.03033e-06, 7.38295e-07
2.02857e-06, 7.37645e-07
2.02682e-06, 7.36997e-07
2.02507e-06, 7.36349e-07
2.02332e-06, 7.35702e-07
2.02157e-06, 7.35055e-07
2.01983e-06, 7.3441e-07
2.01808e-06, 7.33764e-07
2.01634e-06, 7.3312e-07
2.0146e-06, 7.32476e-07
2.01286e-06, 7.31833e-07
2.01112e-06, 7.31191e-07
2.00939e-06, 7.30549e-07
2.00766e-06, 7.29908e-07
2.00592e-06, 7.29267e-07
2.00419e-06, 7.28627e-07
2.00246e-06, 7.27988e-07
2.00074e-06, 7.2735e-07
1.99901e-06, 7.26712e-07
1.99729e-06, 7.26075e-07
1.99557e-06, 7.25438e-07
1.99385e-06, 7.24802e-07
1.99213e-06, 7.24167e-07
1.99041e-06, 7.23532e-07
1.9887e-06, 7.22898e-07
1.98699e-06, 7.22265e-07
1.98527e-06, 7.21633e-07
1.98356e-06, 7.21001e-07
1.98186e-06, 7.20369e-07
1.98015e-06, 7.19739e-07
1.97845e-06, 7.19109e-07
1.97674e-06, 7.18479e-07
1.97504e-06, 7.17851e-07
1.97334e-06, 7.17223e-07
1.97164e-06, 7.16595e-07
1.96995e-06, 7.15968e-07
1.96825e-06, 7.15342e-07
1.96656e-06, 7.14717e-07
1.96487e-06, 7.14092e-07
1.96318e-06, 7.13468e-07
1.96149e-06, 7.12844e-07
1.95981e-06, 7.12221e-07
1.95812e-06, 7.11599e-07
1.95644e-06, 7.10978e-07
1.95476e-06, 7.10357e-07
1.95308e-06, 7.09736e-07
1.9514e-06, 7.09116e-07
1.94973e-06, 7.08497e-07
1.94805e-06, 7.07879e-07
1.94638e-06, 7.07261e-07
1.94471e-06, 7.06644e-07
1.94304e-06, 7.06027e-07
1.94137e-06, 7.05412e-07
1.9397e-06, 7.04796e-07
1.93804e-06, 7.04182e-07
1.93638e-06, 7.03568e-07
1.93472e-06, 7.02954e-07
1.93306e-06, 7.02341e-07
1.9314e-06, 7.01729e-07
1.92974e-06, 7.01118e-07
1.92809e-06, 7.00507e-07
1.92644e-06, 6.99897e-07
1.92478e-06, 6.99287e-07
1.92313e-06, 6.98678e-07
1.92149e-06, 6.9807e-07
1.91984e-06, 6.97462e-07
1.9182e-06, 6.96855e-07
1.91655e-06, 6.96248e-07
1.91491e-06, 6.95642e-07
1.91327e-06, 6.95037e-07
1.91163e-06, 6.94432e-07
1.91e-06, 6.93828e-07
1.90836e-06, 6.93225e-07
1.90673e-06, 6.92622e-07
1.9051e-06, 6.9202e-07
1.90346e-06, 6.91418e-07
1.90184e-06, 6.90817e-07
1.90021e-06, 6.90217e-07
1.89858e-06, 6.89617e-07
1.89696e-06, 6.89018e-07
1.89534e-06, 6.8842e-07
1.89372e-06, 6.87822e-07
1.8921e-06, 6.87224e-07
1.89048e-06, 6.86628e-07
1.88887e-06, 6.86032e-07
1.88725e-06, 6.85436e-07
1.88564e-06, 6.84841e-07
1.88403e-06, 6.84247e-07
1.88242e-06, 6.83653e-07
1.88081e-06, 6.8306e-07
1.8792e-06, 6.82468e-07
1.8776e-06, 6.81876e-07
1.876e-06, 6.81285e-07
1.87439e-06, 6.80694e-07
1.87279e-06, 6.80104e-07
1.8712e-06, 6.79514e-07
1.8696e-06, 6.78926e-07
1.868e-06, 6.78337e-07
1.86641e-06, 6.7775e-07
1.86482e-06, 6.77163e-07
1.86323e-06, 6.76576e-07
1.86164e-06, 6.7599e-07
1.86005e-06, 6.75405e-07
1.85847e-06, 6.7482e-07
1.85688e-06, 6.74236e-07
1.8553e-06, 6.73653e-07
1.85372e-06, 6.7307e-07
1.85214e-06, 6.72487e-07
1.85056e-06, 6.71906e-07
1.84898e-06, 6.71325e-07
1.84741e-06, 6.70744e-07
1.84583e-06, 6.70164e-07
1.84426e-06, 6.69585e-07
1.84269e-06, 6.69006e-07
1.84112e-06, 6.68428e-07
1.83956e-06, 6.6785e-07
1.83799e-06, 6.67273e-07
1.83643e-06, 6.66697e-07
1.83486e-06, 6.66121e-07
1.8333e-06, 6.65545e-07
1.83174e-06, 6.64971e-07
1.83018e-06, 6.64397e-07
1.82863e-06, 6.63823e-07
1.82707e-06, 6.6325e-07
1.82552e-06, 6.62678e-07
1.82397e-06, 6.62106e-07
1.82242e-06, 6.61535e-07
1.82087e-06, 6.60964e-07
1.81932e-06, 6.60394e-07
1.81777e-06, 6.59824e-07
1.81623e-06, 6.59255e-07
1.81469e-06, 6.58687e-07
1.81314e-06, 6.58119e-07
1.8116e-06, 6.57552e-07
1.81007e-06, 6.56985e-07
1.80853e-06, 6.56419e-07
1.80699e-06, 6.55854e-07
1.80546e-06, 6.55289e-07
1.80393e-06, 6.54725e-07
1.8024e-06, 6.54161e-07
1.80087e-06, 6.53598e-07
1.79934e-06, 6.53035e-07
1.79781e-06, 6.52473e-07
1.79629e-06, 6.51911e-07
1.79476e-06, 6.5135e-07
1.79324e-06, 6.5079e-07
1.79172e-06, 6.5023e-07
1.7902e-06, 6.49671e-07
1.78868e-06, 6.49112e-07
1.78717e-06, 6.48554e-07
1.78565e-06, 6.47996e-07
1.78414e-06, 6.47439e-07
1.78263e-06, 6.46883e-07
1.78112e-06, 6.46327e-07
1.77961e-06, 6.45772e-07
1.7781e-06, 6.45217e-07
1.7766e-06, 6.44662e-07
1.77509e-06, 6.44109e-07
1.77359e-06, 6.43556e-07
1.77209e-06, 6.43003e-07
1.77059e-06, 6.42451e-07
1.76909e-06, 6.419e-07
1.76759e-06, 6.41349e-07
1.7661e-06, 6.40798e-07
1.7646e-06, 6.40248e-07
1.76311e-06, 6.39699e-07
1.76162e-06, 6.3915e-07
1.76013e-06, 6.38602e-07
1.75864e-06, 6.38055e-07
1.75715e-06, 6.37508e-07
1.75567e-06, 6.36961e-07
1.75418e-06, 6.36415e-07
1.7527e-06, 6.3587e-07
1.75122e-06, 6.35325e-07
1.74974e-06, 6.3478e-07
1.74826e-06, 6.34237e-07
1.74679e-06, 6.33693e-07
1.74531e-06, 6.33151e-07
1.74384e-06, 6.32608e-07
1.74236e-06, 6.32067e-07
1.74089e-06, 6.31526e-07
1.73942e-06, 6.30985e-07
1.73796e-06, 6.30445e-07
1.73649e-06, 6.29906e-07
1.73502e-06, 6.29367e-07
1.73356e-06, 6.28828e-07
1.7321e-06, 6.2829e-07
1.73064e-06, 6.27753e-07
1.72918e-06, 6.27216e-07
1.72772e-06, 6.2668e-07
1.72626e-06, 6.26144e-07
1.7248e-06, 6.25609e-07
1.72335e-06, 6.25075e-07
1.7219e-06, 6.2454e-07
1.72045e-06, 6.24007e-07
1.719e-06, 6.23474e-07
1.71755e-06, 6.22941e-07
1.7161e-06, 6.22409e-07
1.71466e-06, 6.21878e-07
1.71321e-06, 6.21347e-07
1.71177e-06, 6.20816e-07
1.71033e-06, 6.20286e-07
1.70889e-06, 6.19757e-07
1.70745e-06, 6.19228e-07
1.70601e-06, 6.187e-07
1.70457e-06, 6.18172e-07
1.70314e-06, 6.17645e-07
1.70171e-06, 6.17118e-07
1.70027e-06, 6.16592e-07
1.69884e-06, 6.16066e-07
1.69742e-06, 6.15541e-07
1.69599e-06, 6.15016e-07
1.69456e-06, 6.14492e-07
1.69314e-06, 6.13969e-07
1.69171e-06, 6.13446e-07
1.69029e-06, 6.12923e-07
1.68887e-06, 6.12401e-07
1.68745e-06, 6.11879e-07
1.68603e-06, 6.11358e-07
1.68462e-06, 6.10838e-07
1.6832e-06, 6.10318e-07
1.68179e-06, 6.09798e-07
1.68037e-06, 6.09279e-07
1.67896e-06, 6.08761e-07
1.67755e-06, 6.08243e-07
1.67614e-06, 6.07726e-07
1.67474e-06, 6.07209e-07
1.67333e-06, 6.06692e-07
1.67193e-06, 6.06176e-07
1.67052e-06, 6.05661e-07
1.66912e-06, 6.05146e-07
1.66772e-06, 6.04632e-07
1.66632e-06, 6.04118e-07
1.66492e-06, 6.03605e-07
1.66353e-06, 6.03092e-07
1.66213e-06, 6.02579e-07
1.66074e-06, 6.02067e-07
1.65935e-06, 6.01556e-07
1.65796e-06, 6.01045e-07
1.65657e-06, 6.00535e-07
1.65518e-06, 6.00025e-07
1.65379e-06, 5.99516e-07
1.6524e-06, 5.99007e-07
1.65102e-06, 5.98499e-07
1.64964e-06, 5.97991e-07
1.64826e-06, 5.97484e-07
1.64687e-06, 5.96977e-07
1.6455e-06, 5.9647e-07
1.64412e-06, 5.95965e-07
1.64274e-06, 5.95459e-07
1.64137e-06, 5.94955e-07
1.63999e-06, 5.9445e-07
1.63862e-06, 5.93946e-07
1.63725e-06, 5.93443e-07
1.63588e-06, 5.9294e-07
1.63451e-06, 5.92438e-07
1.63314e-06, 5.91936e-07
1.63178e-06, 5.91435e-07
1.63041e-06, 5.90934e-07
1.62905e-06, 5.90433e-07
1.62769e-06, 5.89934e-07
1.62633e-06, 5.89434e-07
1.62497e-06, 5.88935e-07
1.62361e-06, 5.88437e-07
1.62225e-06, 5.87939e-07
1.6209e-06, 5.87441e-07
1.61954e-06, 5.86945e-07
1.61819e-06, 5.86448e-07
1.61684e-06, 5.85952e-07
1.61549e-06, 5.85457e-07
1.61414e-06, 5.84962e-07
1.61279e-06, 5.84467e-07
1.61144e-06, 5.83973e-07
1.6101e-06, 5.8348e-07
1.60875e-06, 5.82986e-07
1.60741e-06, 5.82494e-07
1.60607e-06, 5.82002e-07
1.60473e-06, 5.8151e-07
1.60339e-06, 5.81019e-07
1.60205e-06, 5.80528e-07
1.60072e-06, 5.80038e-07
1.59938e-06, 5.79548e-07
1.59805e-06, 5.79059e-07
1.59672e-06, 5.78571e-07
1.59538e-06, 5.78082e-07
1.59405e-06, 5.77594e-07
1.59273e-06, 5.77107e-07
1.5914e-06, 5.7662e-07
1.59007e-06, 5.76134e-07
1.58875e-06, 5.75648e-07
1.58742e-06, 5.75163e-07
1.5861e-06, 5.74678e-07
1.58478e-06, 5.74193e-07
1.58346e-06, 5.73709e-07
1.58214e-06, 5.73226e-07
1.58082e-06, 5.72743e-07
1.57951e-06, 5.7226e-07
1.57819e-06, 5.71778e-07
1.57688e-06, 5.71296e-07
1.57557e-06, 5.70815e-07
1.57426e-06, 5.70335e-07
1.57295e-06, 5.69854e-07
1.57164e-06, 5.69375e-07
1.57033e-06, 5.68895e-07
1.56902e-06, 5.68416e-07
1.56772e-06, 5.67938e-07
1.56642e-06, 5.6746e-07
1.56511e-06, 5.66983e-07
1.56381e-06, 5.66506e-07
1.56251e-06, 5.66029e-07
1.56121e-06, 5.65553e-07
1.55992e-06, 5.65078e-07
1.55862e-06, 5.64603e-07
1.55732e-06, 5.64128e-07
1.55603e-06, 5.63654e-07
1.55474e-06, 5.6318e-07
1.55345e-06, 5.62707e-07
1.55216e-06, 5.62234e-07
1.55087e-06, 5.61762e-07
1.54958e-06, 5.6129e-07
1.54829e-06, 5.60818e-07
1.54701e-06, 5.60347e-07
1.54572e-06, 5.59877e-07
1.54444e-06, 5.59407e-07
1.54316e-06, 5.58937e-07
1.54188e-06, 5.58468e-07
1.5406e-06, 5.57999e-07
1.53932e-06, 5.57531e-07
1.53805e-06, 5.57063e-07
1.53677e-06, 5.56596e-07
1.5355e-06, 5.56129e-07
1.53422e-06, 5.55663e-07
1.53295e-06, 5.55197e-07
1.53168e-06, 5.54731e-07
1.53041e-06, 5.54266e-07
1.52914e-06, 5.53801e-07
1.52787e-06, 5.53337e-07
1.52661e-06, 5.52873e-07
1.52534e-06, 5.5241e-07
1.52408e-06, 5.51947e-07
1.52282e-06, 5.51485e-07
1.52156e-06, 5.51023e-07
1.5203e-06, 5.50562e-07
1.51904e-06, 5.501e-07
1.51778e-06, 5.4964e-07
1.51652e-06, 5.4918e-07
1.51527e-06, 5.4872e-07
1.51401e-06, 5.48261e-07
1.51276e-06, 5.47802e-07
1.51151e-06, 5.47344e-07
1.51026e-06, 5.46886e-07
1.50901e-06, 5.46428e-07
1.50776e-06, 5.45971e-07
1.50651e-06, 5.45514e-07
1.50527e-06, 5.45058e-07
1.50402e-06, 5.44603e-07
1.50278e-06, 5.44147e-07
1.50154e-06, 5.43692e-07
1.5003e-06, 5.43238e-07
1.49906e-06, 5.42784e-07
1.49782e-06, 5.4233e-07
1.49658e-06, 5.41877e-07
1.49534e-06, 5.41425e-07
1.49411e-06, 5.40972e-07
1.49287e-06, 5.40521e-07
1.49164e-06, 5.40069e-07
1.49041e-06, 5.39618e-07
1.48918e-06, 5.39168e-07
1.48795e-06, 5.38718e-07
1.48672e-06, 5.38268e-07
1.48549e-06, 5.37819e-07
1.48427e-06, 5.3737e-07
1.48304e-06, 5.36922e-07
1.48182e-06, 5.36474e-07
1.4806e-06, 5.36026e-07
1.47937e-06, 5.35579e-07
1.47815e-06, 5.35133e-07
1.47693e-06, 5.34687e-07
1.47572e-06, 5.34241e-07
1.4745e-06, 5.33796e-07
1.47328e-06, 5.33351e-07
1.47207e-06, 5.32906e-07
1.47086e-06, 5.32462e-07
1.46964e-06, 5.32018e-07
1.46843e-06, 5.31575e-07
1.46722e-06, 5.31133e-07
1.46601e-06, 5.3069e-07
1.46481e-06, 5.30248e-07
1.4636e-06, 5.29807e-07
1.46239e-06, 5.29366e-07
1.46119e-06, 5.28925e-07
1.45999e-06, 5.28485e-07
1.45878e-06, 5.28045e-07
1.45758e-06, 5.27606e-07
1.45638e-06, 5.27167e-07
1.45518e-06, 5.26728e-07
1.45399e-06, 5.2629e-07
1.45279e-06, 5.25852e-07
1.45159e-06, 5.25415e-07
1.4504e-06, 5.24978e-07
1.44921e-06, 5.24542e-07
1.44801e-06, 5.24106e-07
1.44682e-06, 5.2367e-07
1.44563e-06, 5.23235e-07
1.44444e-06, 5.228e-07
1.44326e-06, 5.22366e-07
1.44207e-06, 5.21932e-07
1.44088e-06, 5.21498e-07
1.4397e-06, 5.21065e-07
1.43852e-06, 5.20632e-07
1.43733e-06, 5.202e-07
1.43615e-06, 5.19768e-07
1.43497e-06, 5.19336e-07
1.43379e-06, 5.18905e-07
1.43262e-06, 5.18475e-07
1.43144e-06, 5.18044e-07
1.43027e-06, 5.17615e-07
1.42909e-06, 5.17185e-07
1.42792e-06, 5.16756e-07
1.42674e-06, 5.16328e-07
1.42557e-06, 5.15899e-07
1.4244e-06, 5.15472e-07
1.42323e-06, 5.15044e-07
1.42207e-06, 5.14617e-07
1.4209e-06, 5.14191e-07
1.41973e-06, 5.13764e-07
1.41857e-06, 5.13339e-07
1.41741e-06, 5.12913e-07