    0 327.029618
    1 412.750399
    2 523.315310
    3 638.814475
    4 763.024061
    5 890.242083
    6 1012.966900
    7 1127.147786
    8 1231.808667
    9 1326.934552
   10 1412.180186
   11 1486.772079
   12 1549.963318
   13 1601.521098
   14 1641.860892
   15 1671.882675
   16 1692.705159
   17 1705.415140
   18 1710.908304
   19 1709.840925
   20 1702.698268
   21 1689.860820
   22 1671.663765
   23 1648.502186
   24 1620.871851
   25 1589.354469
   26 1554.530221
   27 1516.998617
   28 1477.351307
   29 1436.077007
   30 1393.521765
   31 1349.953178
   32 1305.551551
   33 1260.499888
   34 1214.893218
   35 1168.813601
   36 1122.346181
   37 1075.582636
   38 1028.729674
   39 981.973003
   40 935.506158
   41 889.546570
   42 844.359768
   43 800.195323
   44 757.325888
   45 716.039270
   46 676.601954
   47 639.263784
   48 604.227108
   49 571.695713
   50 541.820448
   51 514.724697
   52 490.462665
   53 469.040912
   54 450.398436
   55 434.424803
   56 420.949732
   57 409.743688
   58 400.542514
   59 393.061071
   60 387.012553
   61 382.113819
   62 378.102078
   63 374.738242
   64 371.812779
   65 369.147239
   66 366.594083
   67 364.032707
   68 361.374735
   69 358.556394
   70 355.530883
   71 352.269534
   72 348.759513
   73 345.000248
   74 341.000550
   75 336.777750
   76 332.354380
   77 327.757803
   78 323.017502
   79 318.162999
   80 313.225717
   81 308.236561
   82 303.224733
   83 298.218057
   84 293.241162
   85 288.316103
   86 283.461897
   87 278.694478
   88 274.026315
   89 269.465884
   90 265.019503
   91 260.690296
   92 256.478194
   93 252.380192
   94 248.390523
   95 244.500818
   96 240.700854
   97 236.980202
   98 233.326642
   99 229.728079
  100 226.170549
  101 222.640414
  102 219.125782
  103 215.613082
  104 212.090828
  105 208.551931
  106 204.987491
  107 201.389978
  108 197.752299
  109 194.068887
  110 190.335585
  111 186.549535
  112 182.713823
  113 178.829554
  114 174.898817
  115 170.924807
  116 166.913538
  117 162.867701
  118 158.793906
  119 154.698180
  120 150.589260
  121 146.474604
  122 142.362869
  123 138.260591
  124 134.174895
  125 130.113224
  126 126.083262
  127 122.092646
  128 118.149504
  129 114.261626
  130 110.437495
  131 106.680463
  132 102.996852
  133 99.393880
  134 95.877242
  135 92.452023
  136 89.122751
  137 85.893689
  138 82.768904
  139 79.752244
  140 76.847287
  141 74.057298
  142 71.385187
  143 68.833494
  144 66.404370
  145 64.099572
  146 61.920351
  147 59.867523
  148 57.941400
  149 56.141707
  150 54.467533
  151 52.917368
  152 51.488997
  153 50.179491
  154 48.985211
  155 47.901823
  156 46.924314
  157 46.047000
  158 45.263652
  159 44.567957
  160 43.952813
  161 43.410881
  162 42.934717
  163 42.516866
  164 42.149951
  165 41.826760
  166 41.540322
  167 41.283970
  168 41.051395
  169 40.836690
  170 40.634381
  171 40.439423
  172 40.247227
  173 40.053650
  174 39.854990
  175 39.647941
  176 39.429662
  177 39.197723
  178 38.949954
  179 38.684553
  180 38.399990
  181 38.095151
  182 37.769154
  183 37.421356
  184 37.051350
  185 36.658956
  186 36.244187
  187 35.807157
  188 35.348324
  189 34.868210
  190 34.367470
  191 33.846866
  192 33.307268
  193 32.749642
  194 32.175043
  195 31.584589
  196 30.979473
  197 30.360943
  198 29.730294
  199 29.088851
  200 28.437972
  201 27.779034
  202 27.113432
  203 26.442568
  204 25.767847
  205 25.090667
  206 24.412441
  207 23.734551
  208 23.058355
  209 22.385206
  210 21.716444
  211 21.053392
  212 20.397342
  213 19.749559
  214 19.111273
  215 18.483686
  216 17.867962
  217 17.265228
  218 16.676582
  219 16.103080
  220 15.545732
  221 15.005503
  222 14.483314
  223 13.980027
  224 13.496445
  225 13.033305
  226 12.591249
  227 12.170868
  228 11.772658
  229 11.396999
  230 11.044154
  231 10.714260
  232 10.407314
  233 10.123171
  234 9.861532
  235 9.621943
  236 9.403793
  237 9.206319
  238 9.028615
  239 8.869642
  240 8.728243
  241 8.603143
  242 8.493044
  243 8.396576
  244 8.312337
  245 8.238906
  246 8.174873
  247 8.118867
  248 8.069564
  249 8.025710
  250 7.986121
  251 7.949693
  252 7.915408
  253 7.882332
  254 7.849614
  255 7.816471
  256 7.782261
  257 7.746398
  258 7.708365
  259 7.667708
  260 7.624041
  261 7.577042
  262 7.526449
  263 7.472057
  264 7.413711
  265 7.351301
  266 7.284760
  267 7.214056
  268 7.139200
  269 7.060226
  270 6.977185
  271 6.890162
  272 6.799263
  273 6.704614
  274 6.606358
  275 6.504655
  276 6.399677
  277 6.291608
  278 6.180643
  279 6.066986
  280 5.950842
  281 5.832427
  282 5.711960
  283 5.589664
  284 5.465762
  285 5.340483
  286 5.214053
  287 5.086700
  288 4.958651
  289 4.830133
  290 4.701370
  291 4.572585
  292 4.443997
  293 4.315825
  294 4.188281
  295 4.061577
  296 3.935920
  297 3.811512
  298 3.688553
  299 3.567237
  300 3.447756
  301 3.330296
  302 3.215039
  303 3.102162
  304 2.991838
  305 2.884234
  306 2.779512
  307 2.677831
  308 2.579340
  309 2.484183
  310 2.392498
  311 2.304413
  312 2.220048
  313 2.139510
  314 2.062894
  315 1.990284
  316 1.921744
  317 1.857323
  318 1.797047
  319 1.740920
  320 1.688921
  321 1.641004
  322 1.597094
  323 1.557087
  324 1.520854
  325 1.488236
  326 1.459051
  327 1.433092
  328 1.410137
  329 1.389944
  330 1.372264
  331 1.356839
  332 1.343412
  333 1.331725
  334 1.321529
  335 1.312580
  336 1.304648
  337 1.297518
  338 1.290988
  339 1.284871
  340 1.278998
  341 1.273217
  342 1.267390
  343 1.261397
  344 1.255132
  345 1.248503
  346 1.241431
  347 1.233851
  348 1.225709
  349 1.216960
  350 1.207572
  351 1.197518
  352 1.186783
  353 1.175356
  354 1.163235
  355 1.150421
  356 1.136924
  357 1.122756
  358 1.107934
  359 1.092478
  360 1.076413
  361 1.059765
  362 1.042563
  363 1.024838
  364 1.006623
  365 0.987953
  366 0.968863
  367 0.949390
  368 0.929572
  369 0.909446
  370 0.889051
  371 0.868426
  372 0.847610
  373 0.826641
  374 0.805558
  375 0.784400
  376 0.763204
  377 0.742009
  378 0.720852
  379 0.699770
  380 0.678798
  381 0.657973
  382 0.637330
  383 0.616902
  384 0.596724
  385 0.576828
  386 0.557246
  387 0.538010
  388 0.519150
  389 0.500697
  390 0.482678
  391 0.465122
  392 0.448056
  393 0.431506
  394 0.415498
  395 0.400055
  396 0.385199
  397 0.370951
  398 0.357332
  399 0.344357
  400 0.332043
  401 0.320401
  402 0.309441
  403 0.299168
  404 0.289586
  405 0.280693
  406 0.272482
  407 0.264944
  408 0.258062
  409 0.251817
  410 0.246184
  411 0.241134
  412 0.236633
  413 0.232645
  414 0.229131
  415 0.226050
  416 0.223357
  417 0.221011
  418 0.218968
  419 0.217186
  420 0.215623
  421 0.214240
  422 0.213001
  423 0.211870
  424 0.210817
  425 0.209812
  426 0.208828
  427 0.207842
  428 0.206834
  429 0.205784
  430 0.204678
  431 0.203501
  432 0.202242
  433 0.200892
  434 0.199443
  435 0.197889
  436 0.196226
  437 0.194451
  438 0.192562
  439 0.190558
  440 0.188440
  441 0.186209
  442 0.183868
  443 0.181418
  444 0.178864
  445 0.176209
  446 0.173459
  447 0.170616
  448 0.167688
  449 0.164680
  450 0.161596
  451 0.158445
  452 0.155230
  453 0.151960
  454 0.148639
  455 0.145276
  456 0.141875
  457 0.138444
  458 0.134990
  459 0.131519
  460 0.128037
  461 0.124550
  462 0.121066
  463 0.117591
  464 0.114130
  465 0.110689
  466 0.107276
  467 0.103895
  468 0.100553
  469 0.097256
  470 0.094007
  471 0.090815
  472 0.087682
  473 0.084615
  474 0.081619
  475 0.078699
  476 0.075859
  477 0.073103
  478 0.070437
  479 0.067864
  480 0.065389
  481 0.063014
  482 0.060743
  483 0.058580
  484 0.056526
  485 0.054585
  486 0.052757
  487 0.051043
  488 0.049445
  489 0.047961
  490 0.046592
  491 0.045334
  492 0.044186
  493 0.043143
  494 0.042203
  495 0.041359
  496 0.040607
  497 0.039941
  498 0.039353
  499 0.038837
  500 0.038385
  501 0.037991
  502 0.037648
  503 0.037347
  504 0.037083
  505 0.036849
  506 0.036638
  507 0.036445
  508 0.036265
  509 0.036093
  510 0.035923
  511 0.035754
  512 0.035580
  513 0.035398
  514 0.035207
  515 0.035004
  516 0.034787
  517 0.034554
  518 0.034305
  519 0.034037
  520 0.033751
  521 0.033445
  522 0.033121
  523 0.032776
  524 0.032412
  525 0.032029
  526 0.031627
  527 0.031206
  528 0.030768
  529 0.030312
  530 0.029840
  531 0.029352
  532 0.028850
  533 0.028334
  534 0.027805
  535 0.027264
  536 0.026713
  537 0.026152
  538 0.025582
  539 0.025005
  540 0.024422
  541 0.023833
  542 0.023241
  543 0.022645
  544 0.022048
  545 0.021450
  546 0.020852
  547 0.020256
  548 0.019662
  549 0.019071
  550 0.018486
  551 0.017906
  552 0.017332
  553 0.016766
  554 0.016209
  555 0.015661
  556 0.015124
  557 0.014597
  558 0.014083
  559 0.013582
  560 0.013095
  561 0.012622
  562 0.012165
  563 0.011723
  564 0.011299
  565 0.010891
  566 0.010502
  567 0.010131
  568 0.009779
  569 0.009446
  570 0.009133
  571 0.008839
  572 0.008566
  573 0.008311
  574 0.008077
  575 0.007861
  576 0.007665
  577 0.007486
  578 0.007325
  579 0.007181
  580 0.007052
  581 0.006938
  582 0.006837
  583 0.006749
  584 0.006672
  585 0.006604
  586 0.006545
  587 0.006494
  588 0.006448
  589 0.006408
  590 0.006372
  591 0.006339
  592 0.006307
  593 0.006278
  594 0.006248
  595 0.006219
  596 0.006189
  597 0.006158
  598 0.006124
  599 0.006089
  600 0.006052
  601 0.006011
  602 0.005968
  603 0.005922
  604 0.005872
  605 0.005819
  606 0.005763
  607 0.005703
  608 0.005640
  609 0.005574
  610 0.005504
  611 0.005431
  612 0.005355
  613 0.005277
  614 0.005195
  615 0.005110
  616 0.005023
  617 0.004934
  618 0.004842
  619 0.004748
  620 0.004653
  621 0.004555
  622 0.004457
  623 0.004357
  624 0.004255
  625 0.004153
  626 0.004051
  627 0.003947
  628 0.003843
  629 0.003740
  630 0.003636
  631 0.003532
  632 0.003429
  633 0.003326
  634 0.003225
  635 0.003124
  636 0.003024
  637 0.002925
  638 0.002828
  639 0.002733
  640 0.002639
  641 0.002547
  642 0.002458
  643 0.002370
  644 0.002285
  645 0.002203
  646 0.002123
  647 0.002045
  648 0.001971
  649 0.001900
  650 0.001831
  651 0.001766
  652 0.001704
  653 0.001646
  654 0.001590
  655 0.001538
  656 0.001490
  657 0.001445
  658 0.001403
  659 0.001365
  660 0.001330
  661 0.001298
  662 0.001270
  663 0.001244
  664 0.001221
  665 0.001200
  666 0.001182
  667 0.001166
  668 0.001152
  669 0.001140
  670 0.001129
  671 0.001120
  672 0.001112
  673 0.001105
  674 0.001098
  675 0.001092
  676 0.001087
  677 0.001082
  678 0.001077
  679 0.001072
  680 0.001066
  681 0.001061
  682 0.001056
  683 0.001050
  684 0.001043
  685 0.001036
  686 0.001029
  687 0.001021
  688 0.001013
  689 0.001004
  690 0.000995
  691 0.000984
  692 0.000974
  693 0.000963
  694 0.000951
  695 0.000938
  696 0.000925
  697 0.000912
  698 0.000898
  699 0.000884
  700 0.000869
  701 0.000854
  702 0.000838
  703 0.000822
  704 0.000805
  705 0.000789
  706 0.000772
  707 0.000755
  708 0.000737
  709 0.000720
  710 0.000702
  711 0.000684
  712 0.000667
  713 0.000649
  714 0.000631
  715 0.000613
  716 0.000595
  717 0.000577
  718 0.000560
  719 0.000542
  720 0.000525
  721 0.000508
  722 0.000491
  723 0.000475
  724 0.000459
  725 0.000443
  726 0.000427
  727 0.000412
  728 0.000397
  729 0.000383
  730 0.000369
  731 0.000356
  732 0.000343
  733 0.000330
  734 0.000318
