    0 236.457679
    1 318.133815
    2 390.741168
    3 454.650181
    4 524.264061
    5 601.472157
    6 680.180160
    7 754.383559
    8 821.116819
    9 879.893024
   10 931.331943
   11 976.168978
   12 1014.908898
   13 1047.869556
   14 1075.343663
   15 1097.694814
   16 1115.355489
   17 1128.763850
   18 1138.296340
   19 1144.251800
   20 1146.876527
   21 1146.408949
   22 1143.109401
   23 1137.270244
   24 1129.203783
   25 1119.223721
   26 1107.630646
   27 1094.685221
   28 1080.602927
   29 1065.572364
   30 1049.720555
   31 1033.128870
   32 1015.875567
   33 998.024319
   34 979.627397
   35 960.734112
   36 941.428334
   37 921.811075
   38 901.958347
   39 881.988060
   40 861.996773
   41 842.099060
   42 822.371645
   43 802.892505
   44 783.705428
   45 764.848381
   46 746.328234
   47 728.157562
   48 710.334953
   49 692.832021
   50 675.625272
   51 658.699245
   52 642.012442
   53 625.546669
   54 609.292069
   55 593.217668
   56 577.309139
   57 561.557707
   58 545.953598
   59 530.491073
   60 515.168555
   61 499.982219
   62 484.947966
   63 470.066481
   64 455.351506
   65 440.816607
   66 426.464736
   67 412.313191
   68 398.377725
   69 384.674067
   70 371.220296
   71 358.030185
   72 345.129801
   73 332.537835
   74 320.273834
   75 308.354535
   76 296.801890
   77 285.636451
   78 274.876101
   79 264.534604
   80 254.630791
   81 245.179537
   82 236.192886
   83 227.682690
   84 219.661826
   85 212.135100
   86 205.108557
   87 198.583959
   88 192.560042
   89 187.031739
   90 181.990471
   91 177.427677
   92 173.327926
   93 169.671991
   94 166.437594
   95 163.599294
   96 161.129845
   97 159.000028
   98 157.179269
   99 155.636260
  100 154.339529
  101 153.257994
  102 152.361437
  103 151.620828
  104 151.008726
  105 150.499482
  106 150.069371
  107 149.696679
  108 149.361783
  109 149.047232
  110 148.737396
  111 148.418847
  112 148.079679
  113 147.709940
  114 147.301053
  115 146.845809
  116 146.338521
  117 145.774557
  118 145.150510
  119 144.463786
  120 143.712561
  121 142.895905
  122 142.013258
  123 141.064934
  124 140.051537
  125 138.974345
  126 137.835176
  127 136.636048
  128 135.377785
  129 134.065290
  130 132.701574
  131 131.289576
  132 129.832359
  133 128.333128
  134 126.795292
  135 125.222375
  136 123.618096
  137 121.986241
  138 120.330611
  139 118.655358
  140 116.964502
  141 115.261997
  142 113.551714
  143 111.837432
  144 110.122780
  145 108.411209
  146 106.706036
  147 105.010407
  148 103.327270
  149 101.659343
  150 100.009176
  151 98.379072
  152 96.771091
  153 95.186928
  154 93.628137
  155 92.096197
  156 90.592120
  157 89.116702
  158 87.670510
  159 86.253774
  160 84.866759
  161 83.509524
  162 82.181838
  163 80.883274
  164 79.613284
  165 78.371120
  166 77.155935
  167 75.966795
  168 74.802730
  169 73.662722
  170 72.545785
  171 71.450894
  172 70.376964
  173 69.322940
  174 68.287785
  175 67.270503
  176 66.270134
  177 65.285732
  178 64.316504
  179 63.361695
  180 62.420541
  181 61.492332
  182 60.576420
  183 59.672215
  184 58.779191
  185 57.896851
  186 57.024750
  187 56.162491
  188 55.309616
  189 54.465851
  190 53.631089
  191 52.805284
  192 51.988095
  193 51.179037
  194 50.377952
  195 49.584687
  196 48.799022
  197 48.020787
  198 47.249933
  199 46.486322
  200 45.729811
  201 44.980250
  202 44.237483
  203 43.501450
  204 42.772080
  205 42.049240
  206 41.332876
  207 40.623771
  208 39.921221
  209 39.224372
  210 38.533330
  211 37.848217
  212 37.169140
  213 36.496177
  214 35.829371
  215 35.168743
  216 34.514300
  217 33.866046
  218 33.223991
  219 32.588160
  220 31.958582
  221 31.335305
  222 30.718396
  223 30.107930
  224 29.504003
  225 28.906719
  226 28.316180
  227 27.732494
  228 27.155771
  229 26.586127
  230 26.023692
  231 25.468588
  232 24.920923
  233 24.380865
  234 23.848636
  235 23.324364
  236 22.808165
  237 22.300142
  238 21.800400
  239 21.309056
  240 20.826235
  241 20.352074
  242 19.886709
  243 19.430277
  244 18.982908
  245 18.544726
  246 18.115849
  247 17.696388
  248 17.286445
  249 16.886118
  250 16.495500
  251 16.114671
  252 15.743707
  253 15.382674
  254 15.031635
  255 14.690642
  256 14.359742
  257 14.038971
  258 13.728358
  259 13.427920
  260 13.137662
  261 12.857580
  262 12.587653
  263 12.327850
  264 12.078126
  265 11.838425
  266 11.608673
  267 11.388779
  268 11.178632
  269 10.978105
  270 10.787051
  271 10.605308
  272 10.432694
  273 10.269010
  274 10.114040
  275 9.967552
  276 9.829294
  277 9.698999
  278 9.576385
  279 9.461157
  280 9.353008
  281 9.251620
  282 9.156665
  283 9.067809
  284 8.984688
  285 8.907002
  286 8.834404
  287 8.766545
  288 8.703080
  289 8.643665
  290 8.587965
  291 8.535650
  292 8.486400
  293 8.439905
  294 8.395866
  295 8.353993
  296 8.314011
  297 8.275657
  298 8.238679
  299 8.202840
  300 8.167915
  301 8.133692
  302 8.099975
  303 8.066579
  304 8.033334
  305 8.000081
  306 7.966675
  307 7.932981
  308 7.898878
  309 7.864256
  310 7.829015
  311 7.793065
  312 7.756327
  313 7.718730
  314 7.680214
  315 7.640725
  316 7.600219
  317 7.558656
  318 7.516008
  319 7.472248
  320 7.427359
  321 7.381328
  322 7.334146
  323 7.285810
  324 7.236322
  325 7.185686
  326 7.133912
  327 7.081012
  328 7.027000
  329 6.971895
  330 6.915717
  331 6.858489
  332 6.800234
  333 6.740979
  334 6.680749
  335 6.619576
  336 6.557488
  337 6.494520
  338 6.430705
  339 6.366075
  340 6.300667
  341 6.234515
  342 6.167655
  343 6.100123
  344 6.031955
  345 5.963189
  346 5.893860
  347 5.824007
  348 5.753667
  349 5.682877
  350 5.611675
  351 5.540099
  352 5.468187
  353 5.395976
  354 5.323505
  355 5.250810
  356 5.177930
  357 5.104901
  358 5.031763
  359 4.958552
  360 4.885307
  361 4.812065
  362 4.738863
  363 4.665739
  364 4.592729
  365 4.519871
  366 4.447200
  367 4.374754
  368 4.302569
  369 4.230680
  370 4.159124
  371 4.087936
  372 4.017152
  373 3.946806
  374 3.876934
  375 3.807570
  376 3.738748
  377 3.670501
  378 3.602864
  379 3.535870
  380 3.469551
  381 3.403940
  382 3.339068
  383 3.274968
  384 3.211669
  385 3.149203
  386 3.087599
  387 3.026886
  388 2.967094
  389 2.908250
  390 2.850382
  391 2.793515
  392 2.737677
  393 2.682891
  394 2.629182
  395 2.576572
  396 2.525085
  397 2.474739
  398 2.425556
  399 2.377553
  400 2.330747
  401 2.285154
  402 2.240788
  403 2.197662
  404 2.155785
  405 2.115167
  406 2.075815
  407 2.037734
  408 2.000925
  409 1.965391
  410 1.931128
  411 1.898134
  412 1.866401
  413 1.835922
  414 1.806684
  415 1.778673
  416 1.751874
  417 1.726268
  418 1.701832
  419 1.678544
  420 1.656377
  421 1.635303
  422 1.615291
  423 1.596310
  424 1.578324
  425 1.561299
  426 1.545197
  427 1.529978
  428 1.515605
  429 1.502035
  430 1.489229
  431 1.477143
  432 1.465737
  433 1.454969
  434 1.444795
  435 1.435176
  436 1.426070
  437 1.417436
  438 1.409236
  439 1.401430
  440 1.393981
  441 1.386852
  442 1.380008
  443 1.373416
  444 1.367042
  445 1.360856
  446 1.354827
  447 1.348927
  448 1.343130
  449 1.337410
  450 1.331743
  451 1.326107
  452 1.320481
  453 1.314844
  454 1.309179
  455 1.303469
  456 1.297697
  457 1.291850
  458 1.285914
  459 1.279878
  460 1.273730
  461 1.267460
  462 1.261059
  463 1.254520
  464 1.247836
  465 1.241001
  466 1.234008
  467 1.226855
  468 1.219537
  469 1.212052
  470 1.204397
  471 1.196570
  472 1.188571
  473 1.180398
  474 1.172054
  475 1.163536
  476 1.154848
  477 1.145990
  478 1.136965
  479 1.127774
  480 1.118421
  481 1.108908
  482 1.099239
  483 1.089417
  484 1.079446
  485 1.069330
  486 1.059075
  487 1.048683
  488 1.038161
  489 1.027513
  490 1.016744
  491 1.005859
  492 0.994864
  493 0.983765
  494 0.972566
  495 0.961274
  496 0.949895
  497 0.938433
  498 0.926897
  499 0.915290
  500 0.903620
  501 0.891892
  502 0.880112
  503 0.868288
  504 0.856423
  505 0.844526
  506 0.832602
  507 0.820657
  508 0.808697
  509 0.796729
  510 0.784758
  511 0.772790
  512 0.760832
  513 0.748890
  514 0.736969
  515 0.725075
  516 0.713214
  517 0.701393
  518 0.689616
  519 0.677889
  520 0.666219
  521 0.654610
  522 0.643068
  523 0.631599
  524 0.620208
  525 0.608900
  526 0.597680
  527 0.586554
  528 0.575526
  529 0.564602
  530 0.553787
  531 0.543085
  532 0.532501
  533 0.522039
  534 0.511705
  535 0.501503
  536 0.491436
  537 0.481511
  538 0.471730
  539 0.462097
  540 0.452617
  541 0.443294
  542 0.434131
  543 0.425132
  544 0.416301
  545 0.407641
  546 0.399154
  547 0.390845
  548 0.382716
  549 0.374770
  550 0.367010
  551 0.359438
  552 0.352056
  553 0.344867
  554 0.337872
  555 0.331073
  556 0.324471
  557 0.318068
  558 0.311864
  559 0.305860
  560 0.300057
  561 0.294453
  562 0.289049
  563 0.283845
  564 0.278838
  565 0.274029
  566 0.269414
  567 0.264993
  568 0.260762
  569 0.256718
  570 0.252859
  571 0.249181
  572 0.245679
  573 0.242350
  574 0.239190
  575 0.236192
  576 0.233352
  577 0.230665
  578 0.228124
  579 0.225724
  580 0.223459
  581 0.221322
  582 0.219307
  583 0.217408
  584 0.215618
  585 0.213930
  586 0.212339
  587 0.210836
  588 0.209417
  589 0.208075
  590 0.206803
  591 0.205595
  592 0.204446
  593 0.203349
  594 0.202299
  595 0.201291
  596 0.200319
  597 0.199379
  598 0.198465
  599 0.197573
  600 0.196699
  601 0.195839
  602 0.194989
  603 0.194145
  604 0.193304
  605 0.192463
  606 0.191619
  607 0.190769
  608 0.189910
  609 0.189040
  610 0.188158
  611 0.187261
  612 0.186347
  613 0.185414
  614 0.184463
  615 0.183490
  616 0.182495
  617 0.181477
  618 0.180436
  619 0.179370
  620 0.178278
  621 0.177161
  622 0.176018
  623 0.174849
  624 0.173654
  625 0.172432
  626 0.171183
  627 0.169909
  628 0.168608
  629 0.167281
  630 0.165929
  631 0.164552
  632 0.163150
  633 0.161723
  634 0.160273
  635 0.158800
  636 0.157305
  637 0.155788
  638 0.154249
  639 0.152691
  640 0.151113
  641 0.149516
  642 0.147901
  643 0.146270
  644 0.144622
  645 0.142959
  646 0.141281
  647 0.139591
  648 0.137887
  649 0.136172
  650 0.134447
  651 0.132712
  652 0.130968
  653 0.129217
  654 0.127458
  655 0.125694
  656 0.123926
  657 0.122153
  658 0.120378
  659 0.118601
  660 0.116823
  661 0.115045
  662 0.113268
  663 0.111493
  664 0.109720
  665 0.107952
  666 0.106189
  667 0.104431
  668 0.102680
  669 0.100936
  670 0.099201
  671 0.097475
  672 0.095759
  673 0.094054
  674 0.092361
  675 0.090680
  676 0.089013
  677 0.087360
  678 0.085723
  679 0.084101
  680 0.082496
  681 0.080908
  682 0.079339
  683 0.077788
  684 0.076257
  685 0.074746
  686 0.073256
  687 0.071787
  688 0.070341
  689 0.068918
  690 0.067518
  691 0.066142
  692 0.064791
  693 0.063465
  694 0.062165
  695 0.060891
  696 0.059644
  697 0.058424
  698 0.057232
  699 0.056068
  700 0.054932
  701 0.053825
  702 0.052747
  703 0.051699
  704 0.050680
  705 0.049691
  706 0.048732
  707 0.047803
  708 0.046905
  709 0.046036
  710 0.045199
  711 0.044391
  712 0.043613
  713 0.042865
  714 0.042147
  715 0.041459
  716 0.040799
  717 0.040169
  718 0.039566
  719 0.038991
  720 0.038444
  721 0.037922
  722 0.037427
  723 0.036957
  724 0.036512
  725 0.036090
  726 0.035691
  727 0.035313
  728 0.034957
  729 0.034621
  730 0.034304
  731 0.034005
  732 0.033723
  733 0.033457
  734 0.033206
  735 0.032970
  736 0.032747
  737 0.032536
  738 0.032336
  739 0.032147
  740 0.031967
  741 0.031795
  742 0.031631
  743 0.031474
  744 0.031323
  745 0.031177
  746 0.031035
  747 0.030897
  748 0.030763
  749 0.030630
  750 0.030500
  751 0.030371
  752 0.030242
  753 0.030114
  754 0.029985
  755 0.029856
  756 0.029725
  757 0.029593
  758 0.029460
  759 0.029324
  760 0.029185
  761 0.029044
  762 0.028900
  763 0.028753
  764 0.028602
  765 0.028448
  766 0.028290
  767 0.028129
  768 0.027964
  769 0.027794
  770 0.027621
  771 0.027443
  772 0.027262
  773 0.027076
  774 0.026886
  775 0.026693
  776 0.026495
  777 0.026292
  778 0.026086
  779 0.025876
  780 0.025662
  781 0.025444
  782 0.025223
  783 0.024997
  784 0.024768
  785 0.024536
  786 0.024300
  787 0.024061
  788 0.023819
  789 0.023573
  790 0.023325
  791 0.023074
  792 0.022821
  793 0.022564
  794 0.022306
  795 0.022045
  796 0.021782
  797 0.021517
  798 0.021251
  799 0.020982
  800 0.020712
  801 0.020441
  802 0.020169
  803 0.019895
  804 0.019621
  805 0.019346
  806 0.019070
  807 0.018794
  808 0.018517
  809 0.018240
  810 0.017964
  811 0.017687
  812 0.017411
  813 0.017135
  814 0.016859
  815 0.016584
  816 0.016310
  817 0.016037
  818 0.015766
  819 0.015495
  820 0.015226
  821 0.014958
  822 0.014692
  823 0.014428
  824 0.014166
  825 0.013905
  826 0.013647
  827 0.013391
  828 0.013138
  829 0.012887
  830 0.012638
  831 0.012393
  832 0.012150
  833 0.011910
  834 0.011673
  835 0.011440
  836 0.011210
  837 0.010983
  838 0.010759
  839 0.010539
  840 0.010323
  841 0.010110
  842 0.009902
  843 0.009697
  844 0.009496
  845 0.009300
  846 0.009107
  847 0.008919
  848 0.008735
  849 0.008555
  850 0.008380
  851 0.008209
  852 0.008043
  853 0.007881
  854 0.007724
  855 0.007571
  856 0.007423
  857 0.007280
  858 0.007141
  859 0.007007
  860 0.006878
  861 0.006753
  862 0.006633
  863 0.006518
  864 0.006407
  865 0.006301
  866 0.006199
  867 0.006102
  868 0.006009
  869 0.005920
  870 0.005836
  871 0.005755
  872 0.005679
  873 0.005607
  874 0.005538
  875 0.005473
  876 0.005411
  877 0.005353
  878 0.005298
  879 0.005247
  880 0.005198
  881 0.005152
  882 0.005109
  883 0.005068
  884 0.005029
  885 0.004993
  886 0.004959
  887 0.004926
  888 0.004896
  889 0.004867
  890 0.004839
  891 0.004813
  892 0.004788
  893 0.004764
  894 0.004740
  895 0.004718
  896 0.004697
  897 0.004676
  898 0.004655
  899 0.004635
  900 0.004615
  901 0.004595
  902 0.004576
  903 0.004556
  904 0.004537
  905 0.004517
  906 0.004497
  907 0.004477
  908 0.004457
  909 0.004436
  910 0.004415
  911 0.004394
  912 0.004372
  913 0.004350
  914 0.004327
  915 0.004303
  916 0.004279
  917 0.004255
  918 0.004230
  919 0.004204
  920 0.004178
  921 0.004151
  922 0.004123
  923 0.004095
  924 0.004066
  925 0.004037
  926 0.004007
  927 0.003976
  928 0.003945
  929 0.003913
  930 0.003880
  931 0.003847
  932 0.003814
  933 0.003779
  934 0.003745
  935 0.003709
  936 0.003673
  937 0.003637
  938 0.003600
  939 0.003563
  940 0.003526
  941 0.003487
  942 0.003449
  943 0.003410
  944 0.003371
  945 0.003331
  946 0.003291
  947 0.003251
  948 0.003211
  949 0.003170
  950 0.003129
  951 0.003088
  952 0.003047
  953 0.003005
  954 0.002964
  955 0.002922
  956 0.002880
  957 0.002838
  958 0.002796
  959 0.002754
  960 0.002712
  961 0.002671
  962 0.002629
  963 0.002587
  964 0.002545
  965 0.002504
  966 0.002462
  967 0.002421
  968 0.002380
  969 0.002339
  970 0.002298
  971 0.002258
  972 0.002217
  973 0.002177
  974 0.002138
  975 0.002098
  976 0.002059
  977 0.002021
  978 0.001982
  979 0.001945
  980 0.001907
  981 0.001870
  982 0.001833
  983 0.001797
  984 0.001762
  985 0.001726
  986 0.001692
  987 0.001658
  988 0.001624
  989 0.001591
  990 0.001558
  991 0.001526
  992 0.001495
  993 0.001464
  994 0.001434
  995 0.001405
  996 0.001376
  997 0.001347
  998 0.001320
  999 0.001293
 1000 0.001267
 1001 0.001241
 1002 0.001216
 1003 0.001192
 1004 0.001169
 1005 0.001146
 1006 0.001124
 1007 0.001103
 1008 0.001082
 1009 0.001062
 1010 0.001043
 1011 0.001024
 1012 0.001006
 1013 0.000989
 1014 0.000973
 1015 0.000957
 1016 0.000942
 1017 0.000928
 1018 0.000914
 1019 0.000901
 1020 0.000889
 1021 0.000877
 1022 0.000865
 1023 0.000855
 1024 0.000845
 1025 0.000835
 1026 0.000826
 1027 0.000818
 1028 0.000810
 1029 0.000802
 1030 0.000795
 1031 0.000788
 1032 0.000782
 1033 0.000776
 1034 0.000770
 1035 0.000765
 1036 0.000760
 1037 0.000755
 1038 0.000750
 1039 0.000746
 1040 0.000742
 1041 0.000738
 1042 0.000734
 1043 0.000731
 1044 0.000727
 1045 0.000724
 1046 0.000721
 1047 0.000718
 1048 0.000714
 1049 0.000711
 1050 0.000708
 1051 0.000705
 1052 0.000702
 1053 0.000699
 1054 0.000696
 1055 0.000693
 1056 0.000690
 1057 0.000687
 1058 0.000684
 1059 0.000681
 1060 0.000678
 1061 0.000674
 1062 0.000671
 1063 0.000667
 1064 0.000664
 1065 0.000660
 1066 0.000656
 1067 0.000653
 1068 0.000649
 1069 0.000645
 1070 0.000640
 1071 0.000636
 1072 0.000632
 1073 0.000628
 1074 0.000623
 1075 0.000619
 1076 0.000614
 1077 0.000609
 1078 0.000604
 1079 0.000599
 1080 0.000594
 1081 0.000589
 1082 0.000584
 1083 0.000578
 1084 0.000573
 1085 0.000568
 1086 0.000562
 1087 0.000556
 1088 0.000551
 1089 0.000545
 1090 0.000539
 1091 0.000533
 1092 0.000527
 1093 0.000521
 1094 0.000515
 1095 0.000509
 1096 0.000503
 1097 0.000497
 1098 0.000491
 1099 0.000484
 1100 0.000478
 1101 0.000472
 1102 0.000465
 1103 0.000459
 1104 0.000452
 1105 0.000446
 1106 0.000440
 1107 0.000433
 1108 0.000427
 1109 0.000420
 1110 0.000414
 1111 0.000407
 1112 0.000401
 1113 0.000394
 1114 0.000388
 1115 0.000382
 1116 0.000375
 1117 0.000369
 1118 0.000363
 1119 0.000356
 1120 0.000350
 1121 0.000344
 1122 0.000338
 1123 0.000332
 1124 0.000326
 1125 0.000320
 1126 0.000314
 1127 0.000308
 1128 0.000302
 1129 0.000296
 1130 0.000290
 1131 0.000285
 1132 0.000279
 1133 0.000273
 1134 0.000268
 1135 0.000263
 1136 0.000257
 1137 0.000252
 1138 0.000247
 1139 0.000242
 1140 0.000237
 1141 0.000232
