1.225 1.22046 1.22128 1.22341 1.2269 1.23179 1.23864 1.24974 1.27048 1.3059 1.33981 1.28641 0.984035 0.762637 0.708416 0.782222 0.840372 0.86742 0.893672 0.931983 0.984753 1.05472 1.14794 1.28101 1.52428 1.70275 1.52428 1.28101 1.14794 1.05472 0.984753 0.931983 0.893672 0.86742 0.840372 0.782222 0.708416 0.762637 0.984035 1.28641 1.33981 1.3059 1.27048 1.24974 1.23864 1.23179 1.2269 1.22341 1.22128 1.22046 1.225 
1.22046 1.22046 1.22128 1.22341 1.2269 1.23179 1.23864 1.24974 1.27048 1.3059 1.33981 1.28641 0.984035 0.762637 0.708416 0.782222 0.840372 0.86742 0.893672 0.931983 0.984753 1.05472 1.14794 1.28101 1.52428 1.70275 1.52428 1.28101 1.14794 1.05472 0.984753 0.931983 0.893672 0.86742 0.840372 0.782222 0.708416 0.762637 0.984035 1.28641 1.33981 1.3059 1.27048 1.24974 1.23864 1.23179 1.2269 1.22341 1.22128 1.22046 1.22046 
1.22056 1.22056 1.22137 1.22349 1.22695 1.23182 1.23862 1.24965 1.27043 1.30642 1.33884 1.2666 0.972617 0.758328 0.714366 0.790641 0.847886 0.875302 0.903447 0.944381 1.00061 1.07589 1.17917 1.33172 1.57282 1.73191 1.57282 1.33172 1.17917 1.07589 1.00061 0.944381 0.903447 0.875302 0.847886 0.790641 0.714366 0.758328 0.972617 1.2666 1.33884 1.30642 1.27043 1.24965 1.23862 1.23182 1.22695 1.22349 1.22137 1.22056 1.22056 
1.22089 1.22089 1.22171 1.22383 1.2273 1.23216 1.23895 1.24994 1.27083 1.30749 1.33831 1.25354 0.963133 0.75379 0.72039 0.799068 0.854957 0.882724 0.912622 0.955799 1.01489 1.09444 1.20552 1.36925 1.60014 1.74615 1.60014 1.36925 1.20552 1.09444 1.01489 0.955799 0.912622 0.882724 0.854957 0.799068 0.72039 0.75379 0.963133 1.25354 1.33831 1.30749 1.27083 1.24994 1.23895 1.23216 1.2273 1.22383 1.22171 1.22089 1.22089 
1.22148 1.22148 1.22232 1.22445 1.22791 1.23275 1.23948 1.2504 1.27153 1.30899 1.33617 1.23719 0.951754 0.749441 0.727565 0.808384 0.8627 0.891098 0.923059 0.968803 1.03123 1.11602 1.23671 1.41045 1.62138 1.73365 1.62138 1.41045 1.23671 1.11602 1.03123 0.968803 0.923059 0.891098 0.8627 0.808384 0.727565 0.749441 0.951754 1.23719 1.33617 1.30899 1.27153 1.2504 1.23948 1.23275 1.22791 1.22445 1.22232 1.22148 1.22148 
1.22232 1.22232 1.22316 1.22528 1.22871 1.2335 1.24012 1.25093 1.27242 1.31069 1.33294 1.21946 0.937919 0.745565 0.737184 0.819455 0.871933 0.901273 0.935641 0.984247 1.05031 1.14077 1.27005 1.44506 1.62736 1.7166 1.62736 1.44506 1.27005 1.14077 1.05031 0.984247 0.935641 0.901273 0.871933 0.819455 0.737184 0.745565 0.937919 1.21946 1.33294 1.31069 1.27242 1.25093 1.24012 1.2335 1.22871 1.22528 1.22316 1.22232 1.22232 
1.22333 1.22333 1.22415 1.22623 1.2296 1.23429 1.24074 1.2514 1.27344 1.3123 1.32778 1.19959 0.922153 0.743157 0.749455 0.832158 0.882709 0.913385 0.950495 1.00227 1.07243 1.16913 1.30549 1.47513 1.62673 1.69308 1.62673 1.47513 1.30549 1.16913 1.07243 1.00227 0.950495 0.913385 0.882709 0.832158 0.749455 0.743157 0.922153 1.19959 1.32778 1.3123 1.27344 1.2514 1.24074 1.23429 1.2296 1.22623 1.22415 1.22333 1.22333 
1.22444 1.22444 1.22522 1.22723 1.23052 1.23506 1.24126 1.25179 1.27465 1.31376 1.32061 1.1773 0.904867 0.743216 0.764713 0.846703 0.895432 0.927964 0.968232 1.02362 1.09859 1.20185 1.34204 1.49841 1.61797 1.66713 1.61797 1.49841 1.34204 1.20185 1.09859 1.02362 0.968232 0.927964 0.895432 0.846703 0.764713 0.743216 0.904867 1.1773 1.32061 1.31376 1.27465 1.25179 1.24126 1.23506 1.23052 1.22723 1.22522 1.22444 1.22444 
1.2256 1.2256 1.22633 1.22826 1.23144 1.2358 1.2417 1.25219 1.2762 1.31494 1.31107 1.15231 0.886753 0.746847 0.78328 0.863336 0.91055 0.94553 0.989388 1.04893 1.12933 1.23829 1.37685 1.51296 1.60261 1.63816 1.60261 1.51296 1.37685 1.23829 1.12933 1.04893 0.989388 0.94553 0.91055 0.863336 0.78328 0.746847 0.886753 1.15231 1.31107 1.31494 1.2762 1.25219 1.2417 1.2358 1.23144 1.22826 1.22633 1.2256 1.2256 
1.2268 1.2268 1.22747 1.22932 1.23239 1.23652 1.24207 1.25271 1.27819 1.31561 1.29855 1.12417 0.869002 0.75538 0.805344 0.88231 0.928562 0.966614 1.01452 1.07875 1.1646 1.27645 1.40637 1.51762 1.58191 1.6076 1.58191 1.51762 1.40637 1.27645 1.1646 1.07875 1.01452 0.966614 0.928562 0.88231 0.805344 0.75538 0.869002 1.12417 1.29855 1.31561 1.27819 1.25271 1.24207 1.23652 1.23239 1.22932 1.22747 1.2268 1.2268 
1.22801 1.22801 1.22864 1.23042 1.23335 1.2372 1.24235 1.25343 1.28065 1.31528 1.2821 1.09274 0.853601 0.770159 0.830971 0.90399 0.950093 0.991879 1.04431 1.11346 1.20337 1.31317 1.42756 1.5129 1.55755 1.57576 1.55755 1.5129 1.42756 1.31317 1.20337 1.11346 1.04431 0.991879 0.950093 0.90399 0.830971 0.770159 0.853601 1.09274 1.2821 1.31528 1.28065 1.25343 1.24235 1.2372 1.23335 1.23042 1.22864 1.22801 1.22801 
1.22924 1.22924 1.22983 1.23153 1.2343 1.23777 1.24254 1.25445 1.28349 1.31315 1.2606 1.05876 0.843346 0.792138 0.860135 0.928906 0.975953 1.02215 1.07936 1.15259 1.24319 1.34468 1.4387 1.5004 1.53073 1.54332 1.53073 1.5004 1.4387 1.34468 1.24319 1.15259 1.07936 1.02215 0.975953 0.928906 0.860135 0.792138 0.843346 1.05876 1.2606 1.31315 1.28349 1.25445 1.24254 1.23777 1.2343 1.23153 1.22983 1.22924 1.22924 
1.23042 1.23042 1.23099 1.23262 1.23518 1.23816 1.24263 1.25592 1.28652 1.30804 1.23299 1.02437 0.841452 0.821583 0.892874 0.957887 1.00712 1.05809 1.11937 1.19411 1.28028 1.3677 1.43976 1.48218 1.50241 1.51085 1.50241 1.48218 1.43976 1.3677 1.28028 1.19411 1.11937 1.05809 1.00712 0.957887 0.892874 0.821583 0.841452 1.02437 1.23299 1.30804 1.28652 1.25592 1.24263 1.23816 1.23518 1.23262 1.23099 1.23042 1.23042 
1.23152 1.23152 1.23207 1.23361 1.23588 1.23827 1.2427 1.25803 1.28921 1.29827 1.19906 0.993357 0.85066 0.858145 0.929558 0.992 1.04426 1.09932 1.16234 1.23432 1.31063 1.38046 1.43217 1.46016 1.47336 1.47887 1.47336 1.46016 1.43217 1.38046 1.31063 1.23432 1.16234 1.09932 1.04426 0.992 0.929558 0.858145 0.85066 0.993357 1.19906 1.29827 1.28921 1.25803 1.2427 1.23827 1.23588 1.23361 1.23207 1.23152 1.23152 
1.23247 1.23247 1.23301 1.23445 1.23631 1.23803 1.24295 1.26091 1.29045 1.28176 1.16034 0.970867 0.872615 0.901251 0.970837 1.03187 1.08676 1.14355 1.20444 1.26888 1.33135 1.38312 1.41809 1.43593 1.44432 1.44783 1.44432 1.43593 1.41809 1.38312 1.33135 1.26888 1.20444 1.14355 1.08676 1.03187 0.970837 0.901251 0.872615 0.970867 1.16034 1.28176 1.29045 1.26091 1.24295 1.23803 1.23631 1.23445 1.23301 1.23247 1.23247 
1.23321 1.23321 1.23375 1.23503 1.23632 1.23748 1.24372 1.26439 1.28823 1.25696 1.12121 0.962264 0.907405 0.950153 1.01681 1.07653 1.1319 1.18664 1.24113 1.29433 1.34154 1.37731 1.39975 1.41073 1.41588 1.41806 1.41588 1.41073 1.39975 1.37731 1.34154 1.29433 1.24113 1.18664 1.1319 1.07653 1.01681 0.950153 0.907405 0.962264 1.12121 1.25696 1.28823 1.26439 1.24372 1.23748 1.23632 1.23503 1.23375 1.23321 1.23321 
1.23371 1.23371 1.23425 1.23527 1.23581 1.23683 1.24545 1.26749 1.27982 1.22462 1.08885 0.971172 0.953212 1.00332 1.06594 1.12288 1.17524 1.22391 1.26876 1.30921 1.34222 1.36536 1.37904 1.38553 1.38857 1.38989 1.38857 1.38553 1.37904 1.36536 1.34222 1.30921 1.26876 1.22391 1.17524 1.12288 1.06594 1.00332 0.953212 0.971172 1.08885 1.22462 1.27982 1.26749 1.24545 1.23683 1.23581 1.23527 1.23425 1.23371 1.23371 
1.23394 1.23394 1.23445 1.23499 1.23478 1.23659 1.2482 1.26803 1.26318 1.18964 1.07078 0.997466 1.00622 1.05788 1.11487 1.16642 1.21219 1.2519 1.28578 1.31412 1.33552 1.34955 1.35746 1.36108 1.36278 1.36354 1.36278 1.36108 1.35746 1.34955 1.33552 1.31412 1.28578 1.2519 1.21219 1.16642 1.11487 1.05788 1.00622 0.997466 1.07078 1.18964 1.26318 1.26803 1.2482 1.23659 1.23478 1.23499 1.23445 1.23394 1.23394 
1.23389 1.23389 1.23422 1.23406 1.23358 1.23745 1.25097 1.26313 1.2393 1.16016 1.07125 1.03688 1.06128 1.1099 1.15931 1.20288 1.23962 1.26926 1.29275 1.31104 1.32389 1.33182 1.33608 1.33793 1.33878 1.33918 1.33878 1.33793 1.33608 1.33182 1.32389 1.31104 1.29275 1.26926 1.23962 1.20288 1.15931 1.1099 1.06128 1.03688 1.07125 1.16016 1.2393 1.26313 1.25097 1.23745 1.23358 1.23406 1.23422 1.23389 1.23389 
1.23349 1.23349 1.23344 1.23269 1.23298 1.23929 1.25132 1.25127 1.21354 1.1438 1.08902 1.08262 1.1131 1.15539 1.19561 1.22958 1.25653 1.27674 1.29165 1.3025 1.3096 1.3137 1.31576 1.31656 1.31691 1.3171 1.31691 1.31656 1.31576 1.3137 1.3096 1.3025 1.29165 1.27674 1.25653 1.22958 1.19561 1.15539 1.1131 1.08262 1.08902 1.1438 1.21354 1.25127 1.25132 1.23929 1.23298 1.23269 1.23344 1.23349 1.23349 
1.23263 1.23263 1.23206 1.23128 1.23318 1.24057 1.24709 1.23492 1.1938 1.14357 1.11804 1.12752 1.15729 1.19133 1.22168 1.24596 1.264 1.27656 1.28521 1.29109 1.29463 1.29651 1.29732 1.29754 1.2976 1.29767 1.2976 1.29754 1.29732 1.29651 1.29463 1.29109 1.28521 1.27656 1.264 1.24596 1.22168 1.19133 1.15729 1.12752 1.11804 1.14357 1.1938 1.23492 1.24709 1.24057 1.23318 1.23128 1.23206 1.23263 1.23263 
1.23108 1.23108 1.23024 1.23031 1.23389 1.23999 1.23911 1.21976 1.18503 1.15592 1.15005 1.1658 1.19113 1.21656 1.23778 1.2537 1.26472 1.27183 1.27637 1.27919 1.28067 1.28128 1.28139 1.28128 1.28117 1.28116 1.28117 1.28128 1.28139 1.28128 1.28067 1.27919 1.27637 1.27183 1.26472 1.2537 1.23778 1.21656 1.19113 1.1658 1.15005 1.15592 1.18503 1.21976 1.23911 1.23999 1.23389 1.23031 1.23024 1.23108 1.23108 
1.22932 1.22932 1.22901 1.23049 1.23443 1.23662 1.22898 1.2087 1.18539 1.17361 1.17884 1.19551 1.21533 1.23308 1.24673 1.25614 1.26206 1.26545 1.26732 1.26823 1.26841 1.26821 1.26785 1.26749 1.26725 1.26719 1.26725 1.26749 1.26785 1.26821 1.26841 1.26823 1.26732 1.26545 1.26206 1.25614 1.24673 1.23308 1.21533 1.19551 1.17884 1.17361 1.18539 1.2087 1.22898 1.23662 1.23443 1.23049 1.22901 1.22932 1.22932 
1.22795 1.22795 1.22824 1.22973 1.23109 1.22818 1.21795 1.2038 1.19436 1.19558 1.20616 1.22062 1.23421 1.24469 1.25164 1.25563 1.2575 1.25808 1.258 1.25752 1.25677 1.25599 1.25528 1.25474 1.25441 1.25431 1.25441 1.25474 1.25528 1.25599 1.25677 1.25752 1.258 1.25808 1.2575 1.25563 1.25164 1.24469 1.23421 1.22062 1.20616 1.19558 1.19436 1.2038 1.21795 1.22818 1.23109 1.22973 1.22824 1.22795 1.22795 
1.22684 1.22684 1.22676 1.2268 1.22592 1.22289 1.21854 1.2161 1.21828 1.22466 1.23256 1.2396 1.24462 1.24741 1.24841 1.24821 1.24734 1.24619 1.24501 1.2439 1.24289 1.24205 1.2414 1.24093 1.24065 1.24056 1.24065 1.24093 1.2414 1.24205 1.24289 1.2439 1.24501 1.24619 1.24734 1.24821 1.24841 1.24741 1.24462 1.2396 1.23256 1.22466 1.21828 1.2161 1.21854 1.22289 1.22592 1.2268 1.22676 1.22684 1.22684 
1.225 1.225 1.225 1.225 1.225 1.225 1.225 1.225 1.225 1.225 1.225 1.225 1.225 1.225 1.225 1.225 1.225 1.225 1.225 1.225 1.225 1.225 1.225 1.225 1.225 1.225 1.225 1.225 1.225 1.225 1.225 1.225 1.225 1.225 1.225 1.225 1.225 1.225 1.225 1.225 1.225 1.225 1.225 1.225 1.225 1.225 1.225 1.225 1.225 1.225 1.225 
