0 2.74542e-14 1.78486e-14 1.71876e-14 4.38538e-15 2.01922e-15 2.2482e-15 7.68829e-15 2.51743e-14 4.20219e-14 2.93793e-14 2.28513e-15 41.9058 37.0909 30.3627 25.9412 19.6692 10.8299 -0.729583 -15.6771 -35.0694 -60.7625 -96.0302 -147.213 -194.023 6.05388e-13 194.023 147.213 96.0302 60.7625 35.0694 15.6771 0.729583 -10.8299 -19.6692 -25.9412 -30.3627 -37.0909 -41.9058 2.28513e-15 2.93793e-14 4.20219e-14 2.51743e-14 7.68829e-15 2.2482e-15 2.01922e-15 4.38538e-15 1.71876e-14 1.78486e-14 2.74542e-14 0 
0.00486711 0.00486712 0.024021 0.0448028 0.070062 0.109998 0.179604 0.291991 0.39301 0.188667 -0.239324 6.97946 43.7002 38.3481 28.8274 23.2491 17.0322 8.06012 -4.00468 -19.6703 -40.0709 -67.2092 -104.764 -156.871 -197.754 8.72997e-13 197.754 156.871 104.764 67.2092 40.0709 19.6703 4.00468 -8.06012 -17.0322 -23.2491 -28.8274 -38.3481 -43.7002 -6.97946 0.239324 -0.188667 -0.39301 -0.291991 -0.179604 -0.109998 -0.070062 -0.0448028 -0.024021 -0.00486712 -0.00486711 
0.00761682 0.00761682 0.0428052 0.0780958 0.121032 0.192899 0.321225 0.530938 0.737955 0.440036 -0.487379 7.2323 41.4679 38.0098 29.0157 22.9691 16.5648 7.47821 -4.75283 -20.6585 -41.4694 -69.1522 -107.097 -157.603 -188.605 6.13709e-13 188.605 157.603 107.097 69.1522 41.4694 20.6585 4.75283 -7.47821 -16.5648 -22.9691 -29.0157 -38.0098 -41.4679 -7.2323 0.487379 -0.440036 -0.737955 -0.530938 -0.321225 -0.192899 -0.121032 -0.0780958 -0.0428052 -0.00761682 -0.00761682 
0.00994448 0.00994449 0.0641876 0.118456 0.184175 0.295239 0.495988 0.826086 1.13181 0.622194 -0.257908 10.0562 40.3942 37.654 28.6568 22.0416 15.4515 6.16257 -6.4274 -22.7622 -44.1199 -72.3594 -110.509 -158.421 -172.375 3.17067e-13 172.375 158.421 110.509 72.3594 44.1199 22.7622 6.4274 -6.16257 -15.4515 -22.0416 -28.6568 -37.654 -40.3942 -10.0562 0.257908 -0.622194 -1.13181 -0.826086 -0.495988 -0.295239 -0.184175 -0.118456 -0.0641876 -0.00994449 -0.00994448 
0.00844654 0.00844654 0.0799694 0.152202 0.239164 0.388149 0.662396 1.11524 1.48697 0.672289 -0.180094 12.0467 39.5133 37.3838 27.8432 20.6989 13.9888 4.47314 -8.47238 -25.1376 -46.7972 -75.1088 -112.439 -154.587 -149.617 2.47446e-13 149.617 154.587 112.439 75.1088 46.7972 25.1376 8.47238 -4.47314 -13.9888 -20.6989 -27.8432 -37.3838 -39.5133 -12.0467 0.180094 -0.672289 -1.48697 -1.11524 -0.662396 -0.388149 -0.239164 -0.152202 -0.0799694 -0.00844654 -0.00844654 
0.00228471 0.00228472 0.0895854 0.180244 0.288979 0.477731 0.832498 1.41188 1.7915 0.630314 0.203379 14.1726 38.8565 36.9583 26.7601 19.1899 12.3593 2.57033 -10.7066 -27.6223 -49.4538 -77.6391 -113.448 -147.569 -126.381 1.61254e-13 126.381 147.569 113.448 77.6391 49.4538 27.6223 10.7066 -2.57033 -12.3593 -19.1899 -26.7601 -36.9583 -38.8565 -14.1726 -0.203379 -0.630314 -1.7915 -1.41188 -0.832498 -0.477731 -0.288979 -0.180244 -0.0895854 -0.00228472 -0.00228471 
-0.00818018 -0.00818017 0.0947111 0.205569 0.338443 0.571977 1.01983 1.73199 2.06447 0.56325 0.850881 16.3678 38.512 36.2585 25.2823 17.416 10.4448 0.312436 -13.306 -30.4458 -52.3918 -80.2378 -113.307 -136.93 -103.724 1.2872e-13 103.724 136.93 113.307 80.2378 52.3918 30.4458 13.306 -0.312436 -10.4448 -17.416 -25.2823 -36.2585 -38.512 -16.3678 -0.850881 -0.56325 -2.06447 -1.73199 -1.01983 -0.571977 -0.338443 -0.205569 -0.0947111 0.00818017 0.00818018 
-0.0210475 -0.0210474 0.100275 0.234956 0.396529 0.684137 1.24417 2.09337 2.32168 0.548036 1.82741 18.6166 38.3552 35.1478 23.3702 15.3602 8.1859 -2.373 -16.3402 -33.6659 -55.6234 -82.624 -111.136 -122.667 -82.9181 1.22232e-13 82.9181 122.667 111.136 82.624 55.6234 33.6659 16.3402 2.373 -8.1859 -15.3602 -23.3702 -35.1478 -38.3552 -18.6166 -1.82741 -0.548036 -2.32168 -2.09337 -1.24417 -0.684137 -0.396529 -0.234956 -0.100275 0.0210474 0.0210475 
-0.0344562 -0.0344562 0.110745 0.273278 0.468227 0.820822 1.51297 2.48734 2.53598 0.577995 3.09816 20.9598 38.2705 33.4716 21.0031 12.9817 5.49426 -5.56384 -19.8525 -37.2817 -59.0039 -84.1901 -106.051 -105.566 -64.6228 1.47728e-13 64.6228 105.566 106.051 84.1901 59.0039 37.2817 19.8525 5.56384 -5.49426 -12.9817 -21.0031 -33.4716 -38.2705 -20.9598 -3.09816 -0.577995 -2.53598 -2.48734 -1.51297 -0.820822 -0.468227 -0.273278 -0.110745 0.0344562 0.0344562 
-0.0481013 -0.0481013 0.126924 0.319899 0.551091 0.979324 1.81848 2.87874 2.65994 0.655502 4.69496 23.4608 38.0643 31.0762 18.1572 10.2079 2.27685 -9.31002 -23.8459 -41.2201 -62.1817 -84.0847 -97.5823 -87.2562 -49.3941 1.46256e-13 49.3941 87.2562 97.5823 84.0847 62.1817 41.2201 23.8459 9.31002 -2.27685 -10.2079 -18.1572 -31.0762 -38.0643 -23.4608 -4.69496 -0.655502 -2.65994 -2.87874 -1.81848 -0.979324 -0.551091 -0.319899 -0.126924 0.0481013 0.0481013 
-0.0635376 -0.0635376 0.145703 0.369787 0.638959 1.15503 2.14928 3.22807 2.66233 0.83363 6.72516 26.1204 37.397 27.8434 14.8336 6.96224 -1.53827 -13.6343 -28.2918 -45.28 -64.5232 -81.4181 -86.0181 -69.5045 -37.1993 8.47834e-14 37.1993 69.5045 86.0181 81.4181 64.5232 45.28 28.2918 13.6343 1.53827 -6.96224 -14.8336 -27.8434 -37.397 -26.1204 -6.72516 -0.83363 -2.66233 -3.22807 -2.14928 -1.15503 -0.638959 -0.369787 -0.145703 0.0635376 0.0635376 
-0.0829182 -0.0829182 0.162938 0.418153 0.728966 1.35026 2.49822 3.49955 2.53843 1.22343 9.31354 28.7465 35.8247 23.7472 11.051 3.15926 -6.01649 -18.5405 -33.0549 -48.9747 -65.1151 -75.6231 -72.4467 -53.6872 -27.7044 7.00042e-14 27.7044 53.6872 72.4467 75.6231 65.1151 48.9747 33.0549 18.5405 6.01649 -3.15926 -11.051 -23.7472 -35.8247 -28.7465 -9.31354 -1.22343 -2.53843 -3.49955 -2.49822 -1.35026 -0.728966 -0.418153 -0.162938 0.0829182 0.0829182 
-0.107322 -0.107322 0.176501 0.463664 0.824828 1.57408 2.85348 3.64806 2.30564 1.98837 12.5391 30.8845 32.9245 18.8778 6.80308 -1.31221 -11.1975 -23.9037 -37.6918 -51.4379 -63.0563 -66.8755 -58.4159 -40.5051 -20.4436 5.5797e-14 20.4436 40.5051 58.4159 66.8755 63.0563 51.4379 37.6918 23.9037 11.1975 1.31221 -6.80308 -18.8778 -32.9245 -30.8845 -12.5391 -1.98837 -2.30564 -3.64806 -2.85348 -1.57408 -0.824828 -0.463664 -0.176501 0.107322 0.107322 
-0.136332 -0.136332 0.186257 0.507383 0.934187 1.83383 3.18301 3.61215 2.02143 3.35063 16.295 31.8521 28.4768 13.3816 2.01169 -6.54043 -16.9493 -29.2485 -41.3247 -51.6481 -57.9632 -56.1767 -45.3598 -30.038 -14.9618 5.37145e-14 14.9618 30.038 45.3598 56.1767 57.9632 51.6481 41.3247 29.2485 16.9493 6.54043 -2.01169 -13.3816 -28.4768 -31.8521 -16.295 -3.35063 -2.02143 -3.61215 -3.18301 -1.83383 -0.934187 -0.507383 -0.186257 0.136332 0.136332 
-0.169266 -0.169266 0.191777 0.550783 1.06669 2.12793 3.42482 3.33116 1.84245 5.54841 20.0946 30.9035 22.5475 7.37209 -3.40387 -12.3811 -22.723 -33.6287 -42.856 -48.9502 -50.3058 -44.9575 -34.176 -21.9899 -10.8661 6.36595e-14 10.8661 21.9899 34.176 44.9575 50.3058 48.9502 42.856 33.6287 22.723 12.3811 3.40387 -7.37209 -22.5475 -30.9035 -20.0946 -5.54841 -1.84245 -3.33116 -3.42482 -2.12793 -1.06669 -0.550783 -0.191777 0.169266 0.169266 
-0.206135 -0.206135 0.191268 0.597053 1.23559 2.43559 3.47904 2.80121 2.08677 8.65143 22.9621 27.5138 15.4463 0.974898 -9.26536 -18.2039 -27.4821 -35.8907 -41.5207 -43.4997 -41.2522 -34.5052 -25.161 -15.9294 -7.83403 4.07776e-14 7.83403 15.9294 25.161 34.5052 41.2522 43.4997 41.5207 35.8907 27.4821 18.2039 9.26536 -0.974898 -15.4463 -27.5138 -22.9621 -8.65143 -2.08677 -2.80121 -3.47904 -2.43559 -1.23559 -0.597053 -0.191268 0.206135 0.206135 
-0.249059 -0.249059 0.180963 0.656294 1.45551 2.69185 3.23092 2.19014 3.16656 12.2083 23.6534 21.6885 7.72277 -5.45778 -14.8976 -22.9128 -30.0589 -35.2684 -37.3729 -36.2486 -32.1401 -25.5991 -18.1944 -11.4299 -5.60644 7.52076e-15 5.60644 11.4299 18.1944 25.5991 32.1401 36.2486 37.3729 35.2684 30.0589 22.9128 14.8976 5.45778 -7.72277 -21.6885 -23.6534 -12.2083 -3.16656 -2.19014 -3.23092 -2.69185 -1.45551 -0.656294 -0.180963 0.249059 0.249059 
-0.30517 -0.30517 0.162508 0.757683 1.71904 2.76574 2.65562 1.90286 5.24005 15.0543 21.3434 14.1476 0.177568 -11.2026 -19.243 -25.3961 -29.7751 -31.8579 -31.2934 -28.4741 -23.9793 -18.4851 -12.9604 -8.12232 -3.97928 -1.94777e-14 3.97928 8.12232 12.9604 18.4851 23.9793 28.4741 31.2934 31.8579 29.7751 25.3961 19.243 11.2026 -0.177568 -14.1476 -21.3434 -15.0543 -5.24005 -1.90286 -2.65562 -2.76574 -1.71904 -0.757683 -0.162508 0.30517 0.30517 
-0.375253 -0.375253 0.162192 0.927251 1.92844 2.50929 1.97641 2.40605 7.77424 15.7963 16.2545 6.1855 -6.24444 -15.3525 -21.3611 -25.1245 -26.8269 -26.556 -24.5202 -21.2475 -17.2615 -13.0515 -9.10197 -5.70955 -2.79643 -2.07171e-14 2.79643 5.70955 9.10197 13.0515 17.2615 21.2475 24.5202 26.556 26.8269 25.1245 21.3611 15.3525 6.24444 -6.1855 -16.2545 -15.7963 -7.77424 -2.40605 -1.97641 -2.50929 -1.92844 -0.927251 -0.162192 0.375253 0.375253 
-0.443277 -0.443277 0.206475 1.10696 1.91548 1.98302 1.69304 3.76296 9.55877 13.7518 9.62062 -0.812859 -10.7161 -17.2409 -20.9248 -22.4096 -22.1357 -20.5734 -18.1233 -15.1804 -12.0607 -9.03504 -6.30227 -3.96584 -1.94312 -6.22104e-14 1.94312 3.96584 6.30227 9.03504 12.0607 15.1804 18.1233 20.5734 22.1357 22.4096 20.9248 17.2409 10.7161 0.812859 -9.62062 -13.7518 -9.55877 -3.76296 -1.69304 -1.98302 -1.91548 -1.10696 -0.206475 0.443277 0.443277 
-0.457825 -0.457825 0.317831 1.21875 1.68419 1.55913 2.10275 5.19747 9.41613 9.48382 3.1159 -5.7986 -12.7886 -16.7643 -18.3534 -18.1945 -16.8814 -14.9587 -12.7603 -10.4751 -8.23201 -6.15603 -4.31183 -2.7265 -1.33706 -2.06181e-14 1.33706 2.7265 4.31183 6.15603 8.23201 10.4751 12.7603 14.9587 16.8814 18.1945 18.3534 16.7643 12.7886 5.7986 -3.1159 -9.48382 -9.41613 -5.19747 -2.10275 -1.55913 -1.68419 -1.21875 -0.317831 0.457825 0.457825 
-0.312143 -0.312143 0.504471 1.19411 1.32214 1.39436 2.74676 5.63669 7.32409 4.63506 -1.73523 -8.26058 -12.564 -14.4754 -14.6305 -13.6526 -12.0972 -10.3835 -8.69975 -7.08343 -5.55482 -4.16847 -2.93942 -1.86972 -0.917921 -1.34691e-14 0.917921 1.86972 2.93942 4.16847 5.55482 7.08343 8.69975 10.3835 12.0972 13.6526 14.6305 14.4754 12.564 8.26058 1.73523 -4.63506 -7.32409 -5.63669 -2.74676 -1.39436 -1.32214 -1.19411 -0.504471 0.312143 0.312143 
-0.121349 -0.121349 0.516409 0.875326 0.96854 1.63789 3.46369 5.30704 4.74885 0.921031 -4.33806 -8.64033 -10.9728 -11.5689 -11.0121 -9.83473 -8.45204 -7.12108 -5.92238 -4.81973 -3.78787 -2.85774 -2.02974 -1.29854 -0.637925 -6.11912e-15 0.637925 1.29854 2.02974 2.85774 3.78787 4.81973 5.92238 7.12108 8.45204 9.83473 11.0121 11.5689 10.9728 8.64033 4.33806 -0.921031 -4.74885 -5.30704 -3.46369 -1.63789 -0.96854 -0.875326 -0.516409 0.121349 0.121349 
-0.0729788 -0.0729787 0.415191 0.868373 1.58046 2.96902 4.47477 4.52507 2.06079 -2.12902 -6.16745 -8.7506 -9.68619 -9.41782 -8.4749 -7.27333 -6.08199 -5.03248 -4.14857 -3.36533 -2.63995 -1.99454 -1.42229 -0.913067 -0.448165 -1.15258e-14 0.448165 0.913067 1.42229 1.99454 2.63995 3.36533 4.14857 5.03248 6.08199 7.27333 8.4749 9.41782 9.68619 8.7506 6.16745 2.12902 -2.06079 -4.52507 -4.47477 -2.96902 -1.58046 -0.868373 -0.415191 0.0729787 0.0729788 
-0.175978 -0.175978 0.290138 0.915704 1.77399 2.6258 2.53826 0.693167 -2.57102 -5.86985 -7.96607 -8.60861 -8.21544 -7.27508 -6.14698 -5.0501 -4.08871 -3.28813 -2.63058 -2.08126 -1.61031 -1.208 -0.859281 -0.551193 -0.269788 -2.02688e-14 0.269788 0.551193 0.859281 1.208 1.61031 2.08126 2.63058 3.28813 4.08871 5.0501 6.14698 7.27508 8.21544 8.60861 7.96607 5.86985 2.57102 -0.693167 -2.53826 -2.6258 -1.77399 -0.915704 -0.290138 0.175978 0.175978 
0 0 0 0 0 0 0 0 0 0 0 0 0 0 0 0 0 0 0 0 0 0 0 0 0 0 0 0 0 0 0 0 0 0 0 0 0 0 0 0 0 0 0 0 0 0 0 0 0 0 0 
