310764 307564 307720 308132 308830 309818 311198 313485 317973 326082 334501 322016 246656 202352 190817 207386 220223 227020 233386 241724 253214 268442 288764 319886 380151 431436 380151 319886 288764 268442 253214 241724 233386 227020 220223 207386 190817 202352 246656 322016 334501 326082 317973 313485 311198 309818 308830 308132 307720 307564 310764 
307564 307564 307720 308132 308830 309818 311198 313485 317973 326082 334501 322437 247781 203698 191671 207975 220736 227284 233483 241988 253666 269095 289574 319599 381047 431773 381047 319599 289574 269095 253666 241988 233483 227284 220736 207975 191671 203698 247781 322437 334501 326082 317973 313485 311198 309818 308830 308132 307720 307564 307564 
307611 307611 307769 308180 308879 309866 311242 313519 318026 326295 334240 316862 246007 203719 194299 211040 223495 230075 236832 246281 259124 276185 299380 333845 391541 427467 391541 333845 299380 276185 259124 246281 236832 230075 223495 211040 194299 203719 246007 316862 334240 326295 318026 313519 311242 309866 308879 308180 307769 307611 307611 
307763 307763 307934 308362 309077 310085 311481 313779 318351 326864 334589 314258 245196 203361 196397 213569 225712 232426 239662 249712 263229 281126 305638 341498 393533 425588 393533 341498 305638 281126 263229 249712 239662 232426 225712 213569 196397 203361 245196 314258 334589 326864 318351 313779 311481 310085 309077 308362 307934 307763 307763 
308027 308027 308216 308663 309398 310426 311840 314156 318841 327678 334631 310781 243597 202619 198314 215916 227767 234694 242405 253004 267198 286130 312670 350575 396656 420549 396656 350575 312670 286130 267198 253004 242405 234694 227767 215916 198314 202619 243597 310781 334631 327678 318841 314156 311840 310426 309398 308663 308216 308027 308027 
308377 308377 308578 309037 309780 310813 312222 314531 319349 328488 334250 306738 240980 201731 200621 218487 229990 237168 245388 256582 271542 291719 320279 358356 397103 416224 397103 358356 320279 291719 271542 256582 245388 237168 229990 218487 200621 201731 240980 306738 334250 328488 319349 314531 312222 310813 309780 309037 308578 308377 308377 
308772 308772 308972 309426 310158 311170 312535 314806 319776 329110 333137 301988 237746 201170 203472 221333 232482 239980 248779 260661 276532 298160 328442 365189 396598 410641 396598 365189 328442 298160 276532 260661 248779 239980 232482 221333 203472 201170 237746 301988 333137 329110 319776 314806 312535 311170 310158 309426 308972 308772 308772 
309177 309177 309363 309797 310502 311471 312765 314989 320170 329596 331433 296694 234185 201278 206992 224590 235437 243364 252840 265518 282463 305592 336721 370216 394418 405079 394418 370216 336721 305592 282463 265518 252840 243364 235437 224590 206992 201278 234185 296694 331433 329596 320170 314989 312765 311471 310502 309797 309363 309177 309177 
309580 309580 309746 310153 310825 311742 312951 315160 320648 330030 329198 290901 230516 202305 211258 228354 238991 247463 257700 271278 289418 313790 344409 373160 391066 399009 391066 373160 344409 313790 289418 271278 257700 247463 238991 228354 211258 202305 230516 290901 329198 330030 320648 315160 312951 311742 310825 310153 309746 309580 309580 
309987 309987 310133 310517 311160 312020 313140 315391 321290 330399 326311 284490 227006 204520 216288 232688 243239 252368 263452 278047 297370 322297 350778 373928 386739 392685 386739 373928 350778 322297 297370 278047 263452 252368 243239 232688 216288 204520 227006 284490 326311 330399 321290 315391 313140 312020 311160 310517 310133 309987 309987 
310407 310407 310540 310908 311522 312316 313342 315715 322097 330559 322507 277399 224110 208187 222079 237671 248300 258206 270247 285908 306079 330398 355219 372747 381734 386065 381734 372747 355219 330398 306079 285908 270247 258206 248300 237671 222079 208187 224110 277399 322507 330559 322097 315715 313342 312316 311522 310908 310540 310407 310407 
310841 310841 310966 311321 311902 312607 313539 316141 323029 330288 317497 269806 222472 213470 228629 243427 254343 265163 278214 294739 314959 337253 357436 370004 376232 379283 376232 370004 357436 337253 314959 294739 278214 265163 254343 243427 228629 213470 222472 269806 317497 330288 323029 316141 313539 312607 311902 311321 310966 310841 310841 
311274 311274 311394 311736 312271 312859 313721 316693 324021 329289 311052 262256 222798 220366 235975 250143 261584 273385 287274 304049 323147 342170 357502 366132 370382 372453 370382 366132 357502 342170 323147 304049 287274 273385 261584 250143 235975 220366 222798 262256 311052 329289 324021 316693 313721 312859 312271 311736 311394 311274 311274 
311683 311683 311801 312126 312596 313039 313901 317416 324943 327147 303164 255681 225644 228757 244246 258058 270160 282762 296939 312985 329762 344825 355770 361498 364330 365694 364330 361498 355770 344825 329762 312985 296939 282762 270160 258058 244246 228757 225644 255681 303164 327147 324943 317416 313901 313039 312596 312126 311801 311683 311683 
312045 312045 312163 312469 312844 313128 314126 318343 325512 323356 294262 251273 231287 238524 253617 267281 279893 292743 306325 320585 334213 345309 352708 356395 358223 359099 358223 356395 352708 345309 334213 320585 306325 292743 279893 267281 253617 238524 231287 251273 294262 323356 325512 318343 314126 313128 312844 312469 312163 312045 312045 
312341 312341 312464 312738 312978 313127 314483 319428 325216 317553 285457 250176 239660 249543 264094 277541 290127 302374 314423 326121 336358 344001 348766 351060 352198 352748 352198 351060 348766 344001 336358 326121 314423 302374 290127 277541 264094 249543 239660 250176 285457 317553 325216 319428 314483 313127 312978 312738 312464 312341 312341 
312558 312558 312690 312906 312966 313090 315081 320415 323367 309994 278469 253048 250302 261501 275278 288080 299845 310622 320467 329321 336453 341400 344326 345696 346374 346710 346374 345696 344326 341400 336453 329321 320467 310622 299845 288080 275278 261501 250302 253048 278469 309994 323367 320415 315081 313090 312966 312906 312690 312558 312558 
312691 312691 312825 312926 312802 313152 315930 320735 319483 301949 274973 259674 262356 273751 286344 297867 308042 316759 324163 330355 334974 337985 339688 340458 340840 341036 340840 340458 339688 337985 334974 330355 324163 316759 308042 297867 286344 273751 262356 259674 274973 301949 319483 320735 315930 313152 312802 312926 312825 312691 312691 
312740 312740 312833 312764 312587 313482 316762 319670 313872 295392 275742 268971 274712 285393 296315 305977 314072 320541 325665 329666 332442 334151 335074 335469 335663 335771 335663 335469 335074 334151 332442 329666 325665 320541 314072 305977 296315 285393 274712 268971 275742 295392 313872 319670 316762 313482 312587 312764 312833 312740 312740 
312709 312709 312695 312484 312518 314045 316952 316882 307916 292021 280281 279411 286249 295525 304386 311864 317765 322160 325417 327797 329333 330222 330671 330843 330924 330977 330924 330843 330671 330222 329333 327797 325417 322160 317765 311864 304386 295525 286249 279411 280281 292021 307916 316882 316952 314045 312518 312484 312695 312709 312709 
312608 312608 312435 312215 312660 314449 315992 313057 303520 292364 287114 289468 296028 303476 310134 315449 319384 322116 324014 325310 326078 326487 326666 326712 326730 326751 326730 326712 326666 326487 326078 325310 324014 322116 319384 315449 310134 303476 296028 289468 287114 292364 303520 313057 315992 314449 312660 312215 312435 312608 312608 
312426 312426 312156 312146 313001 314449 314199 309638 301747 295435 294379 297930 303466 309019 313657 317138 319545 321097 322101 322727 323047 323181 323207 323181 323160 323161 323160 323181 323207 323181 323047 322727 322101 321097 319545 317138 313657 309019 303466 297930 294379 295435 301747 309638 314199 314449 313001 312146 312156 312426 312426 
312288 312288 312175 312527 313448 313896 312000 307252 302017 299527 300788 304467 308797 312674 315656 317716 319011 319754 320170 320367 320399 320351 320268 320186 320133 320120 320133 320186 320268 320351 320399 320367 320170 319754 319011 317716 315656 312674 308797 304467 300788 299527 302017 307252 312000 313896 313448 312527 312175 312288 312288 
312136 312136 312222 312595 312899 312152 309716 306479 304418 304765 307123 310271 313202 315444 316917 317747 318124 318225 318193 318068 317883 317696 317531 317403 317326 317303 317326 317403 317531 317696 317883 318068 318193 318225 318124 317747 316917 315444 313202 310271 307123 304765 304418 306479 309716 312152 312899 312595 312222 312136 312136 
311691 311691 311699 311778 311690 311184 310471 310209 310859 312226 313765 315068 315946 316368 316432 316266 315984 315665 315358 315075 314825 314620 314461 314348 314282 314261 314282 314348 314461 314620 314825 315075 315358 315665 315984 316266 316432 316368 315946 315068 313765 312226 310859 310209 310471 311184 311690 311778 311699 311691 311691 
310764 310764 310764 310764 310764 310764 310764 310764 310764 310764 310764 310764 310764 310764 310764 310764 310764 310764 310764 310764 310764 310764 310764 310764 310764 310764 310764 310764 310764 310764 310764 310764 310764 310764 310764 310764 310764 310764 310764 310764 310764 310764 310764 310764 310764 310764 310764 310764 310764 310764 310764 
