ni
101

nj
48

x_vals
4.70768 4.31796 3.96366 3.64157 3.34877 3.08258 2.84059 2.6206 2.42061 2.2388 2.07352 1.92326 1.78666 1.66248 1.54959 1.44697 1.35367 1.26885 1.19175 1.12165 1.05793 1 0.944386 0.889237 0.834684 0.780859 0.727892 0.675916 0.62506 0.575451 0.527211 0.48046 0.435311 0.391874 0.350253 0.310547 0.272851 0.237256 0.203848 0.175511 0.149386 0.125073 0.102607 0.0820442 0.0634662 0.0469715 0.0326738 0.0206971 0.0111713 0.00422864 0 -0.00129547 0.000552765 0.00564987 0.0140851 0.0259285 0.0412275 0.0600024 0.0822425 0.107903 0.1369 0.169111 0.203966 0.23842 0.275158 0.314054 0.354975 0.397778 0.442315 0.488433 0.535972 0.584771 0.634664 0.685481 0.737051 0.789201 0.841752 0.894525 0.947336 1 1.05793 1.12165 1.19175 1.26885 1.35367 1.44697 1.54959 1.66248 1.78666 1.92326 2.07352 2.2388 2.42061 2.6206 2.84059 3.08258 3.34877 3.64157 3.96366 4.31796 4.70768 
4.70768 4.3187 3.96487 3.64309 3.35047 3.08438 2.84244 2.62245 2.42243 2.24056 2.0752 1.92486 1.78817 1.66389 1.55089 1.44816 1.35475 1.26982 1.1926 1.12239 1.05855 1.00051 0.944766 0.889476 0.834786 0.780829 0.727738 0.675644 0.624677 0.574964 0.526628 0.479788 0.434561 0.391057 0.349382 0.30964 0.271945 0.23635 0.202948 0.174586 0.148432 0.124095 0.101614 0.0810574 0.0625736 0.0460834 0.0317661 0.0197637 0.0102137 0.00325277 -0.000982917 -0.0022689 -0.000400432 0.00472415 0.0131917 0.0250686 0.0403937 0.0591648 0.0812833 0.106916 0.135903 0.168112 0.202972 0.237455 0.274204 0.313107 0.354071 0.396935 0.441547 0.487751 0.535387 0.584291 0.634298 0.685238 0.73694 0.789228 0.841927 0.894856 0.947829 1.00064 1.05866 1.12248 1.19268 1.26989 1.35481 1.44821 1.55094 1.66393 1.78821 1.9249 2.07523 2.24059 2.42245 2.62247 2.84245 3.0844 3.35048 3.64309 3.96488 4.3187 4.70768 
4.70768 4.31952 3.96621 3.64475 3.35233 3.08637 2.84447 2.62448 2.42443 2.2425 2.07706 1.92663 1.78983 1.66544 1.55232 1.44947 1.35594 1.27089 1.19354 1.12321 1.05924 1.00107 0.945174 0.88973 0.834889 0.780789 0.727561 0.675338 0.624249 0.574422 0.525981 0.479045 0.433732 0.390154 0.348421 0.308641 0.270948 0.235353 0.201958 0.173568 0.147382 0.123018 0.100521 0.0799733 0.0615853 0.0450999 0.0307616 0.0187314 0.00915528 0.00217468 -0.00206841 -0.00334405 -0.00145353 0.00370105 0.012204 0.0241172 0.0394703 0.058237 0.0802299 0.10583 0.134807 0.167013 0.201878 0.236393 0.273154 0.312063 0.353073 0.396003 0.440697 0.486995 0.534736 0.583757 0.633889 0.684963 0.736808 0.789249 0.842109 0.895208 0.948356 1.00133 1.05946 1.12339 1.19371 1.27103 1.35607 1.44958 1.55243 1.66553 1.78991 1.9267 2.07713 2.24255 2.42447 2.62452 2.8445 3.08639 3.35236 3.64477 3.96622 4.31952 4.70768 
4.70768 4.32041 3.96767 3.64658 3.35439 3.08855 2.84671 2.62672 2.42663 2.24463 2.07911 1.92857 1.79166 1.66714 1.5539 1.45091 1.35725 1.27206 1.19458 1.12411 1.06 1.00167 0.945611 0.889998 0.834993 0.780735 0.727358 0.674993 0.623771 0.573819 0.525262 0.478222 0.432815 0.389157 0.347361 0.30754 0.269851 0.234255 0.200867 0.172446 0.146225 0.121832 0.0993193 0.0787818 0.0604904 0.0440102 0.0296493 0.0175893 0.00798488 0.00098319 -0.00326767 -0.00453203 -0.00261749 0.0025698 0.0111112 0.0230638 0.038447 0.0572087 0.0790727 0.104637 0.133601 0.165804 0.200673 0.235223 0.271999 0.310913 0.351972 0.394974 0.439756 0.486156 0.534013 0.58316 0.633429 0.684651 0.736653 0.78926 0.842297 0.89558 0.948919 1.00208 1.06034 1.1244 1.19484 1.27229 1.35745 1.45109 1.55406 1.66729 1.79179 1.92868 2.07921 2.24472 2.4267 2.62678 2.84676 3.08859 3.35442 3.6466 3.96768 4.32042 4.70768 
4.70768 4.32139 3.96927 3.64858 3.35664 3.09094 2.84916 2.62918 2.42905 2.24698 2.08136 1.93071 1.79367 1.66902 1.55564 1.45251 1.35869 1.27336 1.19573 1.1251 1.06083 1.00233 0.946079 0.890281 0.835096 0.780666 0.727125 0.674605 0.623236 0.573148 0.524464 0.477309 0.4318 0.388056 0.346191 0.306329 0.268644 0.233048 0.199665 0.17121 0.14495 0.120525 0.0979961 0.0774717 0.0592768 0.042802 0.028417 0.0163248 0.00669004 -0.000334251 -0.0045932 -0.00584528 -0.0039046 0.00131833 0.00990154 0.0218968 0.0373123 0.0560683 0.077801 0.103324 0.132274 0.164473 0.199346 0.233934 0.270726 0.309646 0.350757 0.393836 0.438713 0.485226 0.533209 0.582494 0.632914 0.684296 0.736469 0.789259 0.842487 0.895972 0.949519 1.0029 1.06131 1.12551 1.19608 1.27368 1.35898 1.45276 1.55587 1.66922 1.79385 1.93087 2.0815 2.2471 2.42915 2.62927 2.84924 3.091 3.35669 3.64861 3.96929 4.3214 4.70768 
4.70768 4.32246 3.97102 3.65078 3.35911 3.09357 2.85186 2.63189 2.43171 2.24956 2.08384 1.93306 1.79589 1.67109 1.55755 1.45426 1.36028 1.27478 1.19698 1.12618 1.06174 1.00303 0.946579 0.890577 0.835196 0.780577 0.726855 0.674165 0.622637 0.572398 0.523577 0.476296 0.430676 0.386838 0.3449 0.304993 0.267314 0.231718 0.198341 0.169847 0.143544 0.119086 0.0965391 0.0760305 0.057931 0.0414617 0.027051 0.0149242 0.00525674 -0.00179168 -0.00605902 -0.00729772 -0.00532862 -6.68901e-05 0.00856179 0.0206032 0.0360533 0.0548029 0.0764029 0.10188 0.130814 0.163008 0.197885 0.232513 0.269323 0.308249 0.349414 0.392577 0.437559 0.484194 0.532314 0.58175 0.632333 0.683892 0.736253 0.789241 0.842679 0.896384 0.950159 1.00377 1.06236 1.12672 1.19745 1.2752 1.36066 1.45459 1.55785 1.67135 1.79612 1.93327 2.08402 2.24972 2.43185 2.632 2.85196 3.09365 3.35917 3.65082 3.97105 4.32248 4.70768 
4.70768 4.32363 3.97295 3.65319 3.36183 3.09646 2.85483 2.63486 2.43464 2.25241 2.08657 1.93565 1.79833 1.67336 1.55966 1.45619 1.36204 1.27635 1.19837 1.12738 1.06274 1.0038 0.947111 0.890886 0.835289 0.780463 0.726545 0.673668 0.621964 0.571562 0.52259 0.475172 0.429431 0.385491 0.343475 0.303522 0.26585 0.230254 0.196881 0.168343 0.141994 0.117499 0.0949345 0.0744441 0.0564377 0.0399738 0.0255356 0.0133718 0.00366926 -0.00340488 -0.00768084 -0.00890499 -0.00690501 -0.00160108 0.00707695 0.0191683 0.0346552 0.0533979 0.074865 0.100291 0.129207 0.161394 0.196275 0.230946 0.267778 0.306709 0.347932 0.391183 0.436279 0.483046 0.531316 0.580917 0.63168 0.68343 0.735996 0.789202 0.842869 0.896814 0.950838 1.00471 1.06351 1.12805 1.19896 1.27688 1.36251 1.45661 1.56003 1.6737 1.79862 1.93592 2.0868 2.25261 2.43481 2.63501 2.85495 3.09656 3.3619 3.65324 3.97298 4.32365 4.70768 
4.70768 4.32491 3.97505 3.65583 3.36481 3.09963 2.85809 2.63813 2.43785 2.25553 2.08957 1.9385 1.80101 1.67587 1.56198 1.45831 1.36396 1.27808 1.19989 1.12869 1.06382 1.00463 0.947676 0.891205 0.835371 0.780319 0.726186 0.673105 0.621209 0.570628 0.52149 0.473923 0.428051 0.384 0.3419 0.3019 0.264236 0.228639 0.19527 0.166684 0.140285 0.11575 0.0931664 0.0726965 0.0547797 0.0383208 0.0238534 0.0116499 0.00190988 -0.00519157 -0.00947632 -0.0106846 -0.00865116 -0.0033014 0.00543014 0.0175752 0.0331016 0.051837 0.0731721 0.0985422 0.127437 0.159617 0.1945 0.229218 0.266074 0.30501 0.346293 0.389641 0.434858 0.48177 0.530203 0.579985 0.630943 0.682904 0.735693 0.789136 0.843053 0.897259 0.951557 1.00573 1.06477 1.12951 1.20061 1.27872 1.36454 1.45883 1.56244 1.67628 1.80138 1.93883 2.08985 2.25578 2.43807 2.63831 2.85824 3.09975 3.3649 3.65589 3.97509 4.32493 4.70768 
4.70768 4.32631 3.97735 3.65872 3.36807 3.10311 2.86167 2.64172 2.44139 2.25897 2.09287 1.94164 1.80396 1.67863 1.56452 1.46065 1.36608 1.27997 1.20155 1.13012 1.065 1.00551 0.948274 0.891533 0.835439 0.780139 0.725769 0.672465 0.620359 0.569582 0.520264 0.472534 0.42652 0.38235 0.340161 0.300112 0.262457 0.226859 0.193491 0.164851 0.138397 0.11382 0.0912174 0.0707699 0.0529377 0.0364831 0.0219844 0.00973868 -4.13889e-05 -0.00717171 -0.0114654 -0.0126565 -0.0105867 -0.00518717 0.00360228 0.0158053 0.0313736 0.0501015 0.0713074 0.0966162 0.125487 0.157659 0.192544 0.227312 0.264194 0.303136 0.344482 0.387932 0.433282 0.48035 0.528961 0.578939 0.63011 0.682301 0.735335 0.789037 0.843227 0.897719 0.952316 1.00681 1.06612 1.1311 1.20242 1.28074 1.36677 1.46127 1.56508 1.67912 1.8044 1.94203 2.09321 2.25927 2.44165 2.64193 2.86185 3.10325 3.36818 3.6588 3.9774 4.32634 4.70768 
4.70768 4.32784 3.97987 3.66189 3.37165 3.10693 2.86559 2.64566 2.44528 2.26274 2.09649 1.94509 1.80721 1.68166 1.56733 1.46322 1.36841 1.28205 1.20338 1.13168 1.06628 1.00647 0.948904 0.891865 0.835487 0.779915 0.725287 0.671738 0.619402 0.568411 0.518897 0.47099 0.42482 0.380523 0.338238 0.298138 0.260494 0.224895 0.191526 0.162827 0.136313 0.111691 0.0890675 0.0686437 0.0508898 0.0344383 0.0199063 0.00761554 -0.00220711 -0.00936788 -0.0136704 -0.0148428 -0.0127337 -0.0072803 0.00157177 0.013837 0.0294501 0.0481705 0.0692514 0.0944942 0.123338 0.1555 0.190387 0.225207 0.262119 0.301068 0.342479 0.386039 0.431531 0.478769 0.527573 0.577765 0.629169 0.68161 0.734911 0.788896 0.843383 0.898188 0.953115 1.00797 1.06759 1.13284 1.2044 1.28296 1.36922 1.46395 1.56798 1.68224 1.80773 1.94555 2.0969 2.2631 2.44558 2.64591 2.8658 3.1071 3.37178 3.66198 3.97993 4.32786 4.70768 
4.70768 4.3295 3.98262 3.66535 3.37557 3.11111 2.8699 2.64999 2.44954 2.26689 2.10048 1.94887 1.81078 1.68499 1.57041 1.46604 1.37096 1.28433 1.20538 1.13338 1.06767 1.00749 0.949565 0.892197 0.835507 0.779638 0.724726 0.67091 0.618322 0.567098 0.517369 0.46927 0.422933 0.378497 0.336112 0.29596 0.258328 0.222726 0.189353 0.160588 0.134009 0.109338 0.0866944 0.0662948 0.0486112 0.0321612 0.0175937 0.00525496 -0.00461285 -0.0118056 -0.0161169 -0.0172689 -0.0151173 -0.00960557 -0.000685925 0.0116461 0.0273068 0.0460203 0.0669821 0.0921548 0.120969 0.153119 0.188006 0.222882 0.259828 0.298784 0.340263 0.383939 0.429585 0.477006 0.52602 0.576445 0.628103 0.680817 0.73441 0.788703 0.843516 0.898663 0.953951 1.0092 1.06918 1.13472 1.20657 1.28539 1.37191 1.46689 1.57117 1.68567 1.81139 1.94941 2.10095 2.2673 2.4499 2.65028 2.87015 3.11131 3.37572 3.66546 3.98269 4.32953 4.70768 
4.70768 4.3313 3.98561 3.66913 3.37985 3.11569 2.87462 2.65473 2.45423 2.27145 2.10485 1.95304 1.8147 1.68864 1.57379 1.46913 1.37376 1.28682 1.20756 1.13523 1.06916 1.00857 0.950255 0.892524 0.835492 0.779296 0.724074 0.669965 0.617103 0.565623 0.515661 0.467353 0.420835 0.376252 0.33376 0.293555 0.255934 0.220329 0.186948 0.158111 0.131462 0.106739 0.0840727 0.0636967 0.046074 0.0296229 0.0150174 0.00262793 -0.00728763 -0.0145137 -0.0188335 -0.0199634 -0.0177658 -0.0121912 -0.00319872 0.00920489 0.0249163 0.0436239 0.0644745 0.0895737 0.118354 0.150491 0.185379 0.220312 0.257295 0.29626 0.337811 0.38161 0.42742 0.47504 0.524281 0.574959 0.626894 0.679906 0.733817 0.788447 0.843615 0.899136 0.954823 1.01051 1.07088 1.13677 1.20893 1.28805 1.37486 1.47012 1.57467 1.68944 1.8154 1.95366 2.1054 2.27192 2.45464 2.65508 2.87491 3.11592 3.38003 3.66926 3.9857 4.33134 4.70768 
4.70768 4.33327 3.98888 3.67327 3.38454 3.12071 2.87979 2.65993 2.45936 2.27644 2.10966 1.9576 1.819 1.69266 1.5775 1.47252 1.37682 1.28955 1.20993 1.13724 1.07076 1.00972 0.95097 0.892839 0.83543 0.778876 0.723315 0.668886 0.615724 0.563966 0.51375 0.465215 0.418502 0.37376 0.331155 0.290896 0.253287 0.217676 0.184283 0.155367 0.128642 0.103863 0.0811734 0.0608191 0.0432462 0.0267908 0.0121446 -0.000298601 -0.0102644 -0.0175251 -0.0218531 -0.0229588 -0.0207118 -0.0150692 -0.00599843 0.00648174 0.0222471 0.0409508 0.0616999 0.0867234 0.115468 0.14759 0.182476 0.217469 0.254494 0.293469 0.335094 0.379024 0.42501 0.472844 0.522332 0.573285 0.625522 0.678858 0.733116 0.788114 0.843671 0.899602 0.955725 1.0119 1.07271 1.13899 1.2115 1.29095 1.37808 1.47366 1.57851 1.69357 1.81981 1.95832 2.11028 2.27699 2.45983 2.66033 2.88012 3.12097 3.38475 3.67342 3.98898 4.33331 4.70768 
4.70768 4.3354 3.99244 3.67778 3.38967 3.12619 2.88546 2.66563 2.46499 2.28192 2.11492 1.96261 1.82372 1.69706 1.58156 1.47624 1.38017 1.29252 1.21251 1.13941 1.07248 1.01094 0.951704 0.893132 0.835309 0.778363 0.722431 0.667651 0.614161 0.5621 0.511608 0.462827 0.415904 0.370993 0.32827 0.287955 0.250357 0.214738 0.181327 0.152325 0.125518 0.100679 0.0779634 0.057627 0.0400914 0.0236275 0.00893764 -0.00356234 -0.0135809 -0.0208774 -0.0252128 -0.0262924 -0.0239919 -0.0182763 -0.00912146 0.00344048 0.0192634 0.0379659 0.0586252 0.0835724 0.112278 0.144383 0.179267 0.214323 0.251393 0.290381 0.332083 0.376151 0.422326 0.47039 0.520145 0.571397 0.623961 0.677652 0.732288 0.787687 0.843668 0.900048 0.956653 1.01336 1.07466 1.14137 1.21428 1.29411 1.3816 1.47752 1.58272 1.69809 1.82464 1.96343 2.11564 2.28254 2.46553 2.66609 2.88583 3.12649 3.3899 3.67795 3.99255 4.33545 4.70768 
4.70768 4.3377 3.99631 3.68269 3.39526 3.13219 2.89166 2.67188 2.47116 2.28793 2.1207 1.96811 1.82889 1.70188 1.58601 1.4803 1.38382 1.29576 1.21531 1.14174 1.07431 1.01222 0.952451 0.893392 0.835113 0.777737 0.721399 0.666236 0.612388 0.559997 0.509206 0.460159 0.413009 0.367919 0.325072 0.284698 0.247111 0.211479 0.178045 0.148949 0.122052 0.0971489 0.0744045 0.0540805 0.0365682 0.0200903 0.00535338 -0.00720642 -0.0172801 -0.0246134 -0.0289554 -0.0300064 -0.0276486 -0.0218544 -0.0126095 3.96118e-05 0.015924 0.0346291 0.0552124 0.0800846 0.108749 0.140835 0.175716 0.210838 0.247957 0.286961 0.328743 0.372956 0.419332 0.467645 0.517688 0.569264 0.622184 0.67626 0.731309 0.787146 0.843592 0.900464 0.957597 1.01488 1.07673 1.14394 1.2173 1.29755 1.38544 1.48175 1.58732 1.70305 1.82993 1.96903 2.12151 2.28863 2.47177 2.67239 2.89208 3.13253 3.39552 3.68288 3.99643 4.33776 4.70768 
4.70768 4.3402 4.00051 3.68804 3.40136 3.13874 2.89843 2.6787 2.47791 2.2945 2.12702 1.97412 1.83455 1.70716 1.59088 1.48473 1.38781 1.29927 1.21834 1.14425 1.07625 1.01355 0.953201 0.893605 0.834825 0.776977 0.720193 0.664612 0.610375 0.557624 0.506507 0.457174 0.409781 0.364499 0.321521 0.281087 0.243508 0.207861 0.174396 0.145197 0.118204 0.0932308 0.0704528 0.0501334 0.0326288 0.0161304 0.0013424 -0.0112803 -0.0214114 -0.0287821 -0.0331296 -0.0341496 -0.0317302 -0.0258518 -0.0165106 -0.00376858 0.0121818 0.0308947 0.0514175 0.0762182 0.10484 0.136907 0.171784 0.206973 0.244145 0.283169 0.325035 0.369402 0.415992 0.464571 0.514924 0.566852 0.620158 0.674654 0.730152 0.786469 0.843421 0.900834 0.958548 1.01647 1.07892 1.14668 1.22055 1.30127 1.38962 1.48636 1.59234 1.70847 1.83572 1.97516 2.12793 2.29529 2.47859 2.67928 2.8989 3.13912 3.40165 3.68826 4.00064 4.34026 4.70768 
4.70768 4.3429 4.00506 3.69386 3.408 3.14588 2.90582 2.68616 2.48529 2.30169 2.13394 1.9807 1.84074 1.71292 1.59618 1.48956 1.39214 1.30308 1.2216 1.14692 1.0783 1.01494 0.95394 0.893752 0.834422 0.776056 0.718785 0.662746 0.608084 0.554942 0.503473 0.45383 0.406177 0.360692 0.317577 0.277079 0.239505 0.203835 0.170331 0.141021 0.113925 0.0888751 0.0660574 0.0457322 0.0282184 0.0116913 -0.00315211 -0.015841 -0.0260316 -0.03344 -0.0377917 -0.0387778 -0.0362924 -0.0303239 -0.02088 -0.00803913 0.00798226 0.0267097 0.0471894 0.0719249 0.100505 0.132551 0.167424 0.202682 0.239913 0.27896 0.320915 0.365443 0.41226 0.461124 0.511813 0.564121 0.617847 0.672799 0.728787 0.785626 0.843134 0.901139 0.959491 1.01811 1.08123 1.14961 1.22404 1.30531 1.39415 1.49138 1.59782 1.71439 1.84205 1.98186 2.13496 2.30258 2.48605 2.6868 2.90635 3.1463 3.40833 3.6941 4.00521 4.34297 4.70768 
4.70768 4.3458 4.00999 3.70017 3.41522 3.15365 2.91388 2.6943 2.49335 2.30954 2.14149 1.98788 1.84749 1.71921 1.60197 1.49481 1.39683 1.30719 1.22509 1.14977 1.08046 1.01636 0.954652 0.893813 0.833877 0.774942 0.717137 0.6606 0.605473 0.551908 0.500056 0.45008 0.402149 0.356448 0.313189 0.272623 0.235048 0.199351 0.165798 0.136366 0.109158 0.0840245 0.0611588 0.040815 0.0232737 0.00670844 -0.00819571 -0.0209542 -0.031206 -0.0386524 -0.0430065 -0.0439558 -0.0413997 -0.035335 -0.0257817 -0.0128356 0.00326262 0.0220131 0.042469 0.0671484 0.0956884 0.127714 0.162585 0.197914 0.235207 0.274283 0.316332 0.361029 0.408088 0.457256 0.508306 0.561024 0.615205 0.670653 0.727175 0.784585 0.842701 0.901355 0.960407 1.01979 1.08364 1.15272 1.22779 1.30965 1.39907 1.49683 1.60379 1.72084 1.84896 1.98917 2.14263 2.31053 2.4942 2.69501 2.91447 3.15413 3.41558 3.70043 4.01016 4.34588 4.70768 
4.70768 4.34892 4.01531 3.70701 3.42306 3.16211 2.92266 2.70317 2.50213 2.31811 2.14973 1.99572 1.85486 1.72605 1.60826 1.50051 1.40191 1.31162 1.22884 1.15279 1.08271 1.0178 0.955317 0.89376 0.833157 0.773599 0.71521 0.658127 0.602496 0.548469 0.496205 0.44587 0.397641 0.351711 0.3083 0.267661 0.230079 0.194345 0.160732 0.131169 0.103839 0.0786124 0.055688 0.0353098 0.0177215 0.00110671 -0.0138642 -0.0266957 -0.0370106 -0.0444947 -0.0488492 -0.0497584 -0.0471266 -0.0409594 -0.0312898 -0.0182319 -0.00204997 0.016734 0.0371871 0.061823 0.0903277 0.122335 0.157203 0.192606 0.229967 0.269078 0.311227 0.356103 0.403417 0.45291 0.504348 0.557509 0.612184 0.66817 0.725274 0.783307 0.842089 0.901455 0.961275 1.02149 1.08616 1.156 1.23179 1.31432 1.40437 1.50274 1.61028 1.72787 1.85648 1.99715 2.151 2.31921 2.50308 2.70396 2.92332 3.16264 3.42346 3.7073 4.01549 4.34901 4.70768 
4.70768 4.35227 4.02105 3.7144 3.43155 3.17129 2.9322 2.71282 2.5117 2.32744 2.15871 2.00425 1.86288 1.7335 1.61508 1.50667 1.40738 1.31637 1.23282 1.15597 1.08503 1.01924 0.955906 0.893561 0.832225 0.771982 0.712953 0.655274 0.599094 0.544567 0.491857 0.441136 0.392589 0.346417 0.302844 0.262123 0.224527 0.188745 0.155061 0.125354 0.0978911 0.0725606 0.0495639 0.0291329 0.0114764 -0.00520082 -0.0202455 -0.0331539 -0.0435333 -0.0510545 -0.055407 -0.0562725 -0.05356 -0.0472838 -0.0374907 -0.0243137 -0.00804015 0.0107899 0.0312631 0.0558714 0.0843485 0.116341 0.15121 0.18669 0.224123 0.263275 0.305532 0.350596 0.398181 0.448022 0.499875 0.553514 0.608723 0.665295 0.723033 0.781746 0.841256 0.901403 0.962065 1.02319 1.08875 1.15944 1.23604 1.31932 1.41009 1.50913 1.61731 1.7355 1.86467 2.00584 2.16011 2.32866 2.51274 2.7137 2.93293 3.17187 3.432 3.71472 4.02125 4.35236 4.70768 
4.70768 4.35585 4.02721 3.72237 3.44074 3.18124 2.94256 2.72331 2.5221 2.33759 2.16847 2.01352 1.87158 1.74157 1.62247 1.51333 1.41327 1.32144 1.23704 1.1593 1.08742 1.02066 0.956387 0.893175 0.831033 0.770039 0.71031 0.651981 0.595202 0.540132 0.486941 0.435806 0.386919 0.340489 0.296743 0.255932 0.21831 0.182468 0.148698 0.118835 0.0912257 0.0657772 0.0426915 0.0221861 0.00443909 -0.0123154 -0.0274421 -0.0404314 -0.0508767 -0.0584341 -0.0627818 -0.0635997 -0.0608011 -0.0544092 -0.0444852 -0.0311813 -0.0148066 0.0040844 0.0246024 0.0492028 0.0776634 0.109647 0.144522 0.180082 0.217594 0.256796 0.299169 0.344433 0.392305 0.442515 0.494814 0.548968 0.604755 0.661963 0.720391 0.779848 0.840155 0.901158 0.962741 1.02486 1.0914 1.16303 1.24053 1.32466 1.41622 1.51602 1.62491 1.74377 1.87355 2.01527 2.17001 2.33893 2.52325 2.72427 2.94335 3.18188 3.44123 3.72272 4.02743 4.35595 4.70768 
4.70768 4.35967 4.03382 3.73095 3.45066 3.192 2.95377 2.73467 2.53338 2.3486 2.17907 2.02358 1.88101 1.7503 1.63044 1.52049 1.41957 1.32684 1.24149 1.16275 1.08984 1.02201 0.956718 0.892553 0.829526 0.767708 0.707211 0.648172 0.590742 0.535085 0.481374 0.429794 0.380544 0.333838 0.289906 0.248992 0.21133 0.175414 0.141543 0.111508 0.0837374 0.0581538 0.0349586 0.0143546 -0.00350704 -0.0203554 -0.0355735 -0.0486483 -0.0591608 -0.0667531 -0.071093 -0.0718589 -0.0689686 -0.0624541 -0.0523914 -0.0389518 -0.0224651 -0.00349549 0.0170937 0.0417098 0.0701694 0.102154 0.137041 0.172689 0.210286 0.249546 0.292046 0.337523 0.385699 0.436303 0.48908 0.543789 0.600201 0.658099 0.717279 0.777547 0.838727 0.900667 0.96326 1.02646 1.09408 1.16675 1.24524 1.33032 1.42277 1.52342 1.6331 1.7527 1.88317 2.02549 2.18075 2.35007 2.53464 2.73573 2.95465 3.1927 3.4512 3.73134 4.03406 4.35978 4.70768 
4.70768 4.36373 4.04089 3.74017 3.46134 3.20361 2.96589 2.74697 2.5456 2.36052 2.19053 2.03446 1.89121 1.75972 1.63901 1.52816 1.42628 1.33255 1.24615 1.1663 1.09225 1.02326 0.956846 0.891636 0.827637 0.764915 0.703578 0.643764 0.585626 0.529331 0.475059 0.423001 0.373362 0.32636 0.282226 0.241193 0.203476 0.167468 0.133476 0.103253 0.0753013 0.049562 0.0262332 0.00550303 -0.0124989 -0.0294597 -0.04478 -0.0579457 -0.0685267 -0.0761524 -0.0804809 -0.0811903 -0.0782024 -0.0715581 -0.0613482 -0.0477633 -0.0311513 -0.012083 0.0086059 0.0332652 0.0617438 0.0937424 0.128652 0.164395 0.202087 0.241417 0.284056 0.329761 0.378261 0.429285 0.482574 0.537879 0.594967 0.653615 0.713613 0.774767 0.836902 0.899869 0.963566 1.02795 1.09675 1.17057 1.25016 1.33629 1.42974 1.53133 1.6419 1.76233 1.89355 2.03655 2.19237 2.36212 2.54697 2.74813 2.96684 3.20437 3.46192 3.74058 4.04115 4.36385 4.70768 
4.70768 4.36804 4.04842 3.75003 3.4728 3.2161 2.97895 2.76024 2.55878 2.3734 2.20292 2.0462 1.90219 1.76984 1.6482 1.53635 1.43341 1.33855 1.25098 1.16991 1.09461 1.02435 0.956709 0.890352 0.825285 0.761571 0.699316 0.638655 0.579746 0.52276 0.467882 0.41531 0.365252 0.317932 0.273575 0.232403 0.19461 0.158489 0.124356 0.0939231 0.0657692 0.0398492 0.0163584 -0.0045283 -0.0226981 -0.039792 -0.055227 -0.0684896 -0.0791405 -0.0867978 -0.0911113 -0.0917591 -0.0886673 -0.0818856 -0.0715197 -0.0577783 -0.0410258 -0.0218357 -0.00101611 0.0237179 0.0522407 0.0842724 0.11922 0.155069 0.192867 0.232279 0.275074 0.321024 0.369869 0.421342 0.47518 0.531128 0.588946 0.648407 0.709297 0.771418 0.834597 0.898688 0.963593 1.02927 1.09936 1.17445 1.25526 1.34256 1.43712 1.53977 1.65132 1.77267 1.90473 2.04847 2.20491 2.37514 2.56028 2.7615 2.97999 3.21693 3.47344 3.75048 4.04871 4.36817 4.70768 
4.70768 4.37258 4.05642 3.76054 3.48507 3.22949 2.99298 2.77451 2.57298 2.38727 2.21624 2.05883 1.91398 1.78069 1.65801 1.54504 1.44092 1.34482 1.25595 1.17354 1.09686 1.02521 0.956227 0.888613 0.822375 0.757572 0.694311 0.632727 0.572979 0.515243 0.459709 0.406581 0.356073 0.308406 0.263801 0.222467 0.184574 0.148315 0.114015 0.0833472 0.0549639 0.0288336 0.00514819 -0.0159287 -0.0342961 -0.0515459 -0.06711 -0.0804765 -0.0911993 -0.0988864 -0.103181 -0.103762 -0.100559 -0.0936322 -0.0831003 -0.0691896 -0.0522786 -0.0329406 -0.0119567 0.0128877 0.0414856 0.0735747 0.108579 0.144551 0.182469 0.22198 0.264948 0.311164 0.360381 0.412335 0.466761 0.523402 0.582011 0.642354 0.704214 0.767392 0.831713 0.897035 0.963259 1.03035 1.10184 1.17832 1.26049 1.34909 1.44489 1.54871 1.66137 1.78374 1.91672 2.06128 2.2184 2.38915 2.5746 2.77588 2.99411 3.23039 3.48575 3.76103 4.05673 4.37272 4.70768 
4.70768 4.37737 4.06489 3.77172 3.49815 3.24382 3.00801 2.78982 2.58822 2.40215 2.23054 2.07236 1.92658 1.79225 1.66843 1.55422 1.44879 1.35131 1.26101 1.17712 1.09893 1.02576 0.955304 0.886313 0.818789 0.752794 0.68843 0.625837 0.565174 0.506624 0.45038 0.396652 0.345654 0.297607 0.252724 0.211196 0.173174 0.136748 0.102252 0.0713184 0.0426735 0.0162979 -0.00761945 -0.0289235 -0.0475208 -0.0649516 -0.0806611 -0.0941402 -0.104937 -0.112653 -0.116924 -0.117432 -0.114112 -0.10703 -0.0963214 -0.0822266 -0.0651362 -0.0456205 -0.0244357 0.000559177 0.0292691 0.0614468 0.0965334 0.132649 0.170708 0.210337 0.253501 0.30001 0.349628 0.402099 0.457158 0.514546 0.57401 0.635312 0.698229 0.762561 0.828131 0.894799 0.962466 1.03109 1.10413 1.18214 1.2658 1.35583 1.45302 1.55814 1.67202 1.79552 1.92953 2.07499 2.23287 2.40417 2.58996 2.79129 3.00923 3.24479 3.49889 3.77225 4.06522 4.37752 4.70768 
4.70768 4.38238 4.07381 3.78356 3.51204 3.25907 3.02405 2.80618 2.60451 2.41805 2.24582 2.08679 1.94001 1.80452 1.67943 1.56386 1.45697 1.35797 1.26608 1.18056 1.10072 1.02588 0.953824 0.883323 0.814389 0.747085 0.681515 0.617817 0.556158 0.496721 0.439705 0.385323 0.333791 0.285324 0.240124 0.198367 0.160181 0.123552 0.0888228 0.0575883 0.0286433 0.00198161 -0.02221 -0.043782 -0.0626444 -0.0802841 -0.0961577 -0.109759 -0.120634 -0.128377 -0.13262 -0.13305 -0.129605 -0.122359 -0.11146 -0.0971635 -0.079869 -0.0601424 -0.0387161 -0.0135259 0.0153395 0.0476443 0.0828467 0.119134 0.157359 0.197132 0.240521 0.287352 0.337407 0.390437 0.44618 0.504375 0.564766 0.62711 0.69118 0.756772 0.823709 0.891848 0.961092 1.03139 1.10612 1.1858 1.2711 1.36273 1.46144 1.56801 1.68326 1.80801 1.94316 2.08961 2.24831 2.42023 2.60638 2.80775 3.02536 3.26011 3.51284 3.78412 4.07417 4.38254 4.70768 
4.70768 4.3876 4.08317 3.79603 3.52674 3.27525 3.0411 2.82358 2.62185 2.43499 2.26207 2.10212 1.95423 1.81747 1.69098 1.57389 1.4654 1.36472 1.27108 1.18377 1.10211 1.02546 0.951641 0.879486 0.809006 0.740266 0.673372 0.608467 0.545718 0.485313 0.427456 0.372359 0.320238 0.271302 0.22574 0.183709 0.145316 0.108441 0.0734364 0.0418571 0.0125666 -0.0144288 -0.0389424 -0.0608273 -0.0799936 -0.0978732 -0.113932 -0.127669 -0.138627 -0.146396 -0.150608 -0.150952 -0.147373 -0.139952 -0.128848 -0.114329 -0.0968024 -0.076827 -0.0551144 -0.0296784 -0.000607055 0.0318717 0.067232 0.103727 0.142151 0.182101 0.225749 0.272942 0.323477 0.377115 0.4336 0.49267 0.554068 0.617546 0.682874 0.749843 0.818274 0.888023 0.958989 1.03112 1.10769 1.18921 1.27632 1.3697 1.4701 1.57828 1.69503 1.82118 1.95758 2.10513 2.26472 2.43731 2.62384 2.82526 3.04249 3.27636 3.52759 3.79663 4.08355 4.38777 4.70768 
4.70768 4.39303 4.09295 3.80911 3.54221 3.29233 3.05913 2.84201 2.64022 2.45293 2.27926 2.11832 1.9692 1.83105 1.70301 1.58425 1.47399 1.37145 1.27589 1.18661 1.10296 1.02432 0.948582 0.874614 0.802437 0.73212 0.663774 0.597544 0.533601 0.472136 0.413356 0.357473 0.304699 0.255233 0.209252 0.166893 0.128243 0.091071 0.0557387 0.0237624 -0.00592752 -0.0333115 -0.0582012 -0.080449 -0.0999622 -0.118117 -0.134386 -0.148274 -0.159321 -0.167117 -0.171293 -0.171546 -0.167823 -0.160213 -0.148886 -0.134122 -0.116329 -0.0960616 -0.0740124 -0.048274 -0.0189383 0.0137708 0.049341 0.0860903 0.124756 0.164924 0.208876 0.256478 0.307544 0.361849 0.419143 0.479167 0.541662 0.606377 0.673078 0.741554 0.811621 0.883132 0.955981 1.03011 1.10869 1.19223 1.28132 1.37664 1.4789 1.58885 1.70727 1.83496 1.97275 2.1215 2.28208 2.4554 2.64234 2.8438 3.06061 3.29351 3.54311 3.80975 4.09335 4.39321 4.70768 
4.70768 4.39863 4.10309 3.82275 3.55841 3.31027 3.07809 2.86142 2.65958 2.47183 2.29735 2.13531 1.98486 1.84518 1.71543 1.59483 1.48261 1.37802 1.28035 1.18892 1.10309 1.02227 0.944432 0.868475 0.794434 0.722385 0.652443 0.584756 0.519501 0.45687 0.397073 0.340318 0.286812 0.236744 0.190275 0.147522 0.108553 0.0710222 0.0352996 0.00286387 -0.0272889 -0.055125 -0.080452 -0.103119 -0.123027 -0.141496 -0.158006 -0.172062 -0.183208 -0.191033 -0.195171 -0.195325 -0.191447 -0.183633 -0.172062 -0.157021 -0.138924 -0.118316 -0.095873 -0.0697683 -0.0401007 -0.00709457 0.0287492 0.0658108 0.104772 0.145212 0.189523 0.237593 0.289255 0.344297 0.402479 0.463547 0.527241 0.59331 0.661516 0.731642 0.803501 0.876941 0.951849 1.02815 1.10895 1.19468 1.28595 1.3834 1.48772 1.59963 1.71989 1.84927 1.98859 2.13866 2.30032 2.47443 2.66182 2.86331 3.07966 3.31151 3.55936 3.82343 4.10352 4.39883 4.70768 
4.70768 4.40439 4.11357 3.8369 3.57527 3.32898 3.09793 2.88173 2.67985 2.4916 2.31625 2.15301 2.0011 1.85973 1.72812 1.60549 1.49112 1.38428 1.28429 1.19049 1.10227 1.01907 0.938928 0.860789 0.784699 0.710742 0.639041 0.569749 0.503045 0.439126 0.378198 0.320469 0.266136 0.215377 0.168335 0.12511 0.0857476 0.0477831 0.0115952 -0.0213748 -0.0520653 -0.080427 -0.106261 -0.129411 -0.14977 -0.168599 -0.185382 -0.19963 -0.210888 -0.218747 -0.222844 -0.222891 -0.218846 -0.210809 -0.198968 -0.183616 -0.165167 -0.144162 -0.12126 -0.0947162 -0.064639 -0.0312567 0.00493779 0.042384 0.0817105 0.122486 0.167226 0.215839 0.268176 0.324041 0.383207 0.445425 0.510438 0.577993 0.647849 0.719787 0.793613 0.869168 0.94633 1.02502 1.10822 1.19637 1.29003 1.38982 1.4964 1.61047 1.73275 1.864 2.005 2.15652 2.31936 2.49433 2.68221 2.88373 3.09957 3.33029 3.57627 3.83761 4.11401 4.40459 4.70768 
4.70768 4.41026 4.12431 3.85148 3.5927 3.34838 3.11852 2.90286 2.70092 2.51214 2.33583 2.17129 2.01779 1.87457 1.7409 1.61605 1.49931 1.39 1.28746 1.19106 1.10023 1.01442 0.931752 0.851213 0.772866 0.696805 0.62316 0.552091 0.48378 0.418427 0.356235 0.297407 0.242132 0.190573 0.142856 0.0990619 0.0592164 0.0207279 -0.0160159 -0.0496094 -0.080926 -0.109899 -0.136322 -0.160027 -0.180901 -0.200142 -0.21724 -0.231709 -0.243096 -0.250996 -0.255052 -0.254984 -0.250756 -0.242473 -0.230329 -0.214623 -0.195769 -0.1743 -0.150865 -0.123797 -0.0932194 -0.0593677 -0.0227296 0.0151902 0.0549671 0.0961622 0.141418 0.190666 0.243776 0.300571 0.360836 0.42433 0.490801 0.559995 0.631671 0.705602 0.78159 0.859467 0.9391 1.02039 1.10624 1.19703 1.29331 1.39566 1.50473 1.62117 1.74568 1.87899 2.02183 2.17494 2.33908 2.51499 2.70338 2.90493 3.12024 3.34975 3.59375 3.85222 4.12478 4.41048 4.70768 
4.70768 4.41622 4.13525 3.86638 3.61058 3.36833 3.13974 2.92463 2.72265 2.53328 2.35594 2.18998 2.03473 1.88949 1.75356 1.62627 1.50694 1.39492 1.28958 1.19033 1.09663 1.00796 0.922509 0.839327 0.758487 0.680098 0.604297 0.531252 0.46115 0.394189 0.330572 0.270496 0.214137 0.161645 0.113128 0.0686466 0.0282096 -0.0109123 -0.0483212 -0.0826453 -0.114693 -0.144378 -0.171484 -0.195831 -0.217293 -0.23701 -0.254473 -0.269198 -0.280738 -0.28869 -0.292705 -0.292512 -0.288083 -0.279526 -0.26704 -0.250928 -0.231603 -0.209593 -0.185535 -0.157845 -0.126661 -0.0922296 -0.0550362 -0.0165341 0.0237994 0.0655169 0.111399 0.161397 0.215404 0.273259 0.334763 0.399685 0.467779 0.538793 0.612481 0.688615 0.766987 0.847419 0.929767 1.01392 1.10265 1.19634 1.29549 1.40066 1.51246 1.63151 1.75847 1.89403 2.03889 2.19374 2.35929 2.53623 2.72519 2.92679 3.14152 3.36976 3.61167 3.86716 4.13574 4.41644 4.70768 
4.70768 4.42221 4.14631 3.8815 3.62878 3.38868 3.16141 2.94688 2.74482 2.55481 2.37634 2.20884 2.05168 1.90422 1.76583 1.63586 1.51368 1.39868 1.29028 1.1879 1.09104 0.999229 0.910719 0.824617 0.741017 0.66004 0.581838 0.506584 0.434469 0.365694 0.300458 0.238949 0.181333 0.127744 0.0782733 0.0329626 -0.00819807 -0.0480861 -0.086292 -0.121476 -0.15438 -0.184898 -0.212798 -0.237889 -0.260029 -0.280297 -0.298185 -0.313212 -0.324934 -0.332954 -0.33693 -0.336604 -0.331951 -0.323085 -0.310208 -0.293626 -0.273751 -0.251106 -0.226321 -0.197892 -0.165977 -0.130833 -0.09295 -0.0537325 -0.0127115 0.0296564 0.0763003 0.127194 0.18225 0.241329 0.304245 0.37078 0.440695 0.51374 0.589669 0.668246 0.749257 0.832511 0.917848 1.00514 1.09705 1.19392 1.29622 1.40448 1.51927 1.64118 1.77083 1.90886 2.05593 2.21269 2.37979 2.55784 2.74744 2.9491 3.16325 3.39015 3.6299 3.8823 4.14682 4.42245 4.70768 
4.70768 4.4282 4.15739 3.8967 3.64711 3.40923 3.18331 2.96936 2.7672 2.57648 2.39677 2.22757 2.06833 1.91845 1.77736 1.64446 1.51916 1.40089 1.28911 1.1833 1.08297 0.987683 0.89579 0.806452 0.719781 0.635917 0.555023 0.477283 0.402892 0.332052 0.264959 0.201793 0.142707 0.0878211 0.0372081 -0.00910723 -0.0511528 -0.0919688 -0.131132 -0.167333 -0.201246 -0.232741 -0.26157 -0.287527 -0.310453 -0.331365 -0.349753 -0.365139 -0.377082 -0.385192 -0.389135 -0.388663 -0.38376 -0.37454 -0.361211 -0.344079 -0.323558 -0.300167 -0.274527 -0.24522 -0.212422 -0.176408 -0.137672 -0.0975769 -0.0557071 -0.0125301 0.0350457 0.0870148 0.143312 0.203816 0.268359 0.336735 0.408711 0.484043 0.562481 0.643785 0.727729 0.814111 0.902754 0.993505 1.08892 1.18928 1.29504 1.4067 1.52477 1.64981 1.78241 1.92315 2.07265 2.23149 2.40028 2.57957 2.76987 2.97163 3.18519 3.41073 3.64826 3.89752 4.15791 4.42844 4.70768 
4.70768 4.43412 4.16838 3.91181 3.66539 3.42974 3.20518 2.99179 2.78946 2.59795 2.41688 2.24582 2.08429 1.93177 1.78772 1.6516 1.52287 1.40102 1.28553 1.17592 1.07176 0.97264 0.876994 0.784052 0.693949 0.606844 0.522915 0.442357 0.365371 0.292161 0.222919 0.157818 0.0969995 0.0405683 -0.0114185 -0.0589538 -0.102082 -0.144025 -0.184343 -0.221752 -0.25686 -0.289509 -0.319432 -0.346405 -0.37025 -0.39192 -0.410902 -0.426719 -0.438934 -0.447163 -0.451081 -0.450451 -0.445263 -0.435634 -0.421776 -0.403997 -0.382711 -0.358434 -0.331785 -0.301429 -0.267566 -0.23049 -0.190703 -0.149529 -0.106611 -0.0624284 -0.0137092 0.0395617 0.0973394 0.159522 0.225959 0.296455 0.370788 0.448715 0.529986 0.614352 0.701578 0.791446 0.883757 0.978339 1.07761 1.18183 1.29141 1.40679 1.52847 1.65696 1.79278 1.93649 2.08864 2.24978 2.42042 2.60107 2.79217 2.99409 3.20709 3.43127 3.66656 3.91265 4.16891 4.43437 4.70768 
4.70768 4.43992 4.17916 3.92667 3.68338 3.44994 3.22671 3.01382 2.81125 2.61882 2.43624 2.26314 2.09911 1.94368 1.79639 1.65674 1.52424 1.39843 1.27885 1.16506 1.05665 0.953264 0.853435 0.756458 0.662495 0.571727 0.48435 0.400571 0.3206 0.244644 0.172893 0.105513 0.0426359 -0.0156479 -0.0692963 -0.118318 -0.162774 -0.206089 -0.247805 -0.286662 -0.323195 -0.357216 -0.388439 -0.416613 -0.441544 -0.464115 -0.48381 -0.50015 -0.512704 -0.521091 -0.524995 -0.524192 -0.518675 -0.508568 -0.494084 -0.475534 -0.453334 -0.428001 -0.400152 -0.368537 -0.333383 -0.295007 -0.253924 -0.211424 -0.16721 -0.121777 -0.0716493 -0.0167935 0.0427655 0.106945 0.175608 0.248575 0.325629 0.406531 0.491026 0.57886 0.669782 0.763557 0.859965 0.958806 1.06236 1.17085 1.28463 1.40413 1.52978 1.66204 1.80141 1.94838 2.10345 2.26709 2.43978 2.62195 2.81397 3.01613 3.22862 3.45148 3.68457 3.92751 4.17969 4.44017 4.70768 
4.70768 4.44552 4.18959 3.94107 3.70083 3.46952 3.24753 3.03506 2.83213 2.63863 2.45435 2.279 2.1122 1.95359 1.80272 1.65918 1.52254 1.39236 1.26825 1.14981 1.03668 0.928526 0.824006 0.722481 0.624146 0.529205 0.437877 0.350384 0.266948 0.18778 0.113071 0.0429822 -0.022362 -0.0828833 -0.138553 -0.189395 -0.235484 -0.280478 -0.323899 -0.364502 -0.402748 -0.438418 -0.471195 -0.500808 -0.527035 -0.550688 -0.571247 -0.588231 -0.601208 -0.609803 -0.61371 -0.612714 -0.606816 -0.596141 -0.580907 -0.561431 -0.538131 -0.511525 -0.482234 -0.449098 -0.412372 -0.3724 -0.329715 -0.28558 -0.239759 -0.192768 -0.1409 -0.0841026 -0.0223826 0.0441937 0.115505 0.19138 0.271611 0.355957 0.44416 0.535954 0.631074 0.729262 0.830274 0.93388 1.04221 1.15544 1.27389 1.39793 1.52796 1.6644 1.80767 1.95822 2.11649 2.2829 2.45786 2.64174 2.83483 3.03736 3.24944 3.47106 3.70201 3.94192 4.19013 4.44577 4.70768 
4.70768 4.45086 4.19954 3.9548 3.71746 3.48814 3.26726 3.05505 2.85159 2.65683 2.47063 2.29275 2.1229 1.96076 1.80595 1.65812 1.51688 1.38186 1.25271 1.12908 1.01066 0.897157 0.787338 0.68065 0.577319 0.477583 0.381684 0.289866 0.202364 0.119399 0.0411675 -0.0321713 -0.100498 -0.163743 -0.221889 -0.274971 -0.32308 -0.370144 -0.415655 -0.458384 -0.498712 -0.53638 -0.571042 -0.602394 -0.630186 -0.655156 -0.676774 -0.694555 -0.708066 -0.716936 -0.720867 -0.719655 -0.713305 -0.701949 -0.685808 -0.665206 -0.640566 -0.612413 -0.581373 -0.546381 -0.507727 -0.465785 -0.421112 -0.374949 -0.327129 -0.278192 -0.224162 -0.164969 -0.100606 -0.0311233 0.0433691 0.122709 0.206689 0.295069 0.387581 0.483945 0.583877 0.687093 0.79332 0.902296 1.01599 1.13452 1.25817 1.38726 1.52215 1.66319 1.81077 1.96528 2.12709 2.29657 2.47407 2.65988 2.85424 3.05731 3.26914 3.48965 3.71863 3.95564 4.20008 4.45111 4.70768 
4.70768 4.45586 4.20886 3.96763 3.73296 3.50542 3.28544 3.07328 2.86906 2.6728 2.48439 2.30367 2.13041 1.96434 1.80517 1.65256 1.50621 1.36579 1.231 1.10155 0.97716 0.857593 0.741738 0.629132 0.52004 0.414736 0.313492 0.216579 0.124254 0.0367519 -0.0457216 -0.123002 -0.19497 -0.26156 -0.322764 -0.378627 -0.42925 -0.478882 -0.526982 -0.572327 -0.615212 -0.655332 -0.692303 -0.725784 -0.755491 -0.782082 -0.805013 -0.823791 -0.83798 -0.847213 -0.851195 -0.849736 -0.842846 -0.83066 -0.813408 -0.791422 -0.765134 -0.73508 -0.701895 -0.664617 -0.623576 -0.579185 -0.532028 -0.483334 -0.433011 -0.38163 -0.324897 -0.262729 -0.195103 -0.122059 -0.0437012 0.0398128 0.128274 0.221434 0.319013 0.420711 0.526218 0.635222 0.747413 0.862493 0.982255 1.10675 1.23623 1.37097 1.51127 1.65744 1.8098 1.9687 2.13445 2.30736 2.48771 2.67574 2.87163 3.07547 3.28726 3.50689 3.73409 3.96846 4.20939 4.45611 4.70768 
4.70768 4.46044 4.21738 3.97933 3.74701 3.52095 3.30159 3.08919 2.88392 2.68582 2.49485 2.31091 2.13381 1.96335 1.79927 1.64133 1.48925 1.34277 1.20163 1.06558 0.934401 0.8079 0.685102 0.565642 0.449831 0.337985 0.230417 0.12743 0.0293102 -0.0636822 -0.151325 -0.233441 -0.309904 -0.380648 -0.445666 -0.505011 -0.558793 -0.611645 -0.662984 -0.711587 -0.757651 -0.800819 -0.840657 -0.876781 -0.908864 -0.937474 -0.96205 -0.982087 -0.997143 -1.00685 -1.01092 -1.00918 -1.00163 -0.98842 -0.969792 -0.946086 -0.917747 -0.885328 -0.84948 -0.809354 -0.765327 -0.71786 -0.667574 -0.615695 -0.562213 -0.50774 -0.447601 -0.381699 -0.310004 -0.232549 -0.149437 -0.0608282 0.0330587 0.13196 0.235575 0.343577 0.455623 0.571364 0.69045 0.812538 0.939226 1.07051 1.20659 1.34769 1.49406 1.64596 1.80368 1.96748 2.13765 2.31442 2.49802 2.68863 2.88637 3.09129 3.30334 3.52237 3.7481 3.98013 4.21789 4.46069 4.70768 
4.70768 4.46454 4.22496 3.98966 3.75928 3.53434 3.31521 3.1022 2.89548 2.69513 2.50115 2.31349 2.13203 1.95659 1.787 1.62304 1.46449 1.31113 1.16276 1.01917 0.880193 0.74568 0.614803 0.487311 0.363565 0.243934 0.128778 0.018448 -0.0867296 -0.18646 -0.28049 -0.36862 -0.450707 -0.526674 -0.596508 -0.660265 -0.718062 -0.775 -0.830444 -0.88316 -0.933236 -0.980243 -1.02369 -1.06314 -1.09821 -1.12937 -1.15603 -1.17767 -1.19384 -1.20418 -1.20838 -1.2063 -1.19794 -1.18345 -1.1631 -1.13723 -1.10631 -1.07091 -1.03172 -0.987995 -0.940187 -0.888812 -0.834542 -0.778606 -0.721096 -0.662673 -0.598194 -0.527556 -0.450723 -0.367733 -0.278692 -0.183778 -0.0832265 0.0226706 0.133581 0.249138 0.368959 0.492646 0.619801 0.750031 0.884715 1.02379 1.1674 1.31572 1.46897 1.62736 1.79112 1.96046 2.13561 2.31677 2.50411 2.69775 2.89776 3.10416 3.31685 3.53566 3.76031 3.99041 4.22544 4.46478 4.70768 
4.70768 4.46808 4.23144 3.99839 3.76947 3.54515 3.3258 3.11169 2.90301 2.69988 2.50234 2.31036 2.12387 1.94275 1.76685 1.59602 1.43008 1.26885 1.11216 0.959864 0.811823 0.667937 0.52754 0.390504 0.257253 0.128218 0.0038226 -0.115524 -0.229437 -0.33757 -0.439622 -0.535354 -0.62459 -0.707228 -0.783241 -0.852675 -0.915649 -0.977853 -1.03858 -1.09657 -1.15179 -1.20371 -1.25178 -1.29548 -1.33436 -1.36877 -1.3981 -1.4218 -1.43941 -1.45056 -1.45497 -1.45247 -1.4431 -1.427 -1.40446 -1.37584 -1.34163 -1.30244 -1.25896 -1.21064 -1.15798 -1.10157 -1.04216 -0.980984 -0.918263 -0.854724 -0.78464 -0.707904 -0.624486 -0.534438 -0.437887 -0.335039 -0.226167 -0.111607 0.00826206 0.13302 0.262225 0.395422 0.532154 0.671967 0.815999 0.964117 1.11642 1.27306 1.43419 1.59998 1.77061 1.94627 2.12713 2.31334 2.50503 2.70227 2.90509 3.11347 3.32728 3.54636 3.77041 3.99907 4.23188 4.4683 4.70768 
4.70768 4.471 4.2367 4.00531 3.77728 3.55301 3.33285 3.11704 2.90579 2.69922 2.49739 2.30032 2.10797 1.92026 1.73709 1.55833 1.38383 1.21347 1.0471 0.884604 0.725886 0.570881 0.419101 0.270554 0.125738 -0.0148437 -0.150687 -0.281302 -0.406227 -0.525037 -0.637361 -0.742893 -0.841401 -0.932737 -1.01684 -1.09373 -1.16351 -1.23263 -1.3003 -1.3652 -1.42713 -1.48545 -1.53952 -1.58872 -1.63252 -1.67114 -1.70391 -1.73027 -1.74974 -1.76195 -1.76663 -1.76363 -1.75297 -1.73484 -1.7095 -1.67735 -1.63891 -1.59481 -1.54581 -1.49151 -1.43252 -1.36952 -1.30334 -1.23527 -1.16568 -1.09539 -1.01793 -0.933186 -0.841162 -0.741936 -0.635684 -0.522661 -0.403205 -0.277715 -0.146646 -0.01049 0.130235 0.275 0.423274 0.574536 0.729652 0.888421 1.05091 1.21722 1.38748 1.56183 1.74041 1.92337 2.11084 2.30294 2.49975 2.70131 2.90761 3.1186 3.33415 3.55407 3.7781 4.00591 4.23709 4.47119 4.70768 
4.70768 4.47327 4.24066 4.01028 3.78248 3.55761 3.33594 3.11772 2.90311 2.69226 2.48525 2.28211 2.08283 1.88737 1.69565 1.50758 1.32304 1.14192 0.964103 0.789491 0.618003 0.449604 0.283994 0.121333 -0.0378003 -0.192812 -0.343102 -0.488079 -0.627174 -0.759855 -0.885645 -1.00413 -1.11499 -1.21798 -1.31297 -1.39993 -1.47893 -1.55741 -1.63442 -1.70859 -1.77949 -1.84632 -1.9083 -1.96471 -2.01494 -2.059 -2.0962 -2.12597 -2.14783 -2.16141 -2.16646 -2.16282 -2.15055 -2.12982 -2.10091 -2.06424 -2.02033 -1.96986 -1.91361 -1.85142 -1.78401 -1.71219 -1.63691 -1.55954 -1.48065 -1.40121 -1.31375 -1.2182 -1.11462 -1.00316 -0.884059 -0.757684 -0.624463 -0.4849 -0.33955 -0.189006 -0.0338829 0.125198 0.287621 0.452789 0.621257 0.792764 0.967351 1.1451 1.32612 1.51052 1.69843 1.88996 2.08522 2.28428 2.4872 2.69399 2.90461 3.119 3.33701 3.55848 3.78316 4.01077 4.24099 4.47343 4.70768 
4.70768 4.47488 4.24331 4.01326 3.785 3.55878 3.33483 3.11332 2.89442 2.67825 2.46489 2.25439 2.04677 1.842 1.64004 1.44081 1.24423 1.05019 0.858576 0.669296 0.482266 0.297451 0.114752 -0.0655042 -0.242653 -0.416003 -0.584849 -0.748484 -0.906213 -1.05737 -1.20132 -1.3375 -1.46542 -1.58468 -1.695 -1.79621 -1.88828 -1.98 -2.07016 -2.15723 -2.24043 -2.31878 -2.39132 -2.45722 -2.51575 -2.56676 -2.60956 -2.64359 -2.6684 -2.68366 -2.68914 -2.68474 -2.67048 -2.64654 -2.61319 -2.57081 -2.51994 -2.46123 -2.39547 -2.32278 -2.24398 -2.16003 -2.07207 -1.9816 -1.88953 -1.79708 -1.69546 -1.5847 -1.46497 -1.33657 -1.19992 -1.05552 -0.903962 -0.745885 -0.581977 -0.412948 -0.239523 -0.0624245 0.11764 0.299991 0.48483 0.671849 0.861089 1.05263 1.24658 1.44305 1.64213 1.84394 2.04855 2.256 2.46633 2.67952 2.89552 3.11426 3.33561 3.55942 3.78549 4.01362 4.24354 4.475 4.70768 
4.70768 4.47591 4.24477 4.01442 3.78501 3.55669 3.32958 3.1038 2.87947 2.65665 2.43543 2.21585 1.99792 1.78167 1.56705 1.35403 1.14253 0.93247 0.723748 0.516256 0.30989 0.104584 -0.0995393 -0.301963 -0.501954 -0.698755 -0.891597 -1.0797 -1.26229 -1.43859 -1.60781 -1.7692 -1.92203 -2.06562 -2.19934 -2.32271 -2.43537 -2.54775 -2.65788 -2.76384 -2.86438 -2.95831 -3.04461 -3.12244 -3.19112 -3.25037 -3.29963 -3.33846 -3.36654 -3.38362 -3.38955 -3.38425 -3.36776 -3.34021 -3.30179 -3.25281 -3.19368 -3.12492 -3.04719 -2.96083 -2.86664 -2.76565 -2.65911 -2.54873 -2.43608 -2.32315 -2.19949 -2.06547 -1.92159 -1.76847 -1.60681 -1.43733 -1.26082 -1.07804 -0.889786 -0.69685 -0.500014 -0.300058 -0.097751 0.106157 0.31145 0.51779 0.725242 0.933909 1.1439 1.35532 1.56826 1.78278 1.99894 2.21675 2.43624 2.65736 2.88007 3.10432 3.33001 3.55703 3.78528 4.01462 4.2449 4.47598 4.70768 
4.70768 4.47656 4.24544 4.01431 3.78319 3.55207 3.32094 3.08982 2.8587 2.62757 2.39645 2.16533 1.9342 1.70308 1.47196 1.24083 1.00971 0.778588 0.547465 0.316341 0.0852181 -0.145888 -0.376569 -0.606191 -0.83411 -1.05969 -1.28228 -1.50128 -1.71606 -1.92602 -2.13056 -2.32912 -2.52114 -2.70607 -2.8834 -3.05263 -3.21328 -3.3649 -3.50707 -3.63939 -3.76148 -3.87301 -3.97365 -4.06313 -4.14119 -4.20762 -4.26223 -4.30486 -4.3354 -4.35375 -4.35988 -4.35375 -4.3354 -4.30486 -4.26223 -4.20762 -4.14119 -4.06313 -3.97365 -3.87301 -3.76148 -3.63939 -3.50707 -3.3649 -3.21328 -3.05263 -2.8834 -2.70607 -2.52114 -2.32912 -2.13056 -1.92602 -1.71606 -1.50128 -1.28228 -1.05969 -0.83411 -0.606191 -0.376569 -0.145888 0.0852181 0.316341 0.547465 0.778588 1.00971 1.24083 1.47196 1.70308 1.9342 2.16533 2.39645 2.62757 2.8587 3.08982 3.32094 3.55207 3.78319 4.01431 4.24544 4.47656 4.70768 

y_vals
0 0 0 0 0 0 0 0 0 0 0 0 0 0 0 0 0 0 0 0 0 1.45544e-16 -0.0290265 -0.0560943 -0.0813185 -0.104769 -0.12647 -0.1464 -0.164499 -0.180674 -0.194807 -0.206766 -0.216414 -0.223619 -0.228266 -0.230266 -0.229559 -0.226121 -0.219972 -0.211503 -0.201227 -0.189095 -0.175087 -0.159215 -0.141516 -0.122039 -0.100844 -0.0779932 -0.0535407 -0.0275324 0 0.0281169 0.0558512 0.083089 0.10965 0.13529 0.159714 0.18258 0.203514 0.222121 0.237995 0.250737 0.259971 0.266032 0.269216 0.269478 0.266811 0.261246 0.252849 0.241709 0.227935 0.211644 0.19295 0.171958 0.148749 0.123378 0.0958608 0.0661756 0.0342572 -1.31666e-16 0 0 0 0 0 0 0 0 0 0 0 0 0 0 0 0 0 0 0 0 0 
-0.005 -0.00495766 -0.00491702 -0.00487614 -0.00483408 -0.00479052 -0.00474564 -0.00469994 -0.00465423 -0.00460956 -0.00456722 -0.00452878 -0.00449616 -0.00447176 -0.00445874 -0.00446155 -0.0044869 -0.00454603 -0.00466027 -0.00487862 -0.00535744 -0.00712656 -0.0342995 -0.0606296 -0.0854165 -0.108548 -0.129987 -0.149685 -0.167569 -0.183537 -0.197467 -0.209224 -0.218671 -0.225677 -0.230128 -0.231935 -0.231045 -0.227437 -0.221116 -0.21253 -0.202132 -0.189878 -0.175754 -0.159786 -0.142094 -0.122558 -0.101282 -0.0783367 -0.0537834 -0.0276709 -3.57173e-05 0.0281846 0.0560253 0.0833688 0.110031 0.135765 0.160269 0.18319 0.204099 0.222808 0.238816 0.251717 0.261133 0.267349 0.270707 0.271155 0.268684 0.26332 0.255127 0.244194 0.23063 0.214553 0.196083 0.175328 0.152384 0.127322 0.100198 0.0710763 0.0401519 0.00839759 0.00587947 0.00521125 0.00490159 0.00473168 0.00463439 0.004581 0.00455664 0.00455256 0.00456309 0.00458426 0.00461312 0.00464738 0.00468519 0.00472504 0.00476571 0.00480626 0.00484605 0.00488481 0.0049227 0.00496053 0.005 
-0.0105 -0.0104113 -0.0103261 -0.0102404 -0.0101522 -0.0100608 -0.00996668 -0.0098708 -0.00977488 -0.00968109 -0.00959216 -0.00951136 -0.00944269 -0.00939119 -0.00936347 -0.0093688 -0.00942121 -0.00954406 -0.00978162 -0.0102348 -0.0112175 -0.0145424 -0.0400177 -0.0655897 -0.089909 -0.112695 -0.133848 -0.153292 -0.170939 -0.186679 -0.200386 -0.211923 -0.22115 -0.227937 -0.232172 -0.233768 -0.232679 -0.228883 -0.222377 -0.213661 -0.20313 -0.190741 -0.176491 -0.160419 -0.142729 -0.123129 -0.101762 -0.078714 -0.0540498 -0.0278228 -7.4498e-05 0.0282596 0.0562174 0.083677 0.11045 0.136288 0.16088 0.183861 0.204749 0.223567 0.239722 0.252795 0.26241 0.268797 0.272346 0.272997 0.270741 0.265597 0.257628 0.246922 0.233588 0.217747 0.199521 0.179028 0.156372 0.131646 0.104945 0.0764199 0.0464925 0.0169394 0.0122939 0.0109277 0.0102856 0.00993228 0.00972984 0.00961888 0.0095685 0.00956045 0.00958291 0.00962759 0.00968835 0.00976036 0.00983977 0.00992342 0.0100088 0.0100938 0.0101773 0.0102585 0.010338 0.0104173 0.0105 
-0.01655 -0.0164105 -0.0162765 -0.0161416 -0.0160028 -0.015859 -0.0157108 -0.0155599 -0.0154088 -0.015261 -0.0151208 -0.0149933 -0.0148848 -0.0148032 -0.0147588 -0.0147662 -0.0148473 -0.0150385 -0.0154086 -0.0161127 -0.0176193 -0.022297 -0.0462185 -0.0710121 -0.0948323 -0.117243 -0.138085 -0.157251 -0.174639 -0.190129 -0.203591 -0.214884 -0.22387 -0.230417 -0.234416 -0.235781 -0.234474 -0.230473 -0.223767 -0.214907 -0.204229 -0.191694 -0.177307 -0.161123 -0.143428 -0.123756 -0.10229 -0.0791284 -0.0543422 -0.0279892 -0.000116558 0.0283426 0.0564293 0.0840164 0.110912 0.136863 0.161552 0.184598 0.205471 0.224407 0.240721 0.253983 0.263813 0.27039 0.274146 0.275019 0.272998 0.268097 0.260373 0.249915 0.236834 0.221252 0.203295 0.183087 0.160746 0.136386 0.110141 0.0822437 0.0533179 0.0257106 0.0192809 0.0171944 0.0161981 0.0156475 0.0153318 0.015159 0.015081 0.0150692 0.0151052 0.0151761 0.0152721 0.0153857 0.0155109 0.0156426 0.015777 0.0159109 0.0160423 0.0161702 0.0162952 0.0164199 0.01655 
-0.023205 -0.0230099 -0.0228224 -0.0226336 -0.0224394 -0.0222381 -0.0220307 -0.0218193 -0.0216076 -0.0214005 -0.0212038 -0.0210248 -0.0208722 -0.020757 -0.0206937 -0.0207025 -0.0208138 -0.021078 -0.0215898 -0.02256 -0.0246036 -0.0304415 -0.0529416 -0.0769374 -0.100226 -0.122232 -0.142733 -0.161596 -0.178699 -0.193915 -0.207108 -0.218135 -0.226855 -0.23314 -0.236879 -0.237992 -0.236446 -0.232221 -0.225299 -0.21628 -0.205441 -0.192746 -0.178209 -0.161906 -0.144197 -0.124444 -0.10287 -0.0795834 -0.0546631 -0.0281716 -0.000162121 0.0284348 0.056663 0.0843904 0.111421 0.137495 0.162291 0.18541 0.206274 0.225336 0.241824 0.255291 0.265356 0.27214 0.276123 0.277239 0.275476 0.270839 0.263385 0.253201 0.240397 0.225099 0.207437 0.187541 0.165543 0.141579 0.115824 0.0885883 0.0606686 0.0347885 0.0268786 0.0240598 0.0226888 0.0219272 0.0214901 0.0212512 0.0211439 0.0211289 0.0211804 0.0212803 0.0214153 0.0215748 0.0217503 0.021935 0.0221232 0.0223107 0.0224946 0.0226736 0.0228485 0.0230231 0.023205 
-0.0305255 -0.0302696 -0.0300235 -0.0297757 -0.0295207 -0.0292565 -0.028984 -0.0287062 -0.028428 -0.0281557 -0.0278969 -0.0276611 -0.0274597 -0.0273071 -0.0272223 -0.0272314 -0.0273742 -0.0277158 -0.028378 -0.0296277 -0.0322133 -0.0390292 -0.0602293 -0.0834093 -0.106133 -0.127701 -0.147833 -0.166363 -0.183154 -0.19807 -0.210967 -0.221702 -0.230131 -0.236127 -0.239582 -0.240419 -0.238613 -0.234144 -0.226987 -0.217793 -0.206777 -0.193907 -0.179207 -0.162776 -0.145043 -0.125201 -0.103507 -0.0800831 -0.0550153 -0.0283715 -0.000211413 0.028537 0.056921 0.0848026 0.111981 0.138192 0.163104 0.186304 0.207168 0.226365 0.243041 0.256731 0.267051 0.274064 0.278295 0.279676 0.278195 0.273849 0.26669 0.256806 0.244307 0.22932 0.21198 0.192427 0.170803 0.147269 0.122037 0.0954969 0.0685869 0.0442459 0.0351265 0.0315756 0.0298117 0.028826 0.0282594 0.02795 0.0278121 0.0277945 0.0278637 0.0279962 0.0281743 0.0283844 0.0286153 0.0288581 0.0291054 0.0293517 0.0295932 0.0298282 0.0300578 0.0302869 0.0305255 
-0.0385781 -0.0382557 -0.0379454 -0.037633 -0.0373114 -0.0369782 -0.0366344 -0.0362839 -0.0359327 -0.0355886 -0.0352614 -0.0349629 -0.0347075 -0.0345132 -0.0344037 -0.0344118 -0.034587 -0.0350101 -0.0358307 -0.037371 -0.0404939 -0.0481168 -0.068127 -0.0904749 -0.1126 -0.133695 -0.153425 -0.171592 -0.188042 -0.202628 -0.215201 -0.225615 -0.233725 -0.239405 -0.242548 -0.243083 -0.240995 -0.236259 -0.228848 -0.219461 -0.208252 -0.19519 -0.180313 -0.163743 -0.145975 -0.126033 -0.104207 -0.0806319 -0.0554018 -0.0285905 -0.000264663 0.0286505 0.0572058 0.0852569 0.112598 0.138958 0.163998 0.187289 0.208162 0.227505 0.244385 0.258317 0.268915 0.27618 0.28068 0.282351 0.281178 0.27715 0.270316 0.260761 0.248596 0.23395 0.216964 0.197784 0.176568 0.153498 0.128829 0.103016 0.0771178 0.054154 0.0440664 0.0397966 0.0376256 0.0364033 0.0356993 0.0353155 0.0351459 0.0351267 0.0352162 0.035385 0.0356109 0.0358767 0.0361686 0.0364753 0.0367875 0.0370982 0.0374028 0.0376991 0.0379887 0.0382775 0.0385781 
-0.0474359 -0.0470409 -0.0466604 -0.0462773 -0.0458828 -0.045474 -0.0450521 -0.0446218 -0.0441904 -0.0437675 -0.043365 -0.0429973 -0.042682 -0.042441 -0.0423032 -0.0423085 -0.0425165 -0.0430245 -0.0440103 -0.0458489 -0.0494941 -0.0577646 -0.0766834 -0.098185 -0.119677 -0.140264 -0.159557 -0.177327 -0.193403 -0.207627 -0.219845 -0.229906 -0.237667 -0.243 -0.245803 -0.246009 -0.243612 -0.238585 -0.230901 -0.221301 -0.209878 -0.196608 -0.181538 -0.164819 -0.147 -0.126947 -0.104975 -0.0812345 -0.055826 -0.0288304 -0.000322097 0.0287767 0.0575204 0.0857577 0.113277 0.139801 0.164982 0.188373 0.209269 0.228769 0.245869 0.260065 0.270963 0.278506 0.283301 0.285287 0.284451 0.280771 0.274292 0.265098 0.2533 0.239028 0.222429 0.203658 0.182885 0.160318 0.136248 0.111195 0.0863093 0.0645844 0.0537433 0.0487817 0.0461936 0.0447239 0.0438753 0.0434136 0.0432115 0.0431921 0.043305 0.0435143 0.0437932 0.0441206 0.0444796 0.0448563 0.0452397 0.0456211 0.0459948 0.0463583 0.0467135 0.0470676 0.0474359 
-0.0571794 -0.0567051 -0.0562479 -0.0557875 -0.0553132 -0.0548216 -0.0543142 -0.0537965 -0.0532771 -0.0527676 -0.0522822 -0.0518381 -0.0514563 -0.051163 -0.0509926 -0.0509925 -0.0512331 -0.0518286 -0.0529847 -0.0551249 -0.0592668 -0.068037 -0.085951 -0.106594 -0.127419 -0.14746 -0.166277 -0.183615 -0.199282 -0.21311 -0.224938 -0.234613 -0.24199 -0.246944 -0.249374 -0.249221 -0.246488 -0.241145 -0.233165 -0.22333 -0.211674 -0.198176 -0.182897 -0.166016 -0.14813 -0.127952 -0.10582 -0.0818962 -0.0562914 -0.029093 -0.000383937 0.028917 0.0578679 0.08631 0.114025 0.14073 0.166066 0.189568 0.210501 0.23017 0.24751 0.261992 0.273216 0.281063 0.286179 0.288509 0.28804 0.284742 0.278653 0.269854 0.258458 0.244596 0.22842 0.210095 0.189805 0.16778 0.144349 0.120089 0.0962132 0.0756103 0.0642061 0.0585934 0.0555841 0.0538583 0.052859 0.0523163 0.0520814 0.052064 0.0522039 0.0524586 0.0527962 0.0531915 0.0536243 0.0540781 0.0545396 0.0549984 0.0554477 0.0558848 0.0563117 0.0567372 0.0571794 
-0.0678974 -0.0673365 -0.0667955 -0.0662505 -0.065689 -0.0651068 -0.0645057 -0.0638922 -0.0632763 -0.0626717 -0.0620949 -0.0615664 -0.0611108 -0.0607588 -0.0605507 -0.0605418 -0.0608138 -0.061498 -0.0628273 -0.0652672 -0.0698692 -0.0790034 -0.095987 -0.115762 -0.135884 -0.155339 -0.173642 -0.190508 -0.205728 -0.219121 -0.230522 -0.239773 -0.24673 -0.251268 -0.253291 -0.252746 -0.249649 -0.243963 -0.235662 -0.225568 -0.213657 -0.19991 -0.184405 -0.167348 -0.149375 -0.129057 -0.106748 -0.0826229 -0.0568021 -0.0293807 -0.000450393 0.0290732 0.058252 0.0869192 0.11485 0.141753 0.167259 0.190886 0.211875 0.231725 0.249324 0.264116 0.275693 0.283874 0.289342 0.292045 0.291977 0.289096 0.283433 0.275068 0.264112 0.2507 0.234987 0.217148 0.197382 0.175941 0.15319 0.129755 0.106886 0.0873077 0.0755088 0.0692983 0.065871 0.0638834 0.0627287 0.0621028 0.0618357 0.0618227 0.061994 0.0622997 0.0627025 0.0631728 0.0636869 0.0642253 0.0647723 0.0653159 0.0658481 0.0663656 0.0668709 0.0673745 0.0678974 
-0.0796871 -0.0790319 -0.0783994 -0.0777619 -0.0771051 -0.0764239 -0.0757203 -0.0750018 -0.0742801 -0.0735709 -0.0728936 -0.0722718 -0.071734 -0.0713161 -0.0710643 -0.0710423 -0.0713433 -0.0721156 -0.0736176 -0.076349 -0.0813645 -0.0907383 -0.106854 -0.125753 -0.145137 -0.163964 -0.181711 -0.198062 -0.212793 -0.225711 -0.236643 -0.24543 -0.251927 -0.25601 -0.257589 -0.256617 -0.253124 -0.247064 -0.238418 -0.22804 -0.215848 -0.20183 -0.186079 -0.16883 -0.150747 -0.130273 -0.107768 -0.083421 -0.0573625 -0.0296956 -0.000521659 0.0292472 0.0586767 0.0875914 0.115759 0.142879 0.168573 0.19234 0.213405 0.233452 0.251331 0.26646 0.278419 0.286965 0.292815 0.295925 0.296295 0.293869 0.288673 0.280783 0.270309 0.257389 0.242183 0.224874 0.205677 0.184865 0.162836 0.140255 0.118388 0.0997563 0.0877114 0.080968 0.0771337 0.0748826 0.0735696 0.0728599 0.0725621 0.072557 0.0727647 0.0731279 0.0736031 0.0741563 0.0747598 0.075391 0.0760318 0.0766683 0.0772911 0.0778965 0.0784875 0.0790763 0.0796871 
-0.0926558 -0.0918979 -0.0911655 -0.0904271 -0.0896661 -0.0888768 -0.0880611 -0.0872277 -0.0863899 -0.0855658 -0.0847778 -0.0840528 -0.0834237 -0.0829313 -0.0826287 -0.0825878 -0.0829138 -0.0837714 -0.085442 -0.0884494 -0.0938222 -0.103322 -0.118619 -0.136635 -0.155247 -0.173403 -0.190547 -0.206339 -0.220534 -0.232932 -0.243352 -0.251631 -0.257623 -0.26121 -0.262303 -0.260868 -0.256945 -0.25048 -0.241459 -0.230768 -0.21827 -0.203956 -0.187938 -0.170479 -0.152262 -0.13161 -0.108888 -0.0842975 -0.0579774 -0.0300404 -0.000597908 0.0294412 0.0591466 0.0883334 0.116761 0.14412 0.170021 0.193946 0.21511 0.235372 0.253553 0.269046 0.281418 0.290364 0.296632 0.300183 0.301029 0.299101 0.294416 0.287046 0.2771 0.264718 0.250066 0.233335 0.214754 0.194618 0.173354 0.151658 0.130789 0.113041 0.100881 0.0936792 0.0894581 0.0869464 0.0854753 0.0846826 0.0843567 0.0843642 0.0846145 0.0850423 0.0855981 0.0862429 0.0869448 0.087678 0.0884216 0.0891596 0.0898814 0.0905828 0.0912674 0.0919492 0.0926558 
-0.106921 -0.106052 -0.10521 -0.104362 -0.103487 -0.10258 -0.101642 -0.100682 -0.0997175 -0.0987673 -0.0978572 -0.097018 -0.0962871 -0.0957107 -0.0953486 -0.0952817 -0.0956266 -0.0965637 -0.0983939 -0.101654 -0.10732 -0.116843 -0.131359 -0.148484 -0.166289 -0.183729 -0.200222 -0.215405 -0.229016 -0.240844 -0.250703 -0.258425 -0.263867 -0.26691 -0.267475 -0.265535 -0.261146 -0.254243 -0.244818 -0.233783 -0.220949 -0.206313 -0.190004 -0.172315 -0.153935 -0.133083 -0.11012 -0.0852605 -0.0586523 -0.0304178 -0.000679278 0.0296577 0.0596666 0.0891527 0.117866 0.145489 0.171617 0.195721 0.217012 0.237508 0.256016 0.271901 0.284719 0.294104 0.300825 0.304855 0.30622 0.304835 0.300708 0.293907 0.284539 0.272747 0.258699 0.242596 0.224683 0.205273 0.184819 0.164038 0.144161 0.12725 0.115092 0.107515 0.102937 0.100173 0.0985475 0.0976749 0.0973255 0.0973514 0.0976515 0.0981524 0.098798 0.099544 0.100354 0.101199 0.102055 0.102904 0.103734 0.104541 0.105327 0.106111 0.106921 
-0.122614 -0.121622 -0.120662 -0.119694 -0.118696 -0.117659 -0.116587 -0.11549 -0.114386 -0.113297 -0.112253 -0.111287 -0.110443 -0.109771 -0.109339 -0.109237 -0.109592 -0.1106 -0.112575 -0.116055 -0.121942 -0.131394 -0.145155 -0.161381 -0.178344 -0.195021 -0.210811 -0.225332 -0.238307 -0.249512 -0.258756 -0.265869 -0.270708 -0.273159 -0.273149 -0.270661 -0.265769 -0.258391 -0.248529 -0.237115 -0.223914 -0.208927 -0.192303 -0.174358 -0.155784 -0.134705 -0.111476 -0.0863185 -0.0593929 -0.0308309 -0.000765869 0.0298996 0.0602426 0.0900578 0.119086 0.146997 0.173378 0.197685 0.219133 0.239885 0.258746 0.275056 0.288355 0.298218 0.305433 0.309984 0.311912 0.311118 0.307602 0.301423 0.292687 0.281538 0.26815 0.252732 0.23554 0.216909 0.19731 0.177473 0.158587 0.142482 0.130429 0.122565 0.11767 0.114671 0.112898 0.111951 0.111584 0.111636 0.111995 0.112579 0.113324 0.114182 0.115112 0.11608 0.117059 0.118029 0.118977 0.119898 0.120796 0.121689 0.122614 
-0.139875 -0.138752 -0.137663 -0.136564 -0.13543 -0.134253 -0.133036 -0.131789 -0.130532 -0.129291 -0.128098 -0.126993 -0.126021 -0.125241 -0.124728 -0.124579 -0.124932 -0.125996 -0.128095 -0.131755 -0.137786 -0.147079 -0.160098 -0.175417 -0.191502 -0.207365 -0.222398 -0.236201 -0.248481 -0.259006 -0.267577 -0.274025 -0.278206 -0.28001 -0.279374 -0.276292 -0.270855 -0.262965 -0.252629 -0.240801 -0.227199 -0.21183 -0.194861 -0.176634 -0.157828 -0.136492 -0.112967 -0.0874814 -0.0602058 -0.0312829 -0.000857729 0.0301701 0.0608809 0.0910581 0.120432 0.148662 0.175322 0.199858 0.221499 0.242534 0.261776 0.278545 0.292363 0.302746 0.310499 0.315613 0.318153 0.318004 0.315153 0.309654 0.30161 0.291164 0.278495 0.263821 0.24741 0.229611 0.210915 0.192053 0.174157 0.158839 0.146984 0.138928 0.133765 0.130554 0.128647 0.127636 0.127261 0.127348 0.127776 0.128453 0.129311 0.130293 0.131354 0.132456 0.13357 0.134673 0.13575 0.136795 0.137814 0.138828 0.139875 
-0.158862 -0.157596 -0.156367 -0.155126 -0.153846 -0.152516 -0.151139 -0.149728 -0.148304 -0.146896 -0.14554 -0.144279 -0.143166 -0.142263 -0.141653 -0.141442 -0.141779 -0.14288 -0.145074 -0.148864 -0.154957 -0.164009 -0.176289 -0.190688 -0.205858 -0.220857 -0.235075 -0.248097 -0.259621 -0.269402 -0.277239 -0.282959 -0.286422 -0.287522 -0.286205 -0.282481 -0.276456 -0.268012 -0.257164 -0.24488 -0.230839 -0.215054 -0.19771 -0.179168 -0.160092 -0.138463 -0.114608 -0.0887599 -0.0610983 -0.0317775 -0.000954846 0.0304728 0.0615887 0.0921643 0.121918 0.1505 0.177471 0.202268 0.224141 0.245487 0.265142 0.282406 0.296783 0.307731 0.316069 0.321793 0.324997 0.325549 0.323424 0.318667 0.311378 0.3017 0.289816 0.275949 0.260381 0.243474 0.225729 0.207873 0.190971 0.176434 0.164864 0.156711 0.151341 0.14795 0.145927 0.144866 0.144495 0.14463 0.145139 0.145923 0.146906 0.148025 0.14923 0.15048 0.151741 0.152989 0.154206 0.155387 0.156538 0.157682 0.158862 
-0.179749 -0.178328 -0.176947 -0.175551 -0.174111 -0.172615 -0.171065 -0.169474 -0.167868 -0.166277 -0.164741 -0.163308 -0.162035 -0.160993 -0.160269 -0.159978 -0.160278 -0.161392 -0.163644 -0.167505 -0.173573 -0.182306 -0.19384 -0.207303 -0.221518 -0.235599 -0.248939 -0.261117 -0.271815 -0.280786 -0.28782 -0.292746 -0.295425 -0.29576 -0.293705 -0.289286 -0.282626 -0.273583 -0.262181 -0.249399 -0.234878 -0.218639 -0.200885 -0.181991 -0.1626 -0.14064 -0.116416 -0.0901662 -0.0620786 -0.0323189 -0.00105713 0.030812 0.0623742 0.0933884 0.123562 0.152531 0.179846 0.204941 0.22709 0.248783 0.268885 0.286683 0.301661 0.313224 0.322196 0.328582 0.332504 0.333818 0.332483 0.328536 0.322071 0.313232 0.302201 0.289212 0.274552 0.258598 0.241856 0.225039 0.20914 0.195389 0.184184 0.176033 0.170526 0.166996 0.164884 0.163791 0.16344 0.163638 0.164243 0.165149 0.166271 0.167542 0.168907 0.170319 0.171741 0.173146 0.174516 0.175844 0.177138 0.178424 0.179749 
-0.202724 -0.201135 -0.199589 -0.198027 -0.196414 -0.194736 -0.192997 -0.191212 -0.189406 -0.187614 -0.18588 -0.184255 -0.182804 -0.181602 -0.180743 -0.180351 -0.180589 -0.181682 -0.183947 -0.187811 -0.193766 -0.202105 -0.212873 -0.22538 -0.238598 -0.251703 -0.264101 -0.275362 -0.285164 -0.29325 -0.299409 -0.303468 -0.305294 -0.304796 -0.301941 -0.296771 -0.289428 -0.27974 -0.267737 -0.254408 -0.239364 -0.22263 -0.204426 -0.185137 -0.165382 -0.143045 -0.11841 -0.091714 -0.0631555 -0.0329113 -0.00116441 0.0311923 0.0632465 0.0947438 0.125379 0.154777 0.182477 0.207911 0.230385 0.252464 0.273051 0.291424 0.307051 0.31928 0.328939 0.33604 0.340741 0.342881 0.342406 0.339342 0.333776 0.32585 0.315749 0.30371 0.290031 0.275094 0.259409 0.243667 0.228787 0.215838 0.205075 0.197027 0.19146 0.187843 0.185676 0.184576 0.184266 0.184545 0.185264 0.186308 0.187587 0.189027 0.190566 0.192155 0.193753 0.19533 0.196866 0.198354 0.199804 0.201243 0.202724 
-0.227996 -0.226227 -0.224503 -0.222759 -0.220958 -0.219085 -0.217141 -0.215143 -0.213119 -0.211107 -0.209154 -0.207317 -0.205665 -0.20428 -0.203263 -0.202742 -0.202886 -0.203919 -0.206142 -0.209934 -0.215683 -0.223553 -0.233528 -0.245049 -0.257226 -0.269294 -0.280678 -0.290948 -0.299775 -0.306897 -0.312101 -0.315216 -0.316113 -0.314711 -0.310991 -0.305011 -0.296933 -0.286547 -0.273893 -0.259967 -0.24435 -0.227075 -0.208376 -0.188645 -0.168471 -0.145705 -0.120609 -0.0934187 -0.0643394 -0.0335599 -0.00127643 0.0316193 0.0642161 0.096246 0.127391 0.157263 0.185393 0.211215 0.234069 0.256578 0.277694 0.296688 0.313012 0.325962 0.336366 0.344239 0.349782 0.352818 0.353277 0.351174 0.346588 0.339656 0.330567 0.319559 0.306936 0.293085 0.278513 0.263886 0.250047 0.237927 0.227682 0.219838 0.214297 0.210655 0.208475 0.2074 0.207157 0.207539 0.208393 0.209596 0.211051 0.212678 0.21441 0.216193 0.217983 0.219746 0.221462 0.223124 0.224742 0.226346 0.227996 
-0.255796 -0.253832 -0.251916 -0.249976 -0.247972 -0.245886 -0.24372 -0.241492 -0.23923 -0.236976 -0.234782 -0.232709 -0.230832 -0.229237 -0.228031 -0.22735 -0.227361 -0.228286 -0.230403 -0.234039 -0.239487 -0.246813 -0.255955 -0.266457 -0.277541 -0.288508 -0.298803 -0.308 -0.315767 -0.32184 -0.326003 -0.32809 -0.327978 -0.325596 -0.320941 -0.314089 -0.305219 -0.294081 -0.280721 -0.266142 -0.2499 -0.232033 -0.212788 -0.192559 -0.171904 -0.148652 -0.123039 -0.0952979 -0.0656416 -0.0342701 -0.00139279 0.0320991 0.0652949 0.0979125 0.12962 0.160018 0.188631 0.214895 0.23819 0.261182 0.282874 0.302539 0.319612 0.333341 0.344552 0.353259 0.359711 0.363717 0.36519 0.364131 0.360612 0.354763 0.346772 0.336881 0.325395 0.312705 0.299308 0.28584 0.273073 0.261816 0.252168 0.24463 0.239209 0.235612 0.233473 0.232463 0.232317 0.232831 0.233845 0.235229 0.236882 0.238716 0.24066 0.242656 0.244654 0.24662 0.248532 0.250381 0.252181 0.253965 0.255796 
-0.286375 -0.284202 -0.282079 -0.279929 -0.277705 -0.27539 -0.272983 -0.270503 -0.267982 -0.265464 -0.263004 -0.260669 -0.258538 -0.256702 -0.255275 -0.254393 -0.254226 -0.254985 -0.256923 -0.260313 -0.265363 -0.272063 -0.280327 -0.289764 -0.2997 -0.309496 -0.318622 -0.326659 -0.333275 -0.338205 -0.341237 -0.342206 -0.340998 -0.337555 -0.331891 -0.3241 -0.314378 -0.302429 -0.288302 -0.27301 -0.256083 -0.237567 -0.217718 -0.196928 -0.175725 -0.151919 -0.125726 -0.0973715 -0.0670752 -0.0350482 -0.00151304 0.0326389 0.0664964 0.0997631 0.132093 0.163076 0.19223 0.219 0.242802 0.266338 0.28866 0.309051 0.32693 0.341501 0.353583 0.363189 0.370622 0.375677 0.37825 0.378325 0.375965 0.371295 0.364497 0.355813 0.345552 0.334101 0.321945 0.309689 0.298033 0.287686 0.278712 0.271585 0.266384 0.262914 0.260877 0.25998 0.259972 0.260651 0.261853 0.263446 0.26532 0.267384 0.269562 0.27179 0.274016 0.276202 0.278324 0.280377 0.282372 0.284349 0.286375 
-0.320013 -0.317616 -0.31527 -0.312892 -0.310433 -0.307869 -0.305202 -0.30245 -0.299647 -0.29684 -0.294088 -0.291461 -0.289043 -0.286932 -0.285244 -0.284116 -0.283716 -0.284241 -0.285917 -0.288961 -0.293512 -0.299506 -0.306831 -0.315152 -0.323878 -0.332425 -0.340295 -0.347078 -0.352446 -0.356134 -0.357935 -0.357689 -0.355294 -0.350705 -0.343952 -0.335151 -0.324514 -0.311688 -0.296729 -0.280656 -0.26298 -0.243751 -0.223232 -0.20181 -0.179982 -0.155548 -0.128701 -0.0996626 -0.0686553 -0.0359014 -0.00163656 0.0332468 0.0678363 0.101821 0.134841 0.166476 0.196238 0.223586 0.247971 0.272119 0.295133 0.316309 0.335056 0.350535 0.363558 0.374132 0.382624 0.388812 0.392574 0.393881 0.39278 0.389389 0.383885 0.37651 0.367567 0.357439 0.346597 0.33561 0.325115 0.315733 0.307517 0.300907 0.296033 0.292781 0.290919 0.290192 0.290368 0.291251 0.292676 0.294508 0.296632 0.298952 0.301386 0.303867 0.30634 0.308765 0.311116 0.313387 0.315593 0.317778 0.320013 
-0.357014 -0.354377 -0.351793 -0.349171 -0.346458 -0.343628 -0.34068 -0.337634 -0.334524 -0.3314 -0.328326 -0.325375 -0.322635 -0.320208 -0.318212 -0.316785 -0.316088 -0.316303 -0.317624 -0.320219 -0.324166 -0.329363 -0.335683 -0.342824 -0.350268 -0.357484 -0.364004 -0.369432 -0.373445 -0.375786 -0.376249 -0.374686 -0.371005 -0.365177 -0.357252 -0.347365 -0.335744 -0.321972 -0.306109 -0.289183 -0.270685 -0.25067 -0.229406 -0.207269 -0.184733 -0.159585 -0.132002 -0.102198 -0.0703988 -0.0368376 -0.00176267 0.0339322 0.0693324 0.104112 0.137899 0.170261 0.200709 0.228717 0.253768 0.278606 0.302382 0.324411 0.344095 0.360552 0.37459 0.386207 0.395839 0.403248 0.408297 0.410938 0.411204 0.409201 0.405101 0.399139 0.391615 0.382902 0.373455 0.363804 0.354528 0.346179 0.338809 0.332825 0.328391 0.325458 0.323854 0.323365 0.32378 0.324913 0.326601 0.328707 0.331112 0.333715 0.336432 0.339189 0.34193 0.344612 0.347209 0.349715 0.352148 0.354555 0.357014 
-0.397715 -0.394823 -0.391984 -0.389101 -0.386116 -0.383 -0.37975 -0.376385 -0.372942 -0.369474 -0.366045 -0.362733 -0.359631 -0.356842 -0.354485 -0.352697 -0.35163 -0.351448 -0.352312 -0.354346 -0.357579 -0.361885 -0.36712 -0.373008 -0.379089 -0.384884 -0.389952 -0.393915 -0.396462 -0.397339 -0.396352 -0.393361 -0.388289 -0.381126 -0.37194 -0.360885 -0.348205 -0.33341 -0.316563 -0.298703 -0.279303 -0.25842 -0.236324 -0.213381 -0.190041 -0.164084 -0.13567 -0.105008 -0.0723259 -0.0378665 -0.00189055 0.0347059 0.0710056 0.106668 0.141307 0.174483 0.205708 0.234467 0.260279 0.285894 0.310514 0.333471 0.354165 0.371678 0.386809 0.39955 0.410408 0.419135 0.425573 0.429656 0.431403 0.430906 0.428327 0.423893 0.417896 0.410699 0.402734 0.394496 0.386511 0.37927 0.372842 0.367598 0.363721 0.361216 0.359964 0.359791 0.36051 0.361947 0.363944 0.366363 0.369084 0.372002 0.375028 0.378087 0.381118 0.384077 0.386939 0.389697 0.392374 0.395018 0.397715 
-0.442487 -0.439323 -0.436212 -0.433051 -0.429775 -0.426352 -0.422778 -0.419071 -0.415268 -0.411423 -0.407604 -0.403893 -0.400383 -0.39718 -0.394402 -0.392183 -0.390662 -0.389986 -0.390284 -0.391638 -0.394041 -0.397353 -0.401414 -0.405963 -0.410591 -0.414862 -0.418368 -0.42075 -0.421708 -0.420999 -0.41844 -0.413903 -0.407329 -0.398726 -0.388183 -0.375873 -0.362053 -0.346152 -0.328234 -0.309351 -0.288957 -0.267113 -0.244086 -0.220233 -0.195981 -0.169105 -0.139754 -0.108128 -0.0744596 -0.038999 -0.00201934 0.0355805 0.0728801 0.109525 0.145115 0.179204 0.211306 0.240923 0.2676 0.294094 0.319648 0.343619 0.365407 0.384059 0.400369 0.414316 0.426494 0.436639 0.444576 0.45022 0.45357 0.454704 0.453771 0.450987 0.446635 0.441062 0.434677 0.42794 0.42133 0.415285 0.409901 0.405516 0.402322 0.400362 0.399566 0.399796 0.400893 0.402696 0.405054 0.407832 0.410908 0.414175 0.417541 0.420927 0.424272 0.42753 0.430674 0.433703 0.436638 0.439536 0.442487 
-0.491735 -0.488285 -0.484885 -0.481428 -0.477843 -0.474093 -0.470172 -0.466097 -0.461904 -0.45765 -0.453404 -0.44925 -0.445281 -0.441606 -0.43834 -0.435609 -0.433543 -0.432266 -0.431878 -0.432428 -0.433879 -0.436084 -0.43887 -0.441982 -0.445054 -0.447691 -0.449515 -0.450188 -0.449426 -0.447 -0.442738 -0.436531 -0.428336 -0.418182 -0.40618 -0.392519 -0.377471 -0.36037 -0.341285 -0.321279 -0.299789 -0.276876 -0.252806 -0.227924 -0.20264 -0.174722 -0.14431 -0.111601 -0.0768274 -0.0402482 -0.00214813 0.0365707 0.0749841 0.112724 0.149378 0.184495 0.217592 0.248186 0.275846 0.303331 0.329925 0.355008 0.377981 0.397865 0.415445 0.43069 0.444286 0.455958 0.465511 0.472839 0.477922 0.480821 0.481669 0.480669 0.478088 0.474257 0.469562 0.464426 0.459285 0.454537 0.450309 0.446906 0.444526 0.443239 0.443011 0.443743 0.445301 0.447541 0.45032 0.453508 0.456982 0.460634 0.464372 0.468114 0.471797 0.475375 0.478822 0.482138 0.48535 0.488517 0.491735 
-0.545909 -0.542155 -0.538452 -0.534681 -0.530768 -0.526671 -0.52238 -0.51791 -0.513299 -0.508601 -0.503887 -0.499242 -0.49476 -0.490548 -0.486718 -0.483388 -0.480674 -0.47868 -0.477479 -0.477092 -0.477461 -0.478439 -0.479835 -0.4814 -0.482801 -0.483681 -0.483692 -0.482519 -0.479896 -0.475611 -0.469507 -0.461496 -0.451552 -0.439729 -0.426156 -0.411042 -0.394669 -0.376266 -0.355906 -0.334664 -0.311961 -0.287858 -0.262617 -0.236573 -0.210118 -0.181018 -0.149407 -0.115476 -0.0794615 -0.0416295 -0.00227597 0.0376936 0.077351 0.116315 0.154163 0.190439 0.224664 0.256371 0.285148 0.313754 0.341508 0.367813 0.392076 0.413294 0.432244 0.448884 0.464006 0.47732 0.488612 0.497757 0.504713 0.50952 0.512293 0.513219 0.512547 0.510589 0.507703 0.504281 0.50072 0.497381 0.494429 0.492142 0.490712 0.490231 0.490695 0.492038 0.49415 0.496905 0.500172 0.503825 0.507745 0.511824 0.515968 0.520095 0.524141 0.528062 0.531831 0.535453 0.538956 0.542407 0.545909 
-0.6055 -0.601429 -0.597405 -0.593305 -0.589046 -0.584582 -0.579898 -0.575007 -0.569946 -0.564768 -0.559543 -0.554356 -0.549301 -0.544482 -0.540005 -0.535979 -0.532506 -0.52967 -0.527521 -0.526057 -0.525208 -0.524827 -0.524707 -0.524598 -0.5242 -0.523189 -0.521244 -0.518077 -0.513442 -0.507146 -0.499053 -0.489092 -0.477264 -0.463643 -0.448379 -0.431698 -0.413893 -0.394073 -0.372318 -0.349714 -0.325666 -0.300233 -0.273674 -0.246314 -0.218534 -0.188092 -0.155121 -0.119811 -0.0824001 -0.0431614 -0.00240197 0.0389692 0.0800202 0.120357 0.159548 0.197134 0.232642 0.265616 0.295661 0.325534 0.354586 0.38224 0.407912 0.430577 0.451008 0.469148 0.485911 0.500991 0.514157 0.525261 0.534237 0.541105 0.545958 0.548963 0.55035 0.550406 0.549464 0.547883 0.546026 0.544221 0.542677 0.541645 0.54131 0.541775 0.543064 0.545135 0.547903 0.55126 0.555089 0.559269 0.563686 0.568235 0.572821 0.577364 0.5818 0.586084 0.590196 0.59414 0.597951 0.601701 0.6055 
-0.67105 -0.666648 -0.66229 -0.657844 -0.653222 -0.648371 -0.643273 -0.637936 -0.632394 -0.626698 -0.620918 -0.615136 -0.609444 -0.60394 -0.598726 -0.5939 -0.589549 -0.585739 -0.582499 -0.579812 -0.577597 -0.575714 -0.573938 -0.572017 -0.569678 -0.566626 -0.562571 -0.55725 -0.550441 -0.541971 -0.531728 -0.519665 -0.505805 -0.490247 -0.47316 -0.454787 -0.43543 -0.414067 -0.39078 -0.366669 -0.341125 -0.314203 -0.286159 -0.257309 -0.228025 -0.196061 -0.161547 -0.124676 -0.085689 -0.0448663 -0.00252527 0.0404214 0.0830383 0.12492 0.165627 0.204698 0.241665 0.276084 0.307568 0.338875 0.369381 0.39853 0.425747 0.449986 0.472019 0.491778 0.510307 0.527287 0.54247 0.555683 0.566839 0.575932 0.583031 0.588281 0.591887 0.594113 0.595262 0.595664 0.595649 0.595519 0.595525 0.595896 0.596806 0.598367 0.600619 0.603544 0.607078 0.611133 0.615603 0.620377 0.625348 0.630412 0.635478 0.640468 0.645319 0.64999 0.654462 0.658744 0.662878 0.666941 0.67105 
-0.743155 -0.73841 -0.733705 -0.728901 -0.7239 -0.718646 -0.713112 -0.707304 -0.70125 -0.694999 -0.688618 -0.682184 -0.675787 -0.669519 -0.663472 -0.657735 -0.652379 -0.647455 -0.642977 -0.638911 -0.635176 -0.631638 -0.628054 -0.624167 -0.619729 -0.614474 -0.608141 -0.600492 -0.591332 -0.580514 -0.56795 -0.553618 -0.537568 -0.519919 -0.500864 -0.48066 -0.459618 -0.436567 -0.411595 -0.385814 -0.358601 -0.330007 -0.300285 -0.269746 -0.238755 -0.20506 -0.168794 -0.130153 -0.0893827 -0.0467709 -0.00264511 0.0420785 0.0864613 0.130088 0.172512 0.21327 0.251899 0.287963 0.321083 0.354015 0.386155 0.416966 0.445882 0.471842 0.495615 0.51712 0.537552 0.556579 0.573933 0.589419 0.602925 0.614418 0.623942 0.631614 0.637615 0.642179 0.645583 0.648124 0.650105 0.651802 0.653514 0.655443 0.657758 0.660569 0.66393 0.667841 0.67226 0.677113 0.682309 0.687749 0.693332 0.698959 0.704544 0.710012 0.715303 0.720381 0.725231 0.729867 0.734337 0.738726 0.743155 
-0.82247 -0.817374 -0.812312 -0.807137 -0.801746 -0.796072 -0.790085 -0.783782 -0.777188 -0.770345 -0.763317 -0.756175 -0.749003 -0.741886 -0.734907 -0.728142 -0.721651 -0.715469 -0.709596 -0.703993 -0.698575 -0.693216 -0.687657 -0.681636 -0.674928 -0.667292 -0.658497 -0.648335 -0.636636 -0.623281 -0.608211 -0.59143 -0.573014 -0.553108 -0.531924 -0.509733 -0.486856 -0.461954 -0.435122 -0.407484 -0.378401 -0.347925 -0.316306 -0.28385 -0.250919 -0.215253 -0.176994 -0.136341 -0.0935469 -0.0489077 -0.00276081 0.0439742 0.0903561 0.13596 0.180335 0.223014 0.263539 0.301481 0.336461 0.371236 0.405216 0.437883 0.468676 0.496523 0.52219 0.545586 0.568074 0.589307 0.609 0.626936 0.642975 0.657057 0.669197 0.679482 0.688066 0.695153 0.70099 0.705844 0.70999 0.713681 0.717263 0.720917 0.724799 0.72902 0.733641 0.738678 0.744103 0.749861 0.755874 0.762053 0.768308 0.774547 0.780689 0.786665 0.792421 0.797924 0.803167 0.808171 0.812988 0.817712 0.82247 
-0.909718 -0.904265 -0.898839 -0.893286 -0.887494 -0.881389 -0.874933 -0.868117 -0.860955 -0.853488 -0.845768 -0.837862 -0.829844 -0.821793 -0.81378 -0.80587 -0.798109 -0.790521 -0.783096 -0.775789 -0.768516 -0.761163 -0.75345 -0.745113 -0.735947 -0.725739 -0.714285 -0.701406 -0.686964 -0.67087 -0.653092 -0.633666 -0.612694 -0.590345 -0.56685 -0.542497 -0.517615 -0.490677 -0.461785 -0.432074 -0.400893 -0.368294 -0.334524 -0.299889 -0.264747 -0.226835 -0.186303 -0.143358 -0.0982605 -0.0513159 -0.00287175 0.0461491 0.094803 0.142657 0.189255 0.234129 0.276822 0.316907 0.354007 0.390875 0.426934 0.461677 0.494553 0.524478 0.552215 0.577666 0.602378 0.625994 0.648211 0.668788 0.687559 0.704433 0.719395 0.732501 0.743872 0.753681 0.762144 0.7695 0.775994 0.781861 0.787489 0.793041 0.79866 0.804454 0.81049 0.816792 0.82335 0.83012 0.837041 0.844035 0.851022 0.857921 0.864658 0.87117 0.877412 0.883357 0.889005 0.894385 0.899559 0.904623 0.909718 
-1.00569 -0.999879 -0.994088 -0.988153 -0.981956 -0.975414 -0.968479 -0.961133 -0.953384 -0.945261 -0.936809 -0.928085 -0.919156 -0.910086 -0.900939 -0.891766 -0.882602 -0.87346 -0.864323 -0.855143 -0.845839 -0.836306 -0.82625 -0.815401 -0.803576 -0.790588 -0.776262 -0.76045 -0.743046 -0.723991 -0.703288 -0.681001 -0.65726 -0.63226 -0.606253 -0.579539 -0.552456 -0.523272 -0.492089 -0.460057 -0.426516 -0.391514 -0.355301 -0.318182 -0.280517 -0.24004 -0.19691 -0.151347 -0.103619 -0.054043 -0.00297729 0.048652 0.0998992 0.150324 0.199464 0.246851 0.292027 0.334566 0.374085 0.413334 0.451746 0.488823 0.524019 0.556241 0.586252 0.613941 0.641069 0.667266 0.692211 0.715641 0.737359 0.757245 0.775251 0.7914 0.805777 0.818524 0.829823 0.839883 0.848924 0.857158 0.865018 0.872647 0.880176 0.887709 0.895313 0.903023 0.910838 0.918729 0.926647 0.93453 0.942308 0.949911 0.957276 0.964349 0.971093 0.977493 0.983555 0.989317 0.99485 1.00026 1.00569 
-1.11126 -1.1051 -1.09894 -1.09263 -1.08603 -1.07905 -1.07163 -1.06375 -1.0554 -1.0466 -1.03738 -1.02779 -1.01789 -1.00772 -0.997345 -0.986797 -0.976102 -0.965261 -0.954254 -0.943031 -0.931516 -0.919613 -0.907013 -0.893446 -0.878747 -0.862757 -0.84533 -0.826352 -0.805747 -0.783493 -0.759625 -0.734238 -0.707493 -0.679609 -0.650859 -0.621558 -0.592054 -0.560379 -0.526642 -0.492004 -0.455795 -0.418068 -0.379073 -0.339117 -0.298566 -0.25515 -0.209044 -0.160479 -0.109737 -0.0571466 -0.00307669 0.0515421 0.105762 0.159136 0.211195 0.261468 0.309495 0.354846 0.397134 0.439099 0.480181 0.519888 0.557679 0.592454 0.624971 0.655112 0.684873 0.713874 0.741775 0.768288 0.793191 0.816328 0.837619 0.857048 0.874668 0.890583 0.904943 0.917925 0.929723 0.940528 0.950813 0.960702 0.970314 0.979748 0.989073 0.998326 1.00752 1.01663 1.02563 1.03447 1.0431 1.05144 1.05946 1.06711 1.07437 1.08123 1.08771 1.09386 1.09975 1.1055 1.11126 
-1.22738 -1.22089 -1.21438 -1.2077 -1.20071 -1.1933 -1.18541 -1.17699 -1.16803 -1.15853 -1.14853 -1.13804 -1.12711 -1.11578 -1.10409 -1.09207 -1.07972 -1.06705 -1.05402 -1.04059 -1.02668 -1.01221 -0.996863 -0.980361 -0.962563 -0.943336 -0.922565 -0.900169 -0.876107 -0.850393 -0.823096 -0.794346 -0.764333 -0.733301 -0.701546 -0.669399 -0.637219 -0.602773 -0.566177 -0.5286 -0.48937 -0.448541 -0.406368 -0.363164 -0.3193 -0.272509 -0.222981 -0.170965 -0.116756 -0.0606965 -0.00316896 0.0548917 0.112535 0.169306 0.224729 0.278327 0.329637 0.378222 0.423685 0.468756 0.512877 0.55556 0.596267 0.63389 0.669183 0.70202 0.734664 0.766721 0.797833 0.827689 0.856036 0.882686 0.907521 0.930489 0.951604 0.970933 0.988592 1.00473 1.0195 1.03309 1.04599 1.05832 1.07019 1.08168 1.09287 1.10379 1.11447 1.1249 1.13506 1.14492 1.15443 1.16355 1.17224 1.18048 1.18826 1.19557 1.20246 1.20898 1.21522 1.2213 1.22738 
-1.35512 -1.34831 -1.34148 -1.33446 -1.32709 -1.31927 -1.31092 -1.30198 -1.29242 -1.28224 -1.27143 -1.26002 -1.24804 -1.2355 -1.22243 -1.20884 -1.19474 -1.18011 -1.16492 -1.14912 -1.13265 -1.11543 -1.09713 -1.07747 -1.05634 -1.03363 -1.00925 -0.98317 -0.955375 -0.925916 -0.8949 -0.862492 -0.828912 -0.794435 -0.759375 -0.724084 -0.688935 -0.651394 -0.611584 -0.570684 -0.528019 -0.483648 -0.437835 -0.390898 -0.343219 -0.292536 -0.239062 -0.183061 -0.124847 -0.0647783 -0.00325266 0.058789 0.120393 0.181094 0.240409 0.297853 0.352954 0.405269 0.454388 0.503022 0.550614 0.596676 0.64067 0.681486 0.719868 0.755685 0.791498 0.826901 0.861515 0.895003 0.927083 0.957532 0.986193 1.01298 1.03785 1.06086 1.08206 1.10159 1.11957 1.13615 1.15187 1.16682 1.1811 1.19479 1.20797 1.22067 1.23294 1.24476 1.25613 1.26705 1.27747 1.28738 1.29675 1.30558 1.31386 1.32162 1.32891 1.33578 1.34235 1.34874 1.35512 
-1.49563 -1.48855 -1.48143 -1.47409 -1.46639 -1.45819 -1.44942 -1.43998 -1.42986 -1.419 -1.40741 -1.39509 -1.38203 -1.36826 -1.35377 -1.33856 -1.32263 -1.30595 -1.28848 -1.27019 -1.251 -1.23083 -1.20937 -1.18634 -1.16164 -1.13519 -1.10694 -1.07689 -1.04506 -1.01155 -0.976492 -0.940096 -0.902614 -0.864349 -0.825642 -0.786865 -0.748405 -0.707394 -0.663958 -0.619283 -0.572697 -0.524269 -0.474269 -0.423027 -0.370937 -0.31575 -0.257703 -0.197081 -0.13422 -0.0694965 -0.00332572 0.0633432 0.129551 0.19482 0.258657 0.320566 0.380065 0.436697 0.490039 0.542776 0.594346 0.644259 0.691978 0.73639 0.778228 0.817353 0.856668 0.895748 0.934193 0.971641 1.00778 1.04234 1.07513 1.10603 1.13495 1.1619 1.18691 1.21007 1.23147 1.25126 1.26998 1.28771 1.30455 1.32056 1.33583 1.3504 1.36431 1.37758 1.39021 1.40219 1.41354 1.42423 1.43427 1.44366 1.45243 1.4606 1.46825 1.47546 1.48232 1.48899 1.49563 
-1.6502 -1.64289 -1.63554 -1.62794 -1.61995 -1.61144 -1.60228 -1.59242 -1.58177 -1.57029 -1.55796 -1.54476 -1.53066 -1.51566 -1.49974 -1.48289 -1.46509 -1.4463 -1.42649 -1.40558 -1.38354 -1.36028 -1.33547 -1.30885 -1.28035 -1.24991 -1.21751 -1.18319 -1.14701 -1.1091 -1.06965 -1.0289 -0.987135 -0.944692 -0.901942 -0.859281 -0.817117 -0.772196 -0.724652 -0.675672 -0.624594 -0.571497 -0.516661 -0.460432 -0.403217 -0.342793 -0.279423 -0.213418 -0.145137 -0.0749804 -0.00338514 0.0686895 0.140276 0.210882 0.279998 0.347114 0.411734 0.473386 0.531628 0.589108 0.645256 0.69958 0.751538 0.800018 0.845741 0.888559 0.93176 0.974901 1.01756 1.05933 1.09988 1.1389 1.17616 1.21149 1.24476 1.27593 1.30501 1.33203 1.35708 1.38026 1.40215 1.42279 1.44229 1.46072 1.47815 1.49464 1.51022 1.52494 1.53882 1.55187 1.56411 1.57555 1.58622 1.59613 1.60533 1.61388 1.62184 1.62932 1.63644 1.64334 1.6502 
-1.82022 -1.81277 -1.80525 -1.79747 -1.78927 -1.78051 -1.77107 -1.76084 -1.74976 -1.73775 -1.72476 -1.71075 -1.69568 -1.67951 -1.66222 -1.64377 -1.62411 -1.60321 -1.58101 -1.55745 -1.53246 -1.50598 -1.47767 -1.44728 -1.41476 -1.38008 -1.34326 -1.30436 -1.26348 -1.22082 -1.17658 -1.13106 -1.08458 -1.03751 -0.990262 -0.943255 -0.896925 -0.847581 -0.795361 -0.741447 -0.685197 -0.626701 -0.566255 -0.504218 -0.441018 -0.374472 -0.304872 -0.23256 -0.157923 -0.0813914 -0.00342669 0.0749976 0.152902 0.229774 0.305085 0.378305 0.448919 0.516436 0.580392 0.643382 0.704825 0.764222 0.821028 0.874138 0.92425 0.971213 1.01875 1.0664 1.1137 1.16022 1.20559 1.24945 1.29154 1.33162 1.36955 1.40522 1.43861 1.46972 1.4986 1.52535 1.55052 1.57418 1.59641 1.61729 1.63689 1.65528 1.67251 1.68865 1.70372 1.71778 1.73085 1.74297 1.75419 1.76455 1.77411 1.78295 1.79116 1.79885 1.80615 1.81322 1.82022 
-2.00724 -1.99974 -1.99216 -1.9843 -1.976 -1.9671 -1.95748 -1.94702 -1.93563 -1.92321 -1.90969 -1.89501 -1.8791 -1.8619 -1.84336 -1.82341 -1.802 -1.77905 -1.75452 -1.72831 -1.70036 -1.6706 -1.63869 -1.60439 -1.56767 -1.52853 -1.48702 -1.44322 -1.39731 -1.34949 -1.30004 -1.24928 -1.19759 -1.14539 -1.09311 -1.04121 -0.990177 -0.9358 -0.878228 -0.818632 -0.756394 -0.691621 -0.624626 -0.555786 -0.485554 -0.411807 -0.334871 -0.255125 -0.172991 -0.0889325 -0.00344448 0.0824817 0.167851 0.252124 0.334745 0.415161 0.492832 0.567239 0.637898 0.707324 0.774925 0.840192 0.902575 0.960982 1.01608 1.06772 1.12013 1.1728 1.22524 1.277 1.32763 1.37676 1.42406 1.46925 1.51213 1.55257 1.5905 1.62588 1.65874 1.68916 1.7177 1.74439 1.76933 1.79261 1.81432 1.83453 1.85332 1.87077 1.88693 1.90186 1.91564 1.92832 1.93997 1.95066 1.96047 1.96951 1.97786 1.98567 1.99306 2.00019 2.00724 
-2.21296 -2.20555 -2.19804 -2.19023 -2.18196 -2.17308 -2.16344 -2.15291 -2.14139 -2.12875 -2.11491 -2.09976 -2.08323 -2.06521 -2.04563 -2.0244 -2.00143 -1.97664 -1.94992 -1.9212 -1.89038 -1.85737 -1.82185 -1.78359 -1.74255 -1.69878 -1.65234 -1.60336 -1.55205 -1.49866 -1.44353 -1.38702 -1.32956 -1.27162 -1.21369 -1.15627 -1.09988 -1.03975 -0.976014 -0.909829 -0.840613 -0.768493 -0.6938 -0.616937 -0.538384 -0.456106 -0.370472 -0.281903 -0.190865 -0.0978619 -0.00343036 0.0914159 0.185662 0.278731 0.370036 0.45899 0.54502 0.627581 0.706154 0.783151 0.857961 0.930063 0.998906 1.06341 1.12422 1.18118 1.23907 1.29738 1.35555 1.41309 1.4695 1.52435 1.57725 1.6279 1.67603 1.72148 1.76411 1.80389 1.8408 1.87492 1.90677 1.93642 1.96396 1.9895 2.01313 2.03498 2.05512 2.07366 2.0907 2.10632 2.12061 2.13366 2.14556 2.15641 2.16632 2.1754 2.18377 2.19155 2.1989 2.20598 2.21296 
-2.43926 -2.4321 -2.42483 -2.41724 -2.40919 -2.40052 -2.39107 -2.3807 -2.36929 -2.3567 -2.34282 -2.32751 -2.31067 -2.29218 -2.27192 -2.24976 -2.22559 -2.19928 -2.17072 -2.13978 -2.10634 -2.07028 -2.03128 -1.98912 -1.94378 -1.89529 -1.84376 -1.78935 -1.7323 -1.67293 -1.61161 -1.54877 -1.48491 -1.42054 -1.35622 -1.29251 -1.22999 -1.16322 -1.09233 -1.01844 -0.941024 -0.860229 -0.776414 -0.690009 -0.601527 -0.509061 -0.413032 -0.313911 -0.212219 -0.10851 -0.00337288 0.102153 0.207025 0.310624 0.412317 0.511477 0.607492 0.699774 0.787771 0.873744 0.957065 1.0372 1.11358 1.18518 1.25257 1.31561 1.37975 1.44442 1.50901 1.57295 1.6357 1.69676 1.7557 1.81213 1.86576 1.91637 1.9638 2.00797 2.04888 2.08656 2.12155 2.15391 2.18376 2.21124 2.23647 2.2596 2.28076 2.30007 2.31765 2.33364 2.34815 2.3613 2.37321 2.38399 2.39378 2.40271 2.41089 2.41849 2.42564 2.43251 2.43926 
-2.68819 -2.68149 -2.67466 -2.66753 -2.65993 -2.65171 -2.64273 -2.63282 -2.62185 -2.60967 -2.59614 -2.58111 -2.56443 -2.54597 -2.52555 -2.50302 -2.47822 -2.45098 -2.42114 -2.38853 -2.35297 -2.31431 -2.27222 -2.22647 -2.17702 -2.12391 -2.06726 -2.00726 -1.94419 -1.87842 -1.81038 -1.74057 -1.66955 -1.59793 -1.52634 -1.45541 -1.3858 -1.31127 -1.23199 -1.14899 -1.06183 -0.970687 -0.875943 -0.778069 -0.677621 -0.572872 -0.464307 -0.352462 -0.23792 -0.121302 -0.00325548 0.115147 0.232836 0.349133 0.463354 0.574818 0.682861 0.786848 0.88618 0.982913 1.07639 1.16606 1.25136 1.33128 1.40636 1.47643 1.54775 1.61966 1.69148 1.76256 1.83228 1.90008 1.96545 2.02795 2.08723 2.14303 2.19517 2.24355 2.28816 2.32905 2.36674 2.4013 2.43293 2.46178 2.48806 2.51192 2.53355 2.5531 2.57076 2.58667 2.60098 2.61385 2.62541 2.63582 2.6452 2.65371 2.66148 2.66867 2.67541 2.68186 2.68819 
-2.96201 -2.95602 -2.9499 -2.94349 -2.93663 -2.92919 -2.92101 -2.91195 -2.90185 -2.89056 -2.87791 -2.86375 -2.8479 -2.83017 -2.81038 -2.78831 -2.76377 -2.73653 -2.70636 -2.67302 -2.63628 -2.59589 -2.5515 -2.50283 -2.44983 -2.3925 -2.33096 -2.2654 -2.19616 -2.12363 -2.04833 -1.97083 -1.89178 -1.81189 -1.7319 -1.65255 -1.5746 -1.49089 -1.40158 -1.30764 -1.20871 -1.10502 -0.996988 -0.885147 -0.7701 -0.650378 -0.526546 -0.399221 -0.269063 -0.136767 -0.00305303 0.130978 0.264226 0.395951 0.525403 0.651837 0.774527 0.892775 1.00592 1.11573 1.22152 1.32271 1.41872 1.50859 1.59278 1.67114 1.75084 1.83109 1.91114 1.99023 2.06765 2.14272 2.21487 2.2836 2.3485 2.40928 2.46573 2.51778 2.56542 2.60876 2.64827 2.68414 2.7166 2.74591 2.77231 2.79604 2.81732 2.83636 2.85339 2.86858 2.88212 2.89419 2.90495 2.91456 2.92317 2.93093 2.93798 2.94448 2.95055 2.95634 2.96201 
-3.26321 -3.25823 -3.25312 -3.24775 -3.24199 -3.23571 -3.22877 -3.22103 -3.21235 -3.20256 -3.19151 -3.17901 -3.16488 -3.1489 -3.13086 -3.1105 -3.08758 -3.06179 -3.03284 -3.00039 -2.9641 -2.92359 -2.87842 -2.82825 -2.77289 -2.7123 -2.64656 -2.57585 -2.50051 -2.421 -2.3379 -2.25188 -2.16371 -2.07423 -1.98432 -1.89489 -1.80684 -1.71193 -1.61029 -1.50283 -1.38931 -1.27004 -1.14553 -1.01638 -0.883254 -0.745061 -0.602461 -0.456168 -0.306929 -0.155517 -0.00272483 0.150333 0.302544 0.453102 0.601193 0.746004 0.886734 1.02261 1.15288 1.27892 1.39999 1.51545 1.62469 1.72682 1.82215 1.91054 2.00026 2.09039 2.18 2.26818 2.35411 2.43699 2.51616 2.59103 2.66116 2.72624 2.78607 2.8406 2.88991 2.93418 2.97394 3.00949 3.04121 3.06944 3.09453 3.11678 3.1365 3.15393 3.16933 3.18293 3.19492 3.20551 3.21486 3.22315 3.23052 3.23712 3.24309 3.24856 3.25365 3.25849 3.26321 
-3.59453 -3.59089 -3.58713 -3.58317 -3.57891 -3.57424 -3.56904 -3.56321 -3.55662 -3.54912 -3.54056 -3.53078 -3.51958 -3.50675 -3.49207 -3.47527 -3.45604 -3.43404 -3.40888 -3.38011 -3.34722 -3.30963 -3.26665 -3.2177 -3.16242 -3.10059 -3.0322 -2.95741 -2.87655 -2.7901 -2.69871 -2.60315 -2.50435 -2.4033 -2.30113 -2.19896 -2.09798 -1.98856 -1.87089 -1.74584 -1.61342 -1.47411 -1.32854 -1.17745 -1.02161 -0.860414 -0.69465 -0.525121 -0.352648 -0.178062 -0.00220072 0.173857 0.349036 0.522494 0.693375 0.860815 1.02395 1.18193 1.33389 1.48066 1.62139 1.75535 1.88182 1.9999 2.10968 2.21094 2.31334 2.41568 2.51681 2.61561 2.71106 2.80225 2.8884 2.96887 3.04319 3.11103 3.17225 3.22688 3.27514 3.31743 3.35444 3.38676 3.41497 3.43959 3.46107 3.47981 3.49614 3.51038 3.52278 3.53359 3.54301 3.55123 3.55842 3.56473 3.5703 3.57525 3.5797 3.58375 3.58751 3.59107 3.59453 
-3.95898 -3.95701 -3.95497 -3.95281 -3.95048 -3.9479 -3.94502 -3.94176 -3.93804 -3.93376 -3.92882 -3.9231 -3.91645 -3.90872 -3.89971 -3.8892 -3.87691 -3.86253 -3.84563 -3.82569 -3.80203 -3.77364 -3.73894 -3.69668 -3.64614 -3.58696 -3.51904 -3.4425 -3.35761 -3.26485 -3.16485 -3.05842 -2.94656 -2.83045 -2.71145 -2.5911 -2.47103 -2.34004 -2.19888 -2.04864 -1.88989 -1.72344 -1.55015 -1.37086 -1.18644 -0.996901 -0.803085 -0.605812 -0.405897 -0.204146 -0.00135641 0.201538 0.403609 0.604059 0.802075 0.996829 1.18747 1.37315 1.55296 1.72697 1.89429 2.05401 2.20518 2.34668 2.47795 2.59823 2.71874 2.83784 2.95398 3.06582 3.17215 3.272 3.36455 3.44917 3.52541 3.59297 3.65176 3.70189 3.74373 3.77801 3.80604 3.82934 3.84896 3.86555 3.87965 3.89165 3.90191 3.91067 3.91818 3.92461 3.93014 3.9349 3.93901 3.94258 3.94569 3.94844 3.9509 3.95312 3.95517 3.95711 3.95898 
-4.35988 -4.35988 -4.35988 -4.35988 -4.35988 -4.35988 -4.35988 -4.35988 -4.35988 -4.35988 -4.35988 -4.35988 -4.35988 -4.35988 -4.35988 -4.35988 -4.35988 -4.35988 -4.35988 -4.35988 -4.35988 -4.35744 -4.34358 -4.31753 -4.27934 -4.22914 -4.16705 -4.09325 -4.00795 -3.91139 -3.80385 -3.68561 -3.55702 -3.41844 -3.27025 -3.11288 -2.94676 -2.77236 -2.59017 -2.4007 -2.20449 -2.00208 -1.79406 -1.58099 -1.36347 -1.14213 -0.917579 -0.69045 -0.46138 -0.231015 0 0.231015 0.46138 0.69045 0.917579 1.14213 1.36347 1.58099 1.79406 2.00208 2.20449 2.4007 2.59017 2.77236 2.94676 3.11288 3.27025 3.41844 3.55702 3.68561 3.80385 3.91139 4.00795 4.09325 4.16705 4.22914 4.27934 4.31753 4.34358 4.35744 4.35988 4.35988 4.35988 4.35988 4.35988 4.35988 4.35988 4.35988 4.35988 4.35988 4.35988 4.35988 4.35988 4.35988 4.35988 4.35988 4.35988 4.35988 4.35988 4.35988 4.35988 
