ni
101

nj
48

x_vals
4.74942 4.35531 3.99702 3.67131 3.37521 3.10602 2.86131 2.63884 2.4366 2.25274 2.0856 1.93365 1.79552 1.66994 1.55578 1.452 1.35765 1.27188 1.19391 1.12302 1.05858 1 0.944979 0.890299 0.836103 0.782532 0.729728 0.677833 0.626984 0.577317 0.528965 0.482055 0.436712 0.393055 0.351197 0.311248 0.273312 0.237489 0.203872 0.17423 0.146884 0.121626 0.0985075 0.0775951 0.0589649 0.0427009 0.0288925 0.0176302 0.00900392 0.00310008 0 -0.000166912 0.00272016 0.00871677 0.0178664 0.0301991 0.0457288 0.0644514 0.0863416 0.11135 0.139401 0.170392 0.203942 0.238187 0.274697 0.313353 0.35403 0.396597 0.440913 0.486837 0.534218 0.582905 0.63274 0.683564 0.735215 0.787527 0.840333 0.893463 0.946743 1 1.05858 1.12302 1.19391 1.27188 1.35765 1.452 1.55578 1.66994 1.79552 1.93365 2.0856 2.25274 2.4366 2.63884 2.86131 3.10602 3.37521 3.67131 3.99702 4.35531 4.74942 
4.74942 4.35605 3.99824 3.67282 3.37689 3.1078 2.86312 2.64065 2.43836 2.25443 2.08721 1.93516 1.79691 1.67122 1.55694 1.45303 1.35856 1.27266 1.19455 1.12353 1.05895 1.00023 0.945059 0.890251 0.83594 0.782265 0.729368 0.677387 0.626462 0.576727 0.528316 0.481357 0.435974 0.392289 0.350417 0.310472 0.272575 0.236781 0.203192 0.173553 0.146203 0.120939 0.0978166 0.0769019 0.0582733 0.0420172 0.0282254 0.0169933 0.00842177 0.00269004 -0.000380008 -0.000558134 0.00230101 0.00825872 0.0173516 0.0295621 0.0450356 0.0637212 0.085586 0.110577 0.138614 0.169592 0.203132 0.23738 0.273876 0.31251 0.3532 0.395796 0.440155 0.486133 0.533579 0.58234 0.632258 0.683175 0.734927 0.787349 0.840276 0.893536 0.946959 1.00037 1.05907 1.12364 1.19464 1.27274 1.35863 1.4531 1.557 1.67128 1.79696 1.9352 2.08725 2.25447 2.43839 2.64067 2.86314 3.10782 3.37691 3.67283 3.99824 4.35606 4.74942 
4.74942 4.35687 3.99956 3.67447 3.37874 3.10976 2.86512 2.64263 2.4403 2.2563 2.08897 1.93681 1.79845 1.67263 1.55821 1.45417 1.35956 1.27351 1.19526 1.1241 1.05937 1.00048 0.945146 0.890196 0.835758 0.78197 0.728969 0.676895 0.625885 0.576076 0.5276 0.480587 0.435161 0.391446 0.349559 0.30962 0.271764 0.236003 0.202444 0.172807 0.145453 0.120184 0.097056 0.0761391 0.0575128 0.0412659 0.0274935 0.0162967 0.00779163 0.00223309 -0.000805187 -0.000994983 0.00183415 0.00774964 0.0167809 0.0288637 0.0442743 0.0629189 0.0847555 0.109726 0.137749 0.168713 0.202241 0.236491 0.272973 0.311583 0.352285 0.394913 0.439319 0.485356 0.532872 0.581715 0.631725 0.682742 0.734606 0.78715 0.840208 0.893612 0.947191 1.00077 1.05961 1.12431 1.19546 1.27369 1.35971 1.45431 1.55834 1.67275 1.79856 1.93691 2.08906 2.25637 2.44036 2.64268 2.86516 3.10979 3.37877 3.67449 3.99958 4.35688 4.74942 
4.74942 4.35777 4.00102 3.67628 3.38077 3.11191 2.86731 2.64481 2.44243 2.25834 2.09092 1.93864 1.80014 1.67418 1.55962 1.45542 1.36066 1.27446 1.19605 1.12472 1.05982 1.00075 0.945239 0.890134 0.835556 0.781642 0.728527 0.67635 0.625248 0.575357 0.52681 0.479737 0.434265 0.390517 0.348615 0.308683 0.270874 0.235148 0.201621 0.171986 0.144627 0.119351 0.0962184 0.0752992 0.056676 0.04044 0.0266904 0.0155348 0.00710863 0.00172316 -0.00128154 -0.00148341 0.00131352 0.00718327 0.0161478 0.0280976 0.0434382 0.0620371 0.0838423 0.108791 0.136797 0.167746 0.201261 0.235514 0.271981 0.310563 0.351278 0.393939 0.438396 0.484497 0.532091 0.581023 0.631133 0.682262 0.734248 0.786925 0.840128 0.893689 0.947441 1.00121 1.0602 1.12506 1.19635 1.27473 1.36091 1.45565 1.55982 1.67437 1.80031 1.93879 2.09105 2.25846 2.44253 2.6449 2.86738 3.11196 3.38082 3.67632 4.00104 4.35778 4.74942 
4.74942 4.35874 4.00262 3.67827 3.383 3.11427 2.86972 2.64721 2.44477 2.2606 2.09306 1.94065 1.80201 1.67589 1.56117 1.45681 1.36187 1.2755 1.19691 1.1254 1.06032 1.00105 0.945341 0.890063 0.835332 0.781278 0.728038 0.675747 0.624544 0.574563 0.525938 0.4788 0.433277 0.389494 0.347576 0.307653 0.269896 0.234208 0.200716 0.171082 0.143716 0.118434 0.0952955 0.0743742 0.0557548 0.0395319 0.025809 0.0147017 0.00636708 0.00115329 -0.00181597 -0.00203027 0.000732207 0.0065525 0.0154449 0.0272566 0.0425197 0.0610678 0.0828382 0.107762 0.135749 0.166682 0.200183 0.234438 0.27089 0.309442 0.350168 0.392866 0.437377 0.483549 0.531228 0.580257 0.630477 0.681728 0.733848 0.786671 0.840033 0.893768 0.947708 1.00168 1.06086 1.12588 1.19734 1.27588 1.36222 1.45712 1.56146 1.67615 1.80224 1.94086 2.09324 2.26076 2.44491 2.64733 2.86982 3.11435 3.38307 3.67832 4.00265 4.35876 4.74942 
4.74942 4.35982 4.00437 3.68046 3.38545 3.11686 2.87237 2.64985 2.44735 2.26308 2.09542 1.94286 1.80406 1.67778 1.56288 1.45833 1.36321 1.27665 1.19787 1.12616 1.06087 1.00138 0.945451 0.889982 0.835081 0.780875 0.727496 0.67508 0.623765 0.573685 0.524975 0.477766 0.432187 0.388367 0.346432 0.306521 0.26882 0.233174 0.199718 0.170085 0.142712 0.117422 0.094278 0.0733548 0.0547404 0.0385331 0.0248413 0.0137906 0.00556028 0.000515459 -0.00241648 -0.00264346 8.22585e-05 0.00584918 0.014664 0.0263329 0.0415104 0.0600021 0.0817337 0.106631 0.134597 0.165512 0.198996 0.233254 0.26969 0.308208 0.348946 0.391682 0.436252 0.482501 0.530272 0.579408 0.629749 0.681134 0.733401 0.786385 0.839922 0.893846 0.947995 1.0022 1.06157 1.12678 1.19843 1.27715 1.36367 1.45875 1.56325 1.67812 1.80437 1.94313 2.09566 2.26329 2.44753 2.65001 2.8725 3.11697 3.38554 3.68052 4.00441 4.35984 4.74942 
4.74942 4.36099 4.00628 3.68285 3.38814 3.11971 2.87528 2.65275 2.45018 2.26581 2.09801 1.9453 1.80632 1.67985 1.56476 1.46001 1.36468 1.27791 1.19892 1.12699 1.06147 1.00174 0.945568 0.889889 0.834801 0.780426 0.726895 0.674342 0.622903 0.572715 0.523912 0.476625 0.430986 0.387124 0.345173 0.305276 0.267637 0.232036 0.198619 0.168985 0.141605 0.116306 0.0931553 0.0722305 0.0536226 0.0374338 0.0237786 0.0127936 0.00468032 -0.000199613 -0.00309232 -0.00333214 -0.000645504 0.00506397 0.0137954 0.0253173 0.0404008 0.0588299 0.0805184 0.105385 0.133329 0.164223 0.19769 0.231951 0.268369 0.30685 0.347599 0.390376 0.43501 0.481342 0.529214 0.578467 0.62894 0.680472 0.7329 0.786061 0.839789 0.893923 0.948301 1.00277 1.06236 1.12778 1.19963 1.27855 1.36526 1.46054 1.56523 1.68028 1.80671 1.94564 2.09832 2.26608 2.45042 2.65295 2.87544 3.11984 3.38825 3.68293 4.00633 4.36101 4.74942 
4.74942 4.36227 4.00838 3.68548 3.39109 3.12284 2.87848 2.65594 2.4533 2.26882 2.10087 1.94798 1.80881 1.68214 1.56683 1.46186 1.36631 1.2793 1.20008 1.12791 1.06214 1.00214 0.945694 0.889783 0.834488 0.779927 0.726227 0.673523 0.62195 0.571642 0.522736 0.475364 0.42966 0.385755 0.343786 0.303907 0.266335 0.230782 0.197405 0.16777 0.140381 0.115074 0.0919158 0.0709898 0.05239 0.0362232 0.022611 0.0117021 0.00371779 -0.00100266 -0.00385422 -0.00410691 -0.00146169 0.00418613 0.0128283 0.0241997 0.0391803 0.0575401 0.0791807 0.104014 0.131932 0.162805 0.19625 0.230514 0.266914 0.305356 0.346114 0.388934 0.433637 0.48006 0.528042 0.577423 0.628041 0.679734 0.73234 0.785694 0.839633 0.893997 0.948626 1.00338 1.06322 1.12887 1.20094 1.28009 1.36702 1.46251 1.56741 1.68266 1.80929 1.9484 2.10124 2.26914 2.45359 2.65618 2.87868 3.123 3.39122 3.68557 4.00844 4.3623 4.74942 
4.74942 4.36367 4.01068 3.68836 3.39433 3.12627 2.88199 2.65944 2.45673 2.27212 2.10401 1.95093 1.81155 1.68465 1.56911 1.4639 1.36809 1.28084 1.20135 1.12891 1.06286 1.00257 0.945828 0.88966 0.834137 0.779371 0.725486 0.672615 0.620893 0.570455 0.521436 0.473972 0.428196 0.384245 0.342259 0.3024 0.264901 0.2294 0.196065 0.166428 0.139029 0.113711 0.0905459 0.0696194 0.0510298 0.0348893 0.0213273 0.0105058 0.0026615 -0.00190614 -0.00471468 -0.00498011 -0.00237858 0.00320326 0.0117502 0.0229682 0.037837 0.0561201 0.0777074 0.102503 0.130393 0.161241 0.194664 0.228931 0.265312 0.30371 0.344477 0.387342 0.43212 0.478641 0.526743 0.576264 0.627041 0.67891 0.73171 0.785277 0.839448 0.894065 0.948971 1.00404 1.06416 1.13007 1.20239 1.28178 1.36895 1.46467 1.56981 1.68529 1.81212 1.95144 2.10446 2.27251 2.45707 2.65973 2.88223 3.12647 3.39448 3.68847 4.01075 4.3637 4.74942 
4.74942 4.36519 4.01319 3.69151 3.39787 3.13004 2.88585 2.66329 2.4605 2.27575 2.10746 1.95418 1.81457 1.68742 1.57162 1.46614 1.37006 1.28252 1.20275 1.13002 1.06366 1.00304 0.945969 0.889518 0.833743 0.77875 0.724661 0.671607 0.619721 0.569139 0.519998 0.472433 0.42658 0.382579 0.340576 0.300742 0.26332 0.227875 0.194584 0.164943 0.137532 0.112203 0.0890303 0.0681042 0.0495275 0.0334183 0.0199148 0.00919261 0.0014981 -0.00292454 -0.00568826 -0.00596615 -0.00341049 0.00210105 0.010547 0.0216092 0.0363572 0.0545557 0.0760839 0.100838 0.128697 0.159518 0.192916 0.227184 0.263546 0.301898 0.342671 0.385585 0.430442 0.47707 0.525303 0.574976 0.625926 0.67799 0.731003 0.784803 0.839229 0.894123 0.949336 1.00475 1.06519 1.13138 1.20398 1.28364 1.37107 1.46706 1.57245 1.68817 1.81524 1.95478 2.10799 2.27622 2.4609 2.66363 2.88613 3.13027 3.39805 3.69164 4.01327 4.36523 4.74942 
4.74942 4.36685 4.01593 3.69495 3.40176 3.13416 2.89008 2.66751 2.46464 2.27974 2.11126 1.95775 1.81789 1.69047 1.57438 1.46861 1.37222 1.28437 1.20428 1.13123 1.06453 1.00354 0.946117 0.889353 0.8333 0.778057 0.723743 0.670487 0.618421 0.567682 0.518406 0.470731 0.424795 0.380741 0.338722 0.298916 0.261576 0.226189 0.192943 0.163297 0.135874 0.110532 0.0873519 0.0664273 0.0478665 0.0317944 0.0183589 0.00774841 0.000211666 -0.00407474 -0.00679199 -0.00708183 -0.00457409 0.000862857 0.00920205 0.020107 0.0347252 0.0528308 0.0742936 0.0990009 0.126826 0.157617 0.190988 0.225256 0.261598 0.2999 0.340679 0.383643 0.428585 0.475329 0.523704 0.573544 0.624684 0.67696 0.730207 0.784264 0.838969 0.894168 0.949718 1.00552 1.0663 1.13282 1.20572 1.28568 1.37341 1.46968 1.57535 1.69135 1.81868 1.95845 2.11188 2.28029 2.46511 2.66791 2.89041 3.13444 3.40197 3.6951 4.01603 4.3669 4.74942 
4.74942 4.36866 4.01892 3.69872 3.40601 3.13869 2.89471 2.67215 2.46918 2.28412 2.11543 1.96167 1.82153 1.69382 1.57741 1.47131 1.3746 1.28641 1.20596 1.13255 1.06548 1.00409 0.946269 0.889161 0.832801 0.777282 0.72272 0.669241 0.616978 0.566065 0.516642 0.468847 0.422822 0.378712 0.336676 0.296902 0.259651 0.224325 0.191124 0.161472 0.134033 0.108678 0.0854906 0.0645691 0.046028 0.0299998 0.0166426 0.00615625 -0.0012168 -0.00537647 -0.0080458 -0.00834689 -0.00588887 -0.000530678 0.00769636 0.0184434 0.0329233 0.0509272 0.0723177 0.0969735 0.12476 0.155519 0.188859 0.223128 0.259448 0.297698 0.338481 0.381496 0.42653 0.473398 0.521928 0.57195 0.623298 0.675806 0.72931 0.783648 0.838661 0.894196 0.950117 1.00634 1.06751 1.13438 1.20763 1.28792 1.37597 1.47256 1.57854 1.69483 1.82245 1.96249 2.11615 2.28476 2.46973 2.67261 2.8951 3.139 3.40625 3.6989 4.01904 4.36872 4.74942 
4.74942 4.37063 4.02219 3.70283 3.41066 3.14364 2.8998 2.67723 2.47417 2.28894 2.12001 1.96598 1.82554 1.69749 1.58075 1.47429 1.3772 1.28864 1.20781 1.13399 1.06651 1.00468 0.946425 0.888935 0.832236 0.776413 0.721578 0.667854 0.615373 0.564271 0.514687 0.466762 0.420639 0.37647 0.334418 0.29468 0.257521 0.222259 0.189104 0.159444 0.131989 0.106619 0.0834236 0.0625072 0.0439903 0.0280137 0.014746 0.00439586 -0.00280996 -0.00685285 -0.0094731 -0.0097845 -0.00737772 -0.00210217 0.00600777 0.0165969 0.0309307 0.0488239 0.0701346 0.0947335 0.122478 0.1532 0.186507 0.220774 0.257073 0.295268 0.336053 0.379122 0.424253 0.471256 0.519954 0.570175 0.62175 0.674512 0.728298 0.782945 0.838295 0.8942 0.950529 1.00722 1.06882 1.13609 1.20971 1.29037 1.37878 1.47572 1.58204 1.69866 1.82659 1.96692 2.12084 2.28966 2.47479 2.67777 2.90024 3.144 3.41094 3.70304 4.02232 4.37069 4.74942 
4.74942 4.37276 4.02574 3.70732 3.41574 3.14906 2.90537 2.68281 2.47963 2.29422 2.12505 1.97072 1.82994 1.70153 1.58441 1.47756 1.38006 1.29108 1.20982 1.13557 1.06762 1.00531 0.946579 0.88867 0.831597 0.775438 0.720301 0.666307 0.613587 0.562278 0.512518 0.46445 0.418223 0.37399 0.331923 0.292225 0.255163 0.219967 0.186857 0.157186 0.129713 0.104327 0.0811248 0.0602159 0.0417285 0.0258122 0.0126458 0.00244281 -0.00459477 -0.00853109 -0.0111014 -0.011422 -0.00906754 -0.00387813 0.00411042 0.0145427 0.0287232 0.0464968 0.0677199 0.0922558 0.119953 0.150636 0.183906 0.21817 0.254446 0.292584 0.333369 0.376495 0.42173 0.468878 0.517758 0.568195 0.620018 0.673059 0.727153 0.782139 0.83786 0.894171 0.950951 1.00815 1.07023 1.13794 1.21198 1.29305 1.38185 1.47918 1.58588 1.70287 1.83114 1.97178 2.12599 2.29504 2.48035 2.68342 2.90587 3.14947 3.41606 3.70755 4.02589 4.37283 4.74942 
4.74942 4.37507 4.0296 3.71222 3.42129 3.15499 2.91146 2.68891 2.48563 2.30001 2.13056 1.97591 1.83477 1.70597 1.58842 1.48113 1.38319 1.29375 1.21202 1.13728 1.06883 1.00599 0.946728 0.888356 0.83087 0.774341 0.718871 0.66458 0.611598 0.56006 0.510108 0.461887 0.415546 0.371247 0.329165 0.28951 0.252546 0.217418 0.184353 0.154669 0.127175 0.101773 0.0785638 0.0576653 0.0392135 0.0233671 0.0103139 0.000267632 -0.00660336 -0.0104432 -0.0129633 -0.0132915 -0.0109901 -0.00588973 0.00197399 0.0122513 0.0262726 0.0439177 0.0650452 0.0895116 0.117157 0.147796 0.181026 0.215286 0.251538 0.289618 0.330401 0.373585 0.41893 0.466235 0.515312 0.565984 0.618078 0.671424 0.725857 0.781215 0.837344 0.894102 0.951376 1.00913 1.07174 1.13994 1.21446 1.29597 1.38522 1.48298 1.59009 1.70748 1.83612 1.97712 2.13163 2.30095 2.48644 2.6896 2.91204 3.15545 3.42165 3.71248 4.02977 4.37515 4.74942 
4.74942 4.37757 4.0338 3.71754 3.42734 3.16146 2.91813 2.69559 2.49219 2.30636 2.13661 1.9816 1.84006 1.71082 1.59282 1.48505 1.38662 1.29666 1.21441 1.13913 1.07012 1.0067 0.946865 0.887983 0.830042 0.773104 0.717268 0.662649 0.609378 0.557591 0.507429 0.45904 0.412578 0.368207 0.32611 0.286501 0.249639 0.214579 0.181556 0.151858 0.12434 0.0989202 0.0757053 0.0548209 0.0364115 0.0206452 0.00771693 -0.00216526 -0.0088739 -0.0126272 -0.0150971 -0.0154312 -0.0131829 -0.00817376 -0.000437235 0.00968788 0.0235455 0.0410538 0.0620775 0.0864677 0.114056 0.144648 0.177834 0.212087 0.248315 0.286334 0.327115 0.370359 0.415822 0.463294 0.512585 0.563513 0.615903 0.669583 0.724386 0.780153 0.83673 0.89398 0.951799 1.01016 1.07335 1.14211 1.21714 1.29916 1.3889 1.48713 1.5947 1.71253 1.84159 1.98296 2.13782 2.30741 2.49311 2.69637 2.91877 3.16198 3.42774 3.71784 4.03399 4.37766 4.74942 
4.74942 4.38027 4.03835 3.72334 3.43393 3.16852 2.92541 2.7029 2.49938 2.3133 2.14324 1.98784 1.84586 1.71614 1.59763 1.48934 1.39035 1.29984 1.21701 1.14113 1.07151 1.00744 0.946982 0.887539 0.829095 0.771706 0.715466 0.660487 0.606899 0.554838 0.504446 0.455875 0.409282 0.364835 0.322723 0.283161 0.246402 0.211409 0.178426 0.148709 0.121167 0.0957275 0.0725081 0.051642 0.0332826 0.0176069 0.00481436 -0.00489886 -0.0114518 -0.0151279 -0.0175482 -0.0178864 -0.0156904 -0.0107738 -0.0031655 0.00681125 0.0205024 0.0378666 0.0587786 0.0830857 0.110612 0.141151 0.174291 0.208535 0.244737 0.282695 0.323473 0.36678 0.412367 0.460019 0.509542 0.560748 0.61346 0.667505 0.722715 0.77893 0.835999 0.89379 0.952208 1.01123 1.07507 1.14444 1.22005 1.30263 1.3929 1.49166 1.59974 1.71805 1.84757 1.98937 2.14459 2.31449 2.5004 2.70377 2.92613 3.16911 3.43439 3.72366 4.03856 4.38037 4.74942 
4.74942 4.38319 4.04328 3.72963 3.44111 3.17622 2.93335 2.71088 2.50722 2.3209 2.15048 1.99466 1.8522 1.72196 1.60289 1.49401 1.39443 1.30329 1.21982 1.14329 1.07298 1.00821 0.947067 0.887006 0.828009 0.770123 0.713436 0.658061 0.604125 0.551763 0.501121 0.452352 0.405617 0.361089 0.318959 0.279445 0.242788 0.207862 0.174915 0.145177 0.117606 0.0921465 0.068924 0.0480809 0.0297796 0.0142049 0.00155735 -0.00798506 -0.0143912 -0.017999 -0.0203707 -0.0207108 -0.0185657 -0.0137415 -0.006261 0.00357236 0.0170962 0.0343104 0.0551031 0.0793202 0.106778 0.137261 0.17035 0.204583 0.240759 0.278656 0.319431 0.362803 0.408522 0.456368 0.50614 0.557649 0.610713 0.665157 0.720812 0.777518 0.835129 0.893515 0.95259 1.01235 1.07689 1.14693 1.22319 1.30639 1.39726 1.4966 1.60524 1.72409 1.85411 1.99637 2.15199 2.32222 2.50837 2.71184 2.93415 3.17687 3.44161 3.72999 4.04351 4.38329 4.74942 
4.74942 4.38632 4.0486 3.73644 3.4489 3.18459 2.942 2.71958 2.51579 2.32919 2.1584 2.00211 1.85912 1.72831 1.60863 1.49911 1.39885 1.30703 1.22286 1.14559 1.07454 1.00901 0.947106 0.886366 0.826758 0.768324 0.711146 0.655334 0.601014 0.548324 0.497408 0.448424 0.401535 0.356919 0.31477 0.275302 0.238745 0.203881 0.170967 0.141202 0.1136 0.0881198 0.0648962 0.0440811 0.0258461 0.0103821 -0.00211342 -0.0114864 -0.0177563 -0.0213042 -0.0236288 -0.0239684 -0.0218719 -0.0171386 -0.00978358 -8.73388e-05 0.0132708 0.0303307 0.0509976 0.0751183 0.102502 0.132924 0.16596 0.20018 0.236329 0.274165 0.314938 0.358379 0.404238 0.452292 0.502334 0.554171 0.607618 0.662498 0.718641 0.775887 0.834092 0.893132 0.952928 1.01348 1.0788 1.14959 1.22657 1.31045 1.402 1.50198 1.61124 1.73068 1.86125 2.00401 2.16008 2.33066 2.51706 2.72065 2.9429 3.18531 3.44946 3.73685 4.04885 4.38643 4.74942 
4.74942 4.38967 4.05433 3.74382 3.45735 3.19369 2.95142 2.72905 2.52513 2.33824 2.16704 2.01024 1.86668 1.73523 1.61488 1.50465 1.40366 1.31107 1.22612 1.14806 1.07618 1.0098 0.94708 0.885594 0.825313 0.766274 0.708555 0.652262 0.597521 0.544469 0.493255 0.444035 0.39698 0.352268 0.310094 0.270669 0.234208 0.199401 0.166514 0.136719 0.109083 0.0835802 0.0603573 0.0395754 0.0214145 0.00606942 -0.00626992 -0.0154783 -0.0216239 -0.0251197 -0.0273992 -0.0277358 -0.0256843 -0.0210389 -0.0138049 -0.004238 0.0089585 0.0258624 0.0463984 0.070417 0.0977225 0.12808 0.161059 0.195264 0.231385 0.269162 0.309935 0.353449 0.399458 0.447734 0.498068 0.550261 0.604125 0.659482 0.716159 0.773998 0.832855 0.892614 0.953202 1.01462 1.0808 1.15242 1.23018 1.31484 1.40712 1.50782 1.61776 1.73785 1.86903 2.01235 2.16889 2.33987 2.52654 2.73024 2.95241 3.19449 3.45796 3.74426 4.05461 4.3898 4.74942 
4.74942 4.39327 4.0605 3.75178 3.46649 3.20356 2.96164 2.73936 2.5353 2.3481 2.17644 2.0191 1.87491 1.74277 1.62167 1.51066 1.40885 1.31543 1.22962 1.15067 1.07789 1.01058 0.946963 0.884658 0.823637 0.763931 0.705615 0.648793 0.593589 0.540141 0.488599 0.439123 0.391885 0.347067 0.304862 0.265475 0.229102 0.194347 0.161479 0.131649 0.103973 0.0784474 0.0552269 0.0344831 0.0164032 0.00118303 -0.0109995 -0.0200515 -0.0260859 -0.0295371 -0.0317736 -0.0321044 -0.0300933 -0.0255307 -0.018411 -0.0089639 0.00407796 0.0208269 0.0412292 0.0651413 0.0923637 0.122653 0.155574 0.189761 0.225856 0.263576 0.304353 0.347946 0.394114 0.442629 0.493278 0.545857 0.600177 0.656054 0.713316 0.771805 0.83138 0.891927 0.953382 1.01575 1.08287 1.15539 1.23404 1.31955 1.41265 1.51414 1.62484 1.74565 1.8775 2.02142 2.17849 2.34989 2.53685 2.74067 2.96273 3.20443 3.46717 3.75226 4.06081 4.39341 4.74942 
4.74942 4.3971 4.06712 3.76035 3.47637 3.21423 2.97273 2.75054 2.54634 2.35881 2.18667 2.02873 1.88385 1.75094 1.62903 1.51716 1.41446 1.32011 1.23334 1.15342 1.07964 1.01133 0.946725 0.88352 0.821684 0.761243 0.70227 0.644865 0.589151 0.535268 0.483368 0.433612 0.386173 0.341235 0.29899 0.259631 0.223338 0.188625 0.155769 0.125895 0.098177 0.0726258 0.0494089 0.0287071 0.0107132 -0.00437917 -0.0164083 -0.0253152 -0.0312522 -0.034666 -0.0368619 -0.0371838 -0.0352073 -0.0307203 -0.0237056 -0.0143666 -0.00146923 0.0151294 0.0353979 0.0592011 0.0863377 0.116556 0.149417 0.183588 0.219657 0.257324 0.298109 0.341788 0.388128 0.436901 0.487889 0.540889 0.595704 0.652149 0.710052 0.769254 0.829616 0.89103 0.953434 1.01683 1.08498 1.15852 1.23814 1.32459 1.4186 1.52097 1.63251 1.7541 1.88669 2.03128 2.18892 2.36078 2.54804 2.75199 2.97392 3.2152 3.47711 3.76088 4.06746 4.39726 4.74942 
4.74942 4.40118 4.0742 3.76955 3.48701 3.22576 2.98472 2.76266 2.55831 2.37042 2.19777 2.03918 1.89354 1.7598 1.63698 1.52416 1.42048 1.32511 1.23729 1.15629 1.08142 1.012 0.946324 0.882134 0.819401 0.75815 0.698452 0.640404 0.58413 0.52977 0.477475 0.42741 0.37975 0.334677 0.292377 0.253034 0.216809 0.182126 0.149271 0.119347 0.0915802 0.0660007 0.0427874 0.0221296 0.00422397 -0.0107415 -0.0226249 -0.031401 -0.0372549 -0.0406384 -0.0427964 -0.0431061 -0.041157 -0.0367358 -0.029814 -0.0205689 -0.00780231 0.00865462 0.0287929 0.0524877 0.0795378 0.109685 0.142486 0.176641 0.212687 0.250306 0.291107 0.334883 0.381408 0.430459 0.481815 0.53527 0.590625 0.647692 0.706297 0.766281 0.827508 0.889872 0.953315 1.01784 1.08712 1.16176 1.24246 1.32995 1.42498 1.52831 1.64078 1.76325 1.89665 2.04196 2.20023 2.37258 2.56017 2.76424 2.98603 3.22681 3.48782 3.77013 4.07457 4.40135 4.74942 
4.74942 4.4055 4.08175 3.77941 3.49844 3.23818 2.99766 2.77575 2.57126 2.383 2.20978 2.05048 1.90401 1.76936 1.64556 1.53169 1.42692 1.33042 1.24144 1.15926 1.08319 1.01256 0.945711 0.880439 0.81672 0.754578 0.69408 0.635324 0.578433 0.523546 0.470817 0.420412 0.372505 0.327275 0.284904 0.24556 0.209386 0.17472 0.141854 0.11187 0.0840462 0.0584338 0.035222 0.0146077 -0.00321126 -0.0180556 -0.0298054 -0.0384675 -0.0442532 -0.0476136 -0.0497362 -0.0500299 -0.0480995 -0.0437321 -0.036888 -0.0277196 -0.0150662 0.00126247 0.0212787 0.0448693 0.0718351 0.101913 0.134658 0.1688 0.204828 0.242406 0.283233 0.327117 0.373845 0.423196 0.474952 0.528902 0.584846 0.642592 0.701966 0.762808 0.824983 0.888389 0.952969 1.01873 1.08924 1.1651 1.24699 1.33564 1.43178 1.53619 1.64968 1.77311 1.9074 2.05351 2.21246 2.38534 2.57329 2.77747 2.99908 3.23932 3.49932 3.78004 4.08215 4.40568 4.74942 
4.74942 4.41007 4.08978 3.78993 3.51068 3.25151 3.01158 2.78985 2.58523 2.39656 2.22274 2.06267 1.91531 1.77965 1.65476 1.53975 1.43377 1.33603 1.24578 1.1623 1.08491 1.01296 0.944821 0.878363 0.813559 0.750435 0.689056 0.629519 0.571946 0.516479 0.46327 0.412487 0.364302 0.318891 0.276424 0.237058 0.200917 0.166249 0.133357 0.103299 0.0754101 0.0497576 0.0265422 0.00596678 -0.0117719 -0.0265061 -0.0381389 -0.0467063 -0.0524391 -0.0557838 -0.0578736 -0.0581472 -0.0562253 -0.0518968 -0.0451117 -0.0359994 -0.0234373 -0.00721821 0.0126894 0.0361851 0.0630732 0.0930873 0.125781 0.159916 0.195934 0.233482 0.274347 0.318356 0.365307 0.414986 0.467176 0.521666 0.578252 0.636742 0.696958 0.758741 0.821957 0.886505 0.952329 1.01943 1.09129 1.16849 1.25169 1.34162 1.439 1.54459 1.65922 1.78371 1.91898 2.06596 2.22565 2.39911 2.58742 2.79172 3.01312 3.25275 3.51164 3.79062 4.09021 4.41027 4.74942 
4.74942 4.41487 4.09827 3.80113 3.52375 3.26578 3.02651 2.805 2.60024 2.41116 2.23669 2.07579 1.92744 1.79069 1.66461 1.54833 1.44102 1.34191 1.25025 1.16534 1.08651 1.01311 0.943573 0.875814 0.809818 0.745612 0.68326 0.622861 0.564536 0.508426 0.454685 0.40348 0.35498 0.309354 0.266764 0.227349 0.191217 0.156525 0.123586 0.0934401 0.0654717 0.0397682 0.0165397 -0.0040065 -0.0216772 -0.036318 -0.0478552 -0.0563495 -0.0620453 -0.065382 -0.0674415 -0.0676901 -0.0657649 -0.0614577 -0.0547094 -0.0456287 -0.0331309 -0.0169968 0.00282227 0.0262383 0.0530607 0.0830216 0.115674 0.149813 0.185832 0.223364 0.264284 0.308438 0.355638 0.405677 0.458341 0.51342 0.570708 0.630012 0.691151 0.753967 0.818325 0.884125 0.95131 1.01987 1.09321 1.17188 1.25653 1.34787 1.44661 1.55352 1.66939 1.79506 1.9314 2.07933 2.23983 2.41391 2.60262 2.80702 3.02818 3.26712 3.52478 3.80187 4.09874 4.41509 4.74942 
4.74942 4.41991 4.10724 3.81299 3.53765 3.28101 3.04247 2.82122 2.61633 2.42681 2.25164 2.08983 1.94042 1.80246 1.67507 1.5574 1.44864 1.34802 1.25482 1.16834 1.08792 1.01294 0.941866 0.872681 0.805373 0.739973 0.676548 0.615195 0.556037 0.499214 0.444881 0.393202 0.344341 0.298461 0.255711 0.216214 0.18006 0.145317 0.112308 0.082053 0.0539874 0.0282168 0.00495986 -0.0155734 -0.0331953 -0.0477661 -0.0592333 -0.0676783 -0.073354 -0.0766909 -0.0787226 -0.0789406 -0.0769985 -0.0726919 -0.0659544 -0.0568762 -0.0444104 -0.0283298 -0.00857188 0.0147872 0.0415631 0.0714877 0.104116 0.138274 0.17431 0.211846 0.252844 0.297169 0.344648 0.395084 0.44827 0.503994 0.562051 0.622247 0.6844 0.748349 0.813961 0.881133 0.949807 1.01997 1.09492 1.1752 1.26144 1.35433 1.45459 1.56295 1.68019 1.80715 1.94467 2.09364 2.25502 2.42977 2.61889 2.82339 3.04426 3.28245 3.53876 3.81378 4.10773 4.42015 4.74942 
4.74942 4.42518 4.11664 3.82551 3.55237 3.29717 3.05946 2.83852 2.63351 2.44351 2.2676 2.10481 1.95424 1.81497 1.68615 1.56695 1.45658 1.35431 1.2594 1.17119 1.08903 1.01232 0.939573 0.868822 0.800071 0.733355 0.668743 0.606334 0.546251 0.488635 0.433638 0.381421 0.332145 0.285962 0.243006 0.203388 0.167175 0.132348 0.0992382 0.0688466 0.0406593 0.0147985 -0.00850976 -0.0290545 -0.0466547 -0.0611853 -0.0726129 -0.0810349 -0.0867086 -0.0900545 -0.0920606 -0.0922417 -0.0902671 -0.0859373 -0.0791803 -0.0700707 -0.0575983 -0.0415322 -0.0217994 0.00153461 0.0282919 0.0582055 0.0908327 0.125033 0.161111 0.198675 0.23978 0.28431 0.332107 0.382987 0.436747 0.493181 0.552084 0.61326 0.676527 0.741722 0.808709 0.877386 0.947689 1.01959 1.09631 1.17836 1.26635 1.36096 1.46287 1.57283 1.69159 1.81996 1.95877 2.10889 2.27122 2.44669 2.63624 2.84084 3.06138 3.29872 3.55355 3.82635 4.11718 4.42542 4.74942 
4.74942 4.43064 4.12648 3.83865 3.56789 3.31427 3.07746 2.85687 2.65175 2.46127 2.28455 2.12071 1.96887 1.82817 1.69778 1.5769 1.46478 1.36068 1.2639 1.17379 1.08973 1.01113 0.936536 0.864066 0.793725 0.725554 0.659628 0.596047 0.534934 0.47643 0.420686 0.367858 0.3181 0.271552 0.228337 0.188545 0.15223 0.117276 0.0840272 0.0534641 0.025122 -0.000861056 -0.024253 -0.0448429 -0.0624573 -0.0769849 -0.0884083 -0.0968365 -0.102528 -0.105892 -0.107875 -0.108012 -0.105987 -0.101607 -0.0947957 -0.0856149 -0.0730906 -0.0569916 -0.0372379 -0.0138865 0.0128907 0.0428291 0.0754896 0.109765 0.145917 0.183543 0.224793 0.269571 0.317735 0.369113 0.423512 0.480731 0.540567 0.602823 0.667316 0.733881 0.802381 0.872709 0.944795 1.0186 1.09726 1.18124 1.27115 1.36764 1.47139 1.58311 1.70354 1.83347 1.97369 2.12505 2.28841 2.46465 2.65467 2.85934 3.07951 3.31591 3.56914 3.83955 4.12704 4.4309 4.74942 
4.74942 4.43629 4.13669 3.85237 3.58416 3.33225 3.09644 2.87625 2.67103 2.48004 2.30246 2.13748 1.98427 1.842 1.70989 1.58718 1.47312 1.36702 1.26819 1.176 1.08985 1.00916 0.932556 0.858195 0.7861 0.716321 0.648937 0.58405 0.521787 0.462286 0.405696 0.352167 0.301845 0.254859 0.211316 0.171291 0.134817 0.0996851 0.0662477 0.0354672 0.00692615 -0.0192227 -0.042742 -0.0634221 -0.0810966 -0.0956661 -0.107126 -0.115593 -0.121324 -0.124718 -0.12668 -0.126764 -0.124669 -0.120208 -0.113302 -0.104004 -0.091374 -0.075185 -0.0553533 -0.0319296 -0.00508067 0.0249312 0.0576715 0.0920662 0.128336 0.16607 0.207515 0.252595 0.301186 0.35313 0.408247 0.466339 0.527208 0.590658 0.656504 0.72458 0.794744 0.866885 0.940925 1.01682 1.09759 1.18369 1.27571 1.37428 1.48004 1.59369 1.71596 1.84759 1.98935 2.14207 2.30654 2.48362 2.67413 2.87887 3.09861 3.33399 3.58549 3.85332 4.13729 4.43657 4.74942 
4.74942 4.4421 4.14725 3.86662 3.60111 3.35105 3.11633 2.89659 2.69129 2.49976 2.32126 2.15505 2.00034 1.85637 1.72239 1.59767 1.48149 1.37318 1.2721 1.17763 1.08918 1.00621 0.927389 0.850944 0.776911 0.705349 0.636342 0.569998 0.506443 0.445816 0.388262 0.333925 0.282941 0.235426 0.191473 0.151137 0.114438 0.0790619 0.0453734 0.0143159 -0.0144823 -0.0408545 -0.0645589 -0.0853868 -0.103178 -0.117844 -0.129387 -0.13793 -0.143725 -0.147161 -0.149104 -0.149126 -0.146938 -0.142361 -0.135315 -0.125846 -0.113048 -0.0967011 -0.0767212 -0.0531559 -0.0261681 0.00398189 0.0368643 0.0714379 0.107885 0.145785 0.187489 0.23294 0.282035 0.334631 0.390558 0.449629 0.511649 0.576424 0.643768 0.713513 0.785513 0.859648 0.935832 1.01401 1.09709 1.18552 1.27986 1.3807 1.48868 1.60446 1.72873 1.86223 2.00569 2.15987 2.32556 2.50353 2.69455 2.89936 3.11862 3.35288 3.60252 3.86762 4.14788 4.44239 4.74942 
4.74942 4.44803 4.1581 3.88133 3.61868 3.37058 3.13704 2.91781 2.71243 2.52032 2.34085 2.17331 2.01698 1.87116 1.73513 1.6082 1.4897 1.37897 1.27542 1.17843 1.08746 1.00199 0.920726 0.841982 0.765802 0.692257 0.621439 0.553461 0.488449 0.426544 0.367885 0.31261 0.260844 0.21269 0.168224 0.127486 0.0904763 0.0547739 0.0207542 -0.0106573 -0.0397882 -0.0664583 -0.0904218 -0.11147 -0.129449 -0.144274 -0.155956 -0.164617 -0.170504 -0.173997 -0.175924 -0.175872 -0.173566 -0.168833 -0.161595 -0.151893 -0.138854 -0.122268 -0.102054 -0.0782611 -0.051049 -0.0206771 0.012429 0.0472603 0.0839624 0.122106 0.164151 0.210062 0.259757 0.313109 0.369962 0.430138 0.493449 0.559702 0.628711 0.700306 0.774334 0.850669 0.92921 1.00989 1.09551 1.1865 1.28338 1.38671 1.49712 1.61523 1.74172 1.87725 2.02256 2.17834 2.34534 2.52427 2.71584 2.9207 3.13944 3.3725 3.62015 3.88238 4.15876 4.44834 4.74942 
4.74942 4.45405 4.16916 3.89639 3.63674 3.39072 3.15844 2.93975 2.7343 2.5416 2.36107 2.19209 2.03401 1.88617 1.74791 1.61856 1.49751 1.38414 1.27786 1.17812 1.08437 0.996139 0.912187 0.830898 0.752333 0.676576 0.603729 0.533909 0.467248 0.403882 0.343949 0.287578 0.234883 0.185953 0.14085 0.0995941 0.0621697 0.0260377 -0.00841454 -0.0402789 -0.0698396 -0.0969033 -0.121219 -0.142579 -0.160829 -0.17589 -0.187775 -0.196604 -0.202616 -0.206183 -0.208097 -0.207959 -0.205506 -0.200571 -0.193081 -0.183073 -0.169708 -0.152786 -0.132237 -0.108109 -0.0805654 -0.0498649 -0.0164298 0.0187612 0.0558184 0.0943038 0.136796 0.183282 0.233697 0.287936 0.345857 0.407293 0.472061 0.539973 0.610844 0.684497 0.760774 0.83954 0.920679 1.0041 1.09253 1.18632 1.28598 1.39206 1.50514 1.62581 1.75471 1.89248 2.03979 2.19732 2.36574 2.5457 2.73785 2.94277 3.16094 3.39272 3.63827 3.89748 4.16985 4.45438 4.74942 
4.74942 4.46012 4.18036 3.91169 3.65516 3.41131 3.18037 2.96226 2.75673 2.56338 2.38172 2.21119 2.05122 1.90118 1.76047 1.62849 1.50465 1.38837 1.2791 1.17631 1.07951 0.988226 0.901299 0.817183 0.735959 0.657725 0.582592 0.510688 0.442145 0.377101 0.315688 0.258029 0.204226 0.154354 0.108458 0.0665424 0.0285723 -0.00811926 -0.0431327 -0.0755755 -0.10569 -0.133268 -0.158054 -0.179835 -0.19846 -0.213849 -0.226013 -0.235068 -0.241245 -0.244907 -0.246812 -0.246574 -0.24394 -0.238752 -0.230939 -0.220541 -0.206748 -0.189377 -0.168368 -0.143775 -0.115766 -0.0846029 -0.050705 -0.0150231 0.0225181 0.0614724 0.104547 0.151751 0.203042 0.258332 0.317497 0.38038 0.446808 0.516596 0.589557 0.665512 0.744295 0.825757 0.909771 0.996227 1.08772 1.1846 1.28733 1.39643 1.51243 1.6359 1.76744 1.90766 2.05716 2.21658 2.38654 2.56762 2.7604 2.96538 3.18295 3.41338 3.65674 3.91283 4.18107 4.46046 4.74942 
4.74942 4.46619 4.1916 3.92711 3.67377 3.43217 3.20261 2.9851 2.77948 2.58543 2.40255 2.23034 2.0683 1.91587 1.7725 1.63764 1.51073 1.39125 1.27868 1.17254 1.07236 0.977705 0.887474 0.800207 0.716004 0.634981 0.557263 0.482983 0.412282 0.345296 0.282155 0.222972 0.167839 0.116819 0.0699382 0.0271849 -0.0114942 -0.0489087 -0.0846457 -0.117826 -0.14865 -0.176895 -0.202296 -0.224638 -0.243763 -0.259589 -0.272124 -0.281475 -0.287866 -0.291648 -0.29355 -0.293196 -0.290342 -0.284839 -0.276623 -0.265733 -0.251392 -0.233436 -0.211817 -0.186602 -0.157962 -0.126168 -0.091638 -0.0552988 -0.0171092 0.0224754 0.0663052 0.114411 0.166772 0.22332 0.283948 0.348511 0.416846 0.48877 0.564097 0.642642 0.72423 0.808698 0.895902 0.985711 1.0806 1.18088 1.28699 1.3994 1.51861 1.64516 1.7796 1.92248 2.07437 2.23585 2.40748 2.58978 2.78325 2.9883 3.20526 3.4343 3.6754 3.92828 4.19233 4.46654 4.74942 
4.74942 4.47221 4.20277 3.94249 3.69238 3.45307 3.22491 3.008 2.80225 2.60744 2.42322 2.24919 2.0849 1.92986 1.78358 1.64556 1.51529 1.39229 1.27609 1.16623 1.06231 0.963899 0.869984 0.779186 0.69163 0.60745 0.526787 0.449785 0.37659 0.307341 0.242164 0.181168 0.124433 0.0720072 0.0239027 -0.0199102 -0.0595028 -0.0978459 -0.134511 -0.168631 -0.200362 -0.229464 -0.255663 -0.278734 -0.298513 -0.314911 -0.327928 -0.337662 -0.344325 -0.348261 -0.350168 -0.349678 -0.34656 -0.34067 -0.331952 -0.320449 -0.305418 -0.286712 -0.264302 -0.238268 -0.208795 -0.17616 -0.140786 -0.103579 -0.0645331 -0.0241137 0.0206898 0.0699301 0.123608 0.181676 0.244041 0.310575 0.38112 0.455498 0.533523 0.615002 0.699749 0.787587 0.878349 0.971884 1.07054 1.17458 1.28441 1.40047 1.52322 1.65315 1.79075 1.93655 2.09106 2.25478 2.42823 2.61186 2.80609 3.01126 3.22761 3.45524 3.69404 3.94368 4.20352 4.47257 4.74942 
4.74942 4.47811 4.21376 3.95765 3.71076 3.47374 3.24697 3.03063 2.82469 2.62901 2.44333 2.2673 2.10056 1.94267 1.7932 1.65171 1.51774 1.39085 1.27063 1.15666 1.04856 0.94597 0.847926 0.753152 0.661798 0.57402 0.489979 0.409832 0.333733 0.261827 0.194238 0.131068 0.0723895 0.0182382 -0.0313898 -0.0765408 -0.117304 -0.156835 -0.194687 -0.230001 -0.262887 -0.293086 -0.32031 -0.344321 -0.364945 -0.382081 -0.395717 -0.405941 -0.412952 -0.417083 -0.419005 -0.418359 -0.414921 -0.408558 -0.399219 -0.386958 -0.371061 -0.351405 -0.327982 -0.300891 -0.270331 -0.236594 -0.200111 -0.161771 -0.121605 -0.080092 -0.0340372 0.0166332 0.0719413 0.131858 0.196308 0.265175 0.338308 0.415534 0.496661 0.581491 0.669823 0.761461 0.856218 0.953914 1.05676 1.16498 1.27894 1.39903 1.52567 1.65931 1.80039 1.94939 2.10675 2.27293 2.44837 2.63346 2.82856 3.03392 3.2497 3.47593 3.71244 3.95886 4.21452 4.47847 4.74942 
4.74942 4.48383 4.22443 3.97241 3.72867 3.49388 3.26845 3.0526 2.84637 2.6497 2.46238 2.28417 2.11473 1.95371 1.80074 1.65542 1.51737 1.38618 1.2615 1.14294 1.03018 0.922884 0.820184 0.7209 0.625213 0.533305 0.445359 0.36155 0.282043 0.206989 0.136516 0.0707232 0.00967401 -0.0466063 -0.0981355 -0.144976 -0.187234 -0.22828 -0.267648 -0.304478 -0.338834 -0.370434 -0.398969 -0.424185 -0.445892 -0.463973 -0.478402 -0.489251 -0.496705 -0.501086 -0.503038 -0.50221 -0.498386 -0.491442 -0.481339 -0.468138 -0.451158 -0.430305 -0.405594 -0.377148 -0.345188 -0.310022 -0.272096 -0.232288 -0.190668 -0.147734 -0.100076 -0.0475991 0.00973724 0.0719226 0.138896 0.210553 0.286748 0.36731 0.45204 0.540731 0.633165 0.729125 0.828396 0.930769 1.03831 1.15119 1.26973 1.39429 1.52524 1.66298 1.80789 1.96039 2.12089 2.28977 2.46742 2.65414 2.85023 3.05588 3.27117 3.49607 3.73036 3.97362 4.2252 4.4842 4.74942 
4.74942 4.4893 4.23465 3.98654 3.74583 3.51315 3.28894 3.07346 2.86681 2.66897 2.47982 2.29916 2.12675 1.96228 1.80544 1.65589 1.51331 1.37734 1.24767 1.12398 1.00597 0.893361 0.785374 0.680937 0.580267 0.483577 0.391076 0.302962 0.219418 0.140604 0.0666545 -0.00233095 -0.0662924 -0.125213 -0.179124 -0.2281 -0.272265 -0.315245 -0.356545 -0.395304 -0.431533 -0.464918 -0.495129 -0.521886 -0.544979 -0.56427 -0.579712 -0.591358 -0.599378 -0.604081 -0.606085 -0.605044 -0.600752 -0.593094 -0.582044 -0.567675 -0.549342 -0.526981 -0.500638 -0.470463 -0.436706 -0.399698 -0.359907 -0.318205 -0.274709 -0.229936 -0.180225 -0.125462 -0.0655888 -0.000599325 0.0694578 0.144485 0.224343 0.308854 0.397814 0.490999 0.588171 0.689087 0.793502 0.901172 1.014 1.13211 1.25579 1.38533 1.52107 1.66333 1.81248 1.96886 2.13282 2.30469 2.48478 2.67335 2.87062 3.0767 3.29164 3.51532 3.7475 3.98775 4.23542 4.48967 4.74942 
4.74942 4.49445 4.24427 3.99984 3.76194 3.53118 3.30802 3.09271 2.88543 2.68619 2.49495 2.31156 2.13582 1.96752 1.80638 1.65214 1.5045 1.36318 1.22792 1.09843 0.97448 0.855825 0.741783 0.631406 0.524952 0.422671 0.324804 0.231579 0.143201 0.0598492 -0.0183315 -0.0912355 -0.158803 -0.221021 -0.277928 -0.329615 -0.376216 -0.421666 -0.465437 -0.506656 -0.545274 -0.580943 -0.613298 -0.64203 -0.666899 -0.68774 -0.704481 -0.717151 -0.725898 -0.731018 -0.733103 -0.731812 -0.726947 -0.718406 -0.706176 -0.690347 -0.670314 -0.646049 -0.617633 -0.585254 -0.549194 -0.509818 -0.467621 -0.423481 -0.377565 -0.330419 -0.278078 -0.220411 -0.157345 -0.0888614 -0.0150007 0.0641435 0.148429 0.237672 0.331652 0.430126 0.53283 0.639489 0.749822 0.863545 0.982391 1.10642 1.23587 1.371 1.51208 1.6594 1.81325 1.97394 2.14174 2.31694 2.49978 2.69047 2.88914 3.09588 3.31065 3.53331 3.76358 4.00102 4.24503 4.49482 4.74942 
4.74942 4.49921 4.25314 4.01206 3.77669 3.54759 3.3252 3.10982 2.90163 2.7007 2.50702 2.32052 2.14105 1.96845 1.80251 1.64299 1.48968 1.34234 1.20074 1.06467 0.933931 0.808328 0.687287 0.569995 0.456755 0.347863 0.243603 0.144239 0.0500093 -0.0388819 -0.122269 -0.200033 -0.272106 -0.338475 -0.399182 -0.454324 -0.504051 -0.552671 -0.599614 -0.643986 -0.685672 -0.724273 -0.759385 -0.790659 -0.817814 -0.840653 -0.859068 -0.87306 -0.882751 -0.888416 -0.890622 -0.889033 -0.88346 -0.873815 -0.860103 -0.842434 -0.820251 -0.793567 -0.762509 -0.727308 -0.688289 -0.645862 -0.600559 -0.553273 -0.504231 -0.454018 -0.398296 -0.33692 -0.269807 -0.19693 -0.118329 -0.0341004 0.0556049 0.150586 0.250602 0.355379 0.464619 0.578008 0.695222 0.815931 0.941678 1.07246 1.20847 1.34991 1.497 1.64999 1.80912 1.97462 2.14674 2.32569 2.51166 2.7048 2.90519 3.11286 3.32773 3.54963 3.77827 4.01321 4.25388 4.49957 4.74942 
4.74942 4.50351 4.26112 4.02299 3.78977 3.56197 3.34002 3.1242 2.91473 2.71171 2.51518 2.3251 2.14139 1.96392 1.79254 1.62707 1.46734 1.31315 1.16433 1.02071 0.882131 0.748465 0.619245 0.493806 0.37251 0.255706 0.14373 0.0368961 -0.0645134 -0.160254 -0.250129 -0.333994 -0.411763 -0.483412 -0.548981 -0.608569 -0.662335 -0.715052 -0.766099 -0.814547 -0.860198 -0.902596 -0.941279 -0.975846 -1.00597 -1.0314 -1.05199 -1.06771 -1.07863 -1.08502 -1.0874 -1.08546 -1.079 -1.06796 -1.05236 -1.03235 -1.00742 -0.977633 -0.943179 -0.90434 -0.861498 -0.815119 -0.765783 -0.714415 -0.661314 -0.607117 -0.54702 -0.48087 -0.408577 -0.330118 -0.245539 -0.154948 -0.0585202 0.0435173 0.150888 0.263279 0.380345 0.501723 0.627038 0.755906 0.889657 1.02822 1.17174 1.32038 1.47431 1.63372 1.79881 1.96975 2.14676 2.32997 2.51955 2.71557 2.91808 3.12706 3.34239 3.5639 3.79126 4.02407 4.26182 4.50385 4.74942 
4.74942 4.50727 4.26805 4.0324 3.80087 3.57393 3.35196 3.13525 2.92403 2.71842 2.51849 2.32425 2.13565 1.95261 1.77502 1.60276 1.43567 1.27362 1.11646 0.96409 0.816382 0.673247 0.534349 0.399191 0.268198 0.141787 0.0203621 -0.0956987 -0.206051 -0.310392 -0.408476 -0.500115 -0.585189 -0.66365 -0.735522 -0.8009 -0.859943 -0.918017 -0.974431 -1.02821 -1.07904 -1.12641 -1.16976 -1.20864 -1.24265 -1.27148 -1.29493 -1.31291 -1.32546 -1.33282 -1.33546 -1.33307 -1.32549 -1.31266 -1.29465 -1.27161 -1.24313 -1.20933 -1.17047 -1.12689 -1.07906 -1.02751 -0.972894 -0.916176 -0.857753 -0.79833 -0.73251 -0.66014 -0.581135 -0.495484 -0.403254 -0.304585 -0.199689 -0.0888392 0.0276354 0.149363 0.27594 0.40694 0.541922 0.680443 0.823593 0.971237 1.12347 1.28041 1.44219 1.60894 1.78083 1.958 2.1406 2.32873 2.5225 2.72196 2.9271 3.13787 3.35413 3.57569 3.80223 4.03339 4.2687 4.50759 4.74942 
4.74942 4.51045 4.27383 4.0401 3.80972 3.58309 3.36056 3.1424 2.92883 2.72 2.51598 2.31683 2.12252 1.93303 1.74826 1.56812 1.39252 1.22134 1.05447 0.891819 0.733322 0.578922 0.428413 0.281487 0.138645 0.000383905 -0.132807 -0.260464 -0.382154 -0.497496 -0.606161 -0.707895 -0.802518 -0.889933 -0.97013 -1.04318 -1.10924 -1.17443 -1.23798 -1.29883 -1.35655 -1.4105 -1.46005 -1.50463 -1.54378 -1.57711 -1.60434 -1.62533 -1.64007 -1.64872 -1.65174 -1.64881 -1.63979 -1.62465 -1.60348 -1.5765 -1.54337 -1.50431 -1.45965 -1.40983 -1.3554 -1.29699 -1.23535 -1.17152 -1.10601 -1.03962 -0.966189 -0.885576 -0.797715 -0.702629 -0.600428 -0.49131 -0.375551 -0.253497 -0.125556 0.00782129 0.146148 0.288919 0.435616 0.585724 0.740067 0.898442 1.06091 1.22754 1.39843 1.5737 1.75347 1.93784 2.12693 2.32081 2.51953 2.72312 2.93154 3.1447 3.36247 3.58463 3.81092 4.04097 4.2744 4.51073 4.74942 
4.74942 4.51301 4.27839 4.04596 3.81611 3.58917 3.36543 3.14514 2.92849 2.71562 2.50665 2.30163 2.10058 1.90347 1.71027 1.52091 1.3353 1.15334 0.97497 0.800098 0.628675 0.460671 0.296019 0.134617 -0.0229481 -0.176084 -0.324197 -0.466713 -0.603083 -0.732805 -0.855436 -0.970609 -1.07804 -1.17754 -1.26903 -1.35253 -1.42815 -1.50306 -1.57633 -1.64679 -1.71383 -1.77666 -1.83453 -1.88675 -1.93276 -1.97208 -2.00435 -2.02935 -2.04701 -2.05743 -2.06098 -2.05738 -2.04649 -2.02834 -2.00306 -1.97089 -1.93165 -1.88562 -1.83324 -1.77506 -1.71175 -1.64407 -1.57289 -1.49935 -1.42416 -1.34825 -1.26444 -1.17262 -1.07277 -0.964988 -0.849477 -0.726529 -0.596529 -0.459934 -0.317264 -0.169079 -0.0159722 0.14145 0.302581 0.466823 0.634701 0.805951 0.980606 1.15872 1.34039 1.52568 1.7147 1.90754 2.10428 2.30496 2.50961 2.71821 2.93072 3.14704 3.36701 3.59045 3.8171 4.04668 4.27885 4.51324 4.74942 
4.74942 4.51496 4.28171 4.04997 3.82001 3.59207 3.36638 3.14313 2.9225 2.70461 2.48957 2.27744 2.06826 1.86204 1.65874 1.45832 1.2607 1.06582 0.873574 0.683897 0.496725 0.312024 0.129859 -0.0496392 -0.225799 -0.397924 -0.565307 -0.727243 -0.883045 -1.03206 -1.17366 -1.30733 -1.43259 -1.54909 -1.65658 -1.75495 -1.84423 -1.93298 -2.02001 -2.10398 -2.18399 -2.25905 -2.32823 -2.39075 -2.44591 -2.49315 -2.53206 -2.56234 -2.58385 -2.59662 -2.60091 -2.59647 -2.58324 -2.56123 -2.53063 -2.49171 -2.44444 -2.38919 -2.32648 -2.25698 -2.18148 -2.1009 -2.01631 -1.92902 -1.84002 -1.7505 -1.65188 -1.54414 -1.42741 -1.30192 -1.16806 -1.02627 -0.877128 -0.721237 -0.559266 -0.391912 -0.21989 -0.0439171 0.135302 0.317085 0.501615 0.688588 0.878041 1.07004 1.26466 1.46199 1.66213 1.86513 2.07105 2.27993 2.49177 2.70653 2.92415 3.14452 3.36753 3.593 3.82073 4.0505 4.28205 4.51513 4.74942 
4.74942 4.51638 4.28396 4.05231 3.8216 3.59196 3.36352 3.1364 2.91072 2.68657 2.46402 2.24313 2.02395 1.80648 1.59072 1.37664 1.16418 0.953279 0.743848 0.535791 0.329017 0.123449 -0.0807178 -0.283091 -0.482929 -0.679466 -0.871921 -1.05951 -1.24144 -1.41691 -1.58516 -1.74541 -1.89694 -2.03906 -2.17118 -2.29283 -2.40369 -2.51411 -2.62223 -2.72624 -2.82485 -2.91686 -3.00126 -3.07721 -3.14404 -3.20122 -3.24834 -3.2851 -3.31134 -3.32702 -3.33226 -3.32689 -3.31089 -3.2843 -3.24729 -3.20012 -3.14288 -3.07594 -2.99983 -2.91518 -2.82284 -2.7238 -2.61931 -2.51094 -2.40028 -2.28923 -2.16742 -2.03517 -1.89295 -1.74136 -1.58106 -1.41279 -1.23731 -1.0554 -0.867869 -0.675497 -0.47908 -0.279404 -0.0772429 0.126652 0.332067 0.538678 0.746563 0.955815 1.16653 1.3788 1.59269 1.80826 2.02554 2.24455 2.46526 2.68764 2.91163 3.13717 3.36415 3.59246 3.82199 4.0526 4.28414 4.51647 4.74942 
4.74942 4.51747 4.28551 4.05355 3.82159 3.58963 3.35767 3.12572 2.89376 2.6618 2.42984 2.19788 1.96593 1.73397 1.50201 1.27005 1.03809 0.806136 0.574178 0.34222 0.110262 -0.121703 -0.353288 -0.583874 -0.812807 -1.03944 -1.26313 -1.48325 -1.69917 -1.91028 -2.11599 -2.3157 -2.50887 -2.69493 -2.87337 -3.04368 -3.20537 -3.358 -3.50112 -3.63433 -3.75726 -3.86955 -3.9709 -4.06101 -4.13962 -4.20653 -4.26152 -4.30446 -4.33522 -4.35371 -4.35988 -4.35371 -4.33522 -4.30446 -4.26152 -4.20653 -4.13962 -4.06101 -3.9709 -3.86955 -3.75726 -3.63433 -3.50112 -3.358 -3.20537 -3.04368 -2.87337 -2.69493 -2.50887 -2.3157 -2.11599 -1.91028 -1.69917 -1.48325 -1.26313 -1.03944 -0.812807 -0.583874 -0.353288 -0.121703 0.110262 0.34222 0.574178 0.806136 1.03809 1.27005 1.50201 1.73397 1.96593 2.19788 2.42984 2.6618 2.89376 3.12572 3.35767 3.58963 3.82159 4.05355 4.28551 4.51747 4.74942 

y_vals
0 0 0 0 0 0 0 0 0 0 0 0 0 0 0 0 0 0 0 0 0 5.53045e-17 -0.00423112 -0.00820806 -0.0119714 -0.0155449 -0.0189349 -0.0221311 -0.0251083 -0.0278283 -0.0302427 -0.0322963 -0.0339304 -0.0350859 -0.0357071 -0.0357443 -0.0351561 -0.0339119 -0.0319923 -0.0300828 -0.0290364 -0.0284962 -0.0281185 -0.0275888 -0.0266229 -0.024969 -0.0224087 -0.0187589 -0.0138733 -0.00764334 0 0.00881231 0.0184942 0.0289506 0.040019 0.0514718 0.06302 0.0743188 0.0849736 0.0945477 0.102571 0.108549 0.11199 0.113733 0.114472 0.114168 0.112796 0.110341 0.106801 0.102183 0.0964986 0.0897677 0.0820106 0.0732472 0.0634941 0.0527625 0.0410562 0.0283706 0.0146925 -2.7549e-17 0 0 0 0 0 0 0 0 0 0 0 0 0 0 0 0 0 0 0 0 0 
-0.005 -0.004946 -0.00489389 -0.00484081 -0.00478519 -0.00472623 -0.00466368 -0.00459763 -0.00452845 -0.00445664 -0.00438286 -0.00430781 -0.00423227 -0.00415705 -0.00408302 -0.00401113 -0.00394251 -0.00387869 -0.00382206 -0.00377745 -0.00375879 -0.00384926 -0.00782775 -0.0116717 -0.0153241 -0.0187925 -0.0220777 -0.0251669 -0.0280336 -0.0306391 -0.0329348 -0.0348658 -0.0363736 -0.0374001 -0.0378906 -0.0377973 -0.0370823 -0.0357191 -0.0337116 -0.0317416 -0.0305835 -0.0299037 -0.0293681 -0.0286667 -0.0275183 -0.0256725 -0.0229119 -0.0190541 -0.013958 -0.00770694 1.08936e-05 0.00891536 0.0186948 0.0292459 0.0403953 0.0518817 0.0635332 0.0749485 0.0857273 0.0954336 0.103601 0.109746 0.113391 0.115315 0.116211 0.11606 0.11484 0.112534 0.10914 0.104666 0.099124 0.0925343 0.0849185 0.0762984 0.066694 0.0561221 0.0445974 0.0321393 0.0188046 0.00493829 0.00429763 0.00414761 0.00410221 0.00410026 0.00412203 0.00415867 0.0042053 0.00425887 0.00431719 0.00437859 0.00444168 0.00450528 0.00456838 0.00463008 0.00468967 0.00474664 0.00480074 0.00485208 0.00490128 0.00494974 0.005 
-0.0105 -0.0103868 -0.0102776 -0.0101663 -0.0100497 -0.00992606 -0.00979488 -0.00965636 -0.00951123 -0.00936058 -0.00920574 -0.00904822 -0.00888962 -0.00873166 -0.00857614 -0.00842508 -0.00828083 -0.00814658 -0.00802732 -0.00793312 -0.00789254 -0.00806257 -0.0117832 -0.0154809 -0.0190109 -0.0223633 -0.0255327 -0.0285039 -0.0312487 -0.0337279 -0.0358928 -0.0376886 -0.0390574 -0.039942 -0.0402888 -0.0400522 -0.0391983 -0.0377055 -0.0356004 -0.0335589 -0.0322764 -0.0314422 -0.0307323 -0.0298418 -0.0284924 -0.0264356 -0.0234551 -0.0193701 -0.014055 -0.00777482 2.47283e-05 0.00902976 0.0189159 0.0295703 0.0408086 0.0523355 0.064099 0.0756418 0.0865567 0.0964081 0.104735 0.11106 0.114927 0.117049 0.118119 0.118138 0.117084 0.114942 0.111709 0.107394 0.102009 0.0955745 0.0881143 0.0796521 0.0702114 0.0598152 0.0484898 0.0362796 0.0233125 0.0102488 0.00901566 0.00870749 0.00861394 0.00861072 0.00865698 0.00873426 0.00883243 0.00894507 0.00906762 0.00919658 0.00932904 0.00946255 0.00959494 0.00972438 0.00984938 0.00996885 0.0100823 0.0101899 0.0102931 0.0103947 0.0105 
-0.01655 -0.0163721 -0.0162002 -0.0160251 -0.0158416 -0.0156471 -0.0154406 -0.0152226 -0.0149941 -0.0147569 -0.014513 -0.0142649 -0.014015 -0.013766 -0.0135208 -0.0132825 -0.0130549 -0.0128429 -0.0126543 -0.0125049 -0.0124382 -0.0126746 -0.0161327 -0.0196701 -0.023065 -0.0262892 -0.029331 -0.0321717 -0.0347821 -0.037122 -0.0391427 -0.0407895 -0.0420052 -0.0427335 -0.0429224 -0.0425285 -0.0415228 -0.0398885 -0.0376752 -0.0355494 -0.0341282 -0.0331232 -0.0322209 -0.0311219 -0.0295512 -0.0272623 -0.0240406 -0.0197084 -0.0141656 -0.00784711 4.20984e-05 0.00915683 0.0191593 0.0299269 0.0412626 0.0528382 0.0647228 0.0764053 0.0874694 0.0974802 0.105981 0.112504 0.116612 0.118952 0.120214 0.120418 0.119547 0.117585 0.114531 0.11039 0.105178 0.098915 0.0916264 0.0833381 0.0740776 0.0638746 0.0527676 0.0408274 0.0282523 0.0159643 0.0141925 0.0137198 0.0135758 0.0135724 0.0136463 0.0137687 0.0139239 0.0141016 0.014295 0.0144982 0.014707 0.0149173 0.0151258 0.0153296 0.0155263 0.0157144 0.0158929 0.0160623 0.0162246 0.0163844 0.01655 
-0.023205 -0.0229562 -0.0227157 -0.0224707 -0.0222139 -0.0219416 -0.0216526 -0.0213474 -0.0210275 -0.0206952 -0.0203536 -0.0200059 -0.0196556 -0.0193065 -0.0189626 -0.0186282 -0.0183086 -0.0180107 -0.0177454 -0.0175343 -0.0174362 -0.0177233 -0.0209149 -0.0242769 -0.0275228 -0.0306056 -0.0335062 -0.036203 -0.0386649 -0.0408512 -0.0427128 -0.0441955 -0.0452426 -0.0457989 -0.0458142 -0.0452478 -0.044076 -0.0422874 -0.0399534 -0.0377287 -0.0361527 -0.0349587 -0.033844 -0.0325153 -0.0307009 -0.0281569 -0.0246709 -0.0200707 -0.0142915 -0.00792394 6.36986e-05 0.00929805 0.0194277 0.0303188 0.0417613 0.0533949 0.0654109 0.077246 0.088474 0.0986596 0.107351 0.114091 0.118459 0.121038 0.122511 0.122919 0.12225 0.120487 0.117628 0.11368 0.108659 0.102585 0.0954856 0.0873889 0.0783268 0.0683361 0.0574683 0.0458219 0.0336632 0.0221216 0.0198695 0.0192286 0.0190325 0.0190303 0.0191354 0.0193081 0.0195263 0.019776 0.0200473 0.0203324 0.020625 0.0209197 0.0212117 0.0214971 0.0217726 0.0220358 0.0222856 0.0225227 0.0227498 0.0229734 0.023205 
-0.0305255 -0.0301991 -0.0298835 -0.0295619 -0.0292248 -0.0288673 -0.0284879 -0.0280871 -0.0276669 -0.0272304 -0.0267814 -0.0263243 -0.0258637 -0.0254045 -0.0249519 -0.0245116 -0.0240906 -0.0236978 -0.0233474 -0.0230671 -0.022931 -0.0232508 -0.026172 -0.0293428 -0.0324245 -0.0353509 -0.0380957 -0.0406335 -0.0429315 -0.0449482 -0.0466344 -0.0479361 -0.0487975 -0.0491646 -0.0489891 -0.0482335 -0.0468802 -0.0449231 -0.0424544 -0.040114 -0.0383651 -0.0369618 -0.0356128 -0.0340308 -0.0319482 -0.029124 -0.0253487 -0.0204588 -0.0144342 -0.00800545 9.03361e-05 0.00945512 0.0197233 0.0307494 0.0423091 0.0540117 0.06617 0.0781721 0.0895797 0.0999572 0.108857 0.115834 0.120485 0.123324 0.125031 0.125663 0.125216 0.123673 0.121029 0.117294 0.112482 0.106617 0.0997259 0.0918404 0.0829966 0.0732391 0.0626333 0.0513055 0.0395875 0.0287615 0.0260916 0.0252817 0.0250328 0.025034 0.0251747 0.0254033 0.0256914 0.0260204 0.0263776 0.0267527 0.0271375 0.0275248 0.0279086 0.0282835 0.0286453 0.0289909 0.0293189 0.0296301 0.0299283 0.0302217 0.0305255 
-0.0385781 -0.0381668 -0.037769 -0.0373635 -0.0369385 -0.0364877 -0.0360092 -0.0355036 -0.0349734 -0.0344226 -0.0338558 -0.0332786 -0.0326967 -0.0321163 -0.0315441 -0.0309872 -0.0304542 -0.0299565 -0.0295116 -0.0291537 -0.0289712 -0.0293034 -0.0319505 -0.0349131 -0.0378138 -0.0405677 -0.0431402 -0.0455024 -0.0476194 -0.0494489 -0.0509416 -0.0520438 -0.0527006 -0.0528594 -0.0524743 -0.0515113 -0.0499595 -0.0478184 -0.0451991 -0.0427238 -0.0407817 -0.0391467 -0.037539 -0.0356778 -0.0333002 -0.0301682 -0.0260768 -0.0208749 -0.0145955 -0.00809177 0.000122943 0.00962992 0.0200493 0.0312228 0.0429111 0.0546951 0.0670078 0.0791923 0.0907969 0.101385 0.110514 0.117749 0.122705 0.12583 0.127794 0.128673 0.12847 0.127168 0.124763 0.121262 0.116682 0.111046 0.104384 0.0967316 0.0881282 0.0786268 0.0683075 0.0573247 0.0460712 0.0359293 0.0329072 0.0319315 0.0316304 0.031638 0.0318192 0.0321103 0.0324757 0.0328924 0.0333442 0.0338184 0.0343046 0.0347937 0.0352781 0.0357512 0.0362076 0.0366435 0.0370572 0.0374495 0.0378254 0.0381953 0.0385781 
-0.0474359 -0.046932 -0.0464442 -0.0459469 -0.0454256 -0.0448727 -0.0442857 -0.0436653 -0.0430146 -0.0423383 -0.0416423 -0.0409331 -0.040218 -0.0395044 -0.0388004 -0.038115 -0.0374584 -0.0368445 -0.0362947 -0.0358494 -0.0356104 -0.0359321 -0.038301 -0.0410377 -0.0437392 -0.0463024 -0.0486846 -0.0508526 -0.0527697 -0.0543925 -0.0556717 -0.056554 -0.0569854 -0.0569151 -0.0562996 -0.0551092 -0.0533408 -0.0509982 -0.0482102 -0.0455779 -0.0434201 -0.0415285 -0.039635 -0.0374663 -0.0347641 -0.0312945 -0.0268584 -0.0213215 -0.0147775 -0.00818308 0.000162585 0.00982459 0.0204088 0.0317431 0.0435727 0.0554523 0.0679328 0.0803165 0.092137 0.102956 0.112336 0.119853 0.12514 0.128577 0.130823 0.131973 0.13204 0.131003 0.12886 0.125617 0.121293 0.11591 0.109502 0.102106 0.0937666 0.0845465 0.0745402 0.0639302 0.053164 0.0436755 0.0403689 0.039235 0.0388841 0.0389021 0.0391297 0.0394907 0.0399419 0.0404555 0.0410116 0.0415948 0.0421924 0.0427933 0.0433882 0.0439689 0.044529 0.0450637 0.0455711 0.0460523 0.0465133 0.0469669 0.0474359 
-0.0571794 -0.0565744 -0.0559882 -0.0553906 -0.0547639 -0.0540993 -0.0533936 -0.0526475 -0.0518647 -0.0510509 -0.0502131 -0.0493591 -0.0484975 -0.0476374 -0.0467884 -0.0459612 -0.0451682 -0.0444258 -0.043759 -0.043215 -0.0429071 -0.0431933 -0.0452792 -0.0477713 -0.0502537 -0.0526063 -0.054778 -0.0567315 -0.0584276 -0.0598223 -0.0608658 -0.0615055 -0.0616886 -0.0613662 -0.0604977 -0.0590582 -0.0570529 -0.0544899 -0.0515122 -0.0486982 -0.0462991 -0.0441231 -0.0419143 -0.0394067 -0.0363476 -0.0325082 -0.0276968 -0.0218016 -0.0149822 -0.00827958 0.000210476 0.0100415 0.0208053 0.0323153 0.0443001 0.0562916 0.0689544 0.0815557 0.0936128 0.104685 0.11434 0.122164 0.127809 0.131586 0.134144 0.135591 0.135954 0.13521 0.133356 0.130398 0.126355 0.121252 0.115123 0.108009 0.0999613 0.0910498 0.081385 0.071177 0.0609201 0.052056 0.0485338 0.0472544 0.0468583 0.046892 0.0471731 0.0476123 0.0481588 0.0487795 0.0494507 0.0501539 0.0508739 0.0515975 0.0523135 0.0530122 0.0536858 0.0543288 0.0549388 0.0555172 0.0560713 0.0566163 0.0571794 
-0.0678974 -0.0671819 -0.0664883 -0.0657809 -0.0650391 -0.0642523 -0.0634167 -0.062533 -0.0616057 -0.0606412 -0.0596478 -0.0586349 -0.0576125 -0.0565912 -0.0555826 -0.054599 -0.0536553 -0.0527704 -0.0519733 -0.0513175 -0.0509258 -0.0511492 -0.0529463 -0.0551741 -0.0574154 -0.0595355 -0.0614746 -0.0631907 -0.0646427 -0.0657852 -0.0665686 -0.0669408 -0.0668504 -0.0662505 -0.0651042 -0.0633918 -0.0611278 -0.0583229 -0.0551318 -0.052108 -0.049439 -0.046948 -0.044391 -0.0415103 -0.0380591 -0.0338148 -0.028596 -0.0223186 -0.0152121 -0.00838156 0.000267979 0.0102835 0.0212428 0.0329445 0.0451001 0.0572219 0.0700834 0.082922 0.0952383 0.106588 0.116544 0.124704 0.130734 0.134883 0.137783 0.139557 0.140246 0.139824 0.138288 0.135645 0.131913 0.127118 0.121297 0.114494 0.106766 0.0981935 0.088901 0.0791251 0.0693987 0.0611326 0.0574642 0.0560575 0.0556236 0.05568 0.0560229 0.05655 0.0572025 0.0579416 0.0587397 0.0595749 0.0604294 0.0612878 0.0621366 0.0629645 0.0637624 0.0645239 0.065246 0.0659308 0.0665866 0.0672315 0.0678974 
-0.0796871 -0.0788513 -0.0780403 -0.0772131 -0.0763455 -0.0754252 -0.0744475 -0.0734134 -0.0723278 -0.0711983 -0.0700344 -0.0688471 -0.067648 -0.0664495 -0.0652651 -0.0641092 -0.0629988 -0.0619559 -0.0610134 -0.0602306 -0.0597374 -0.0598686 -0.0613693 -0.0633118 -0.0652885 -0.0671518 -0.0688335 -0.0702872 -0.0714692 -0.0723331 -0.0728293 -0.0729064 -0.0725146 -0.0716096 -0.0701581 -0.0681468 -0.0656001 -0.0625294 -0.0590979 -0.0558325 -0.0528618 -0.0500217 -0.0470803 -0.0437888 -0.0399072 -0.0352204 -0.0295605 -0.0228765 -0.0154695 -0.00848941 0.000336609 0.0105534 0.0217259 0.0336367 0.0459805 0.0582533 0.0713315 0.0844293 0.0970294 0.108684 0.118969 0.127494 0.133942 0.138495 0.141771 0.143904 0.14495 0.144884 0.143699 0.141403 0.138013 0.133558 0.128077 0.121617 0.114241 0.106039 0.0971521 0.08784 0.0786642 0.0709739 0.0672281 0.0657184 0.0652573 0.0653456 0.0657601 0.0663862 0.0671565 0.0680268 0.0689649 0.0699455 0.0709478 0.0719539 0.0729483 0.0739178 0.0748517 0.0757426 0.0765874 0.0773882 0.0781552 0.0789092 0.0796871 
-0.0926558 -0.0916889 -0.0907499 -0.0897918 -0.0887869 -0.0877208 -0.086588 -0.0853894 -0.0841307 -0.0828205 -0.0814699 -0.0800912 -0.0786981 -0.0773049 -0.0759269 -0.0745808 -0.0732861 -0.0720678 -0.0709627 -0.0700354 -0.06942 -0.0694275 -0.0706219 -0.0722571 -0.0739433 -0.0755229 -0.07692 -0.0780833 -0.0789667 -0.0795227 -0.0797017 -0.0794533 -0.0787294 -0.0774886 -0.0757022 -0.0733637 -0.0705078 -0.0671443 -0.0634415 -0.0598991 -0.0565909 -0.0533639 -0.0499985 -0.046255 -0.0419013 -0.0367318 -0.0305955 -0.0234801 -0.0157574 -0.00860363 0.000418034 0.0108548 0.0222595 0.0343987 0.0469498 0.059397 0.0727122 0.0860928 0.0990034 0.110991 0.121637 0.13056 0.137458 0.142451 0.146139 0.148667 0.150107 0.150432 0.149634 0.147719 0.144708 0.140628 0.135521 0.129439 0.122451 0.114655 0.106209 0.0973932 0.0887873 0.0816555 0.0779002 0.0763177 0.0758441 0.0759758 0.0764739 0.0772116 0.0781134 0.0791289 0.0802215 0.0813621 0.0825269 0.0836951 0.0848489 0.0859732 0.0870558 0.0880883 0.0890669 0.0899946 0.0908829 0.091756 0.0926558 
-0.106921 -0.105812 -0.104733 -0.103633 -0.102478 -0.101253 -0.0999505 -0.0985723 -0.0971244 -0.0956165 -0.0940613 -0.0924729 -0.0908668 -0.0892594 -0.0876682 -0.0861123 -0.0846137 -0.0832005 -0.0819134 -0.0808212 -0.0800596 -0.0799098 -0.0807854 -0.0820895 -0.0834569 -0.0847234 -0.0858055 -0.0866475 -0.0872006 -0.0874162 -0.0872449 -0.0866373 -0.0855475 -0.0839374 -0.0817833 -0.0790863 -0.0758923 -0.0722057 -0.0681966 -0.0643374 -0.0606518 -0.0569962 -0.053163 -0.0489224 -0.0440517 -0.0383566 -0.0317071 -0.0241347 -0.0160789 -0.00872493 0.00051406 0.0111915 0.0228493 0.0352379 0.048018 0.0606656 0.0742405 0.0879296 0.10118 0.113534 0.124573 0.13393 0.141314 0.146784 0.150925 0.153885 0.155757 0.156513 0.156141 0.154648 0.152054 0.148389 0.143695 0.138029 0.131466 0.124116 0.116148 0.107862 0.0998459 0.0932608 0.0895627 0.0879437 0.0874769 0.0876667 0.0882625 0.0891265 0.090175 0.0913515 0.0926146 0.0939313 0.0952745 0.0966204 0.0979489 0.0992426 0.100488 0.101675 0.102799 0.103865 0.104886 0.105889 0.106921 
-0.122614 -0.121349 -0.120118 -0.118862 -0.117544 -0.116146 -0.114659 -0.113085 -0.11143 -0.109706 -0.107927 -0.106109 -0.104269 -0.102426 -0.1006 -0.0988126 -0.0970883 -0.0954584 -0.093967 -0.0926867 -0.0917511 -0.0914083 -0.0919491 -0.0928964 -0.0939145 -0.0948352 -0.0955689 -0.0960551 -0.0962426 -0.0960818 -0.0955235 -0.0945195 -0.0930265 -0.0910102 -0.0884525 -0.0853631 -0.0817985 -0.0777547 -0.0733995 -0.0691793 -0.0650719 -0.0609414 -0.0565924 -0.0518059 -0.0463696 -0.0401034 -0.0329027 -0.0248467 -0.0164375 -0.00885423 0.000626612 0.0115676 0.0235015 0.0361629 0.0491961 0.0620732 0.0759332 0.0899593 0.103582 0.116335 0.127806 0.137635 0.145543 0.151532 0.156168 0.159601 0.161949 0.163177 0.163276 0.162248 0.160114 0.156906 0.152667 0.14746 0.141365 0.134502 0.127052 0.119333 0.111926 0.105882 0.102306 0.100693 0.100257 0.100524 0.101234 0.102241 0.103454 0.104809 0.10626 0.107771 0.10931 0.110851 0.11237 0.113849 0.115271 0.116627 0.117911 0.119128 0.120293 0.121437 0.122614 
-0.139875 -0.138442 -0.137046 -0.135621 -0.134125 -0.132538 -0.13085 -0.129062 -0.127182 -0.125222 -0.123197 -0.121127 -0.119031 -0.11693 -0.114845 -0.112802 -0.110828 -0.108957 -0.107236 -0.10574 -0.104599 -0.104026 -0.104212 -0.104774 -0.105409 -0.105949 -0.106297 -0.106389 -0.106172 -0.105594 -0.104608 -0.103167 -0.10123 -0.0987666 -0.0957661 -0.0922466 -0.0882757 -0.0838361 -0.07909 -0.0744595 -0.0698809 -0.0652246 -0.0603073 -0.0549216 -0.0488677 -0.0419826 -0.0341912 -0.0256236 -0.0168372 -0.00899276 0.000757713 0.011988 0.0242234 0.0371832 0.0504968 0.0636357 0.0778096 0.0922036 0.106233 0.119424 0.131366 0.141709 0.150183 0.156734 0.16191 0.165862 0.168731 0.170481 0.171097 0.170583 0.168957 0.166252 0.162516 0.157814 0.152234 0.145902 0.139015 0.131898 0.125121 0.119621 0.116231 0.114672 0.114297 0.114662 0.115507 0.116677 0.118073 0.119627 0.121286 0.12301 0.124764 0.126519 0.128247 0.129928 0.131544 0.133083 0.134541 0.135922 0.137244 0.138541 0.139875 
-0.158862 -0.157247 -0.155672 -0.154062 -0.152374 -0.150581 -0.148674 -0.146653 -0.144527 -0.142309 -0.140017 -0.137672 -0.135294 -0.132908 -0.130539 -0.128214 -0.125963 -0.123823 -0.121844 -0.120103 -0.11872 -0.117875 -0.117683 -0.117829 -0.118045 -0.118163 -0.118084 -0.11774 -0.117074 -0.116037 -0.114578 -0.112654 -0.110227 -0.107272 -0.103786 -0.0997947 -0.0953776 -0.0904985 -0.0853112 -0.0802157 -0.0751112 -0.069873 -0.0643301 -0.0582877 -0.0515605 -0.0440061 -0.0355832 -0.026474 -0.0172827 -0.00914209 0.000909436 0.012458 0.025023 0.0383099 0.0519344 0.065371 0.0798912 0.0946874 0.109161 0.122832 0.135289 0.146191 0.155275 0.162435 0.168201 0.17272 0.176161 0.178484 0.17967 0.179722 0.178656 0.176508 0.173327 0.169181 0.164165 0.158415 0.152136 0.145661 0.139536 0.134588 0.131448 0.129996 0.129719 0.130211 0.131214 0.132569 0.134171 0.135945 0.137835 0.139794 0.141784 0.143772 0.145729 0.14763 0.149457 0.151196 0.152843 0.154402 0.155894 0.157359 0.158862 
-0.179749 -0.177936 -0.176166 -0.174357 -0.172458 -0.170442 -0.168297 -0.166023 -0.163629 -0.161131 -0.158546 -0.155899 -0.153213 -0.150516 -0.147833 -0.145196 -0.142637 -0.140198 -0.137929 -0.135906 -0.134243 -0.133083 -0.132482 -0.132179 -0.131934 -0.131587 -0.131036 -0.130208 -0.129046 -0.127499 -0.125517 -0.12306 -0.120094 -0.116599 -0.112579 -0.108071 -0.103163 -0.0977949 -0.0921099 -0.0864891 -0.0807982 -0.0749166 -0.0686856 -0.0619245 -0.0544648 -0.0461882 -0.0370913 -0.0274078 -0.0177794 -0.00930426 0.00108387 0.0129832 0.0259096 0.0395556 0.0535255 0.0672994 0.0822025 0.097439 0.112399 0.126594 0.139614 0.151123 0.160865 0.168685 0.175093 0.180232 0.184301 0.187253 0.189067 0.189742 0.189295 0.187761 0.185191 0.181658 0.177262 0.172147 0.166526 0.160733 0.155288 0.150909 0.14808 0.146795 0.146658 0.147309 0.148499 0.150066 0.151899 0.153918 0.156061 0.158279 0.160528 0.162772 0.164978 0.167121 0.169177 0.171134 0.172985 0.174738 0.176416 0.178061 0.179749 
-0.202724 -0.200697 -0.198716 -0.196691 -0.194565 -0.192307 -0.189903 -0.187354 -0.184669 -0.181864 -0.178961 -0.175984 -0.172961 -0.16992 -0.166893 -0.163911 -0.161012 -0.158238 -0.155642 -0.153299 -0.15131 -0.149788 -0.148745 -0.147952 -0.147203 -0.146342 -0.145268 -0.143905 -0.142193 -0.140081 -0.137522 -0.134476 -0.130915 -0.126826 -0.12222 -0.117144 -0.111695 -0.105783 -0.0995376 -0.093325 -0.086981 -0.0803886 -0.0734017 -0.0658553 -0.0576004 -0.0485464 -0.0387307 -0.0284368 -0.0183339 -0.00948185 0.00128306 0.0135702 0.0268935 0.0409348 0.055289 0.0694443 0.0847717 0.10049 0.115982 0.130751 0.144385 0.156555 0.167007 0.175539 0.182647 0.188462 0.193218 0.196862 0.199366 0.200729 0.200964 0.200107 0.198212 0.195353 0.191638 0.187216 0.182307 0.177241 0.172504 0.168719 0.166265 0.165211 0.165263 0.166112 0.167521 0.16933 0.171423 0.173715 0.17614 0.178642 0.181175 0.183699 0.186177 0.188581 0.190887 0.19308 0.195154 0.197118 0.198996 0.200838 0.202724 
-0.227996 -0.225739 -0.22353 -0.221271 -0.218898 -0.216378 -0.213695 -0.210848 -0.207846 -0.204708 -0.201457 -0.19812 -0.194728 -0.191311 -0.187904 -0.184542 -0.181264 -0.178116 -0.175152 -0.172443 -0.170079 -0.168145 -0.166618 -0.165293 -0.163989 -0.162562 -0.160908 -0.158951 -0.15663 -0.153893 -0.150695 -0.147 -0.142784 -0.13804 -0.13279 -0.12709 -0.121045 -0.114526 -0.107651 -0.100773 -0.0937031 -0.0863263 -0.0785103 -0.0701072 -0.0609907 -0.0511014 -0.0405193 -0.0295744 -0.0189538 -0.00967814 0.00150897 0.0142261 0.0279867 0.0424643 0.0572469 0.0718323 0.0876305 0.103878 0.119952 0.135348 0.149653 0.162541 0.173759 0.183062 0.190929 0.197481 0.202988 0.207391 0.210656 0.212775 0.213763 0.213654 0.212501 0.210386 0.207418 0.203752 0.199612 0.195321 0.191328 0.188169 0.186156 0.1854 0.185699 0.18679 0.188458 0.190544 0.192929 0.195525 0.198261 0.201077 0.203921 0.20675 0.209526 0.212214 0.214791 0.21724 0.219555 0.221746 0.223842 0.225896 0.227996 
-0.255796 -0.25329 -0.250835 -0.248323 -0.245685 -0.242882 -0.239896 -0.236725 -0.233381 -0.229881 -0.226251 -0.222522 -0.218725 -0.214896 -0.211071 -0.207289 -0.203591 -0.200025 -0.196647 -0.193521 -0.190727 -0.188326 -0.186268 -0.184361 -0.182448 -0.180395 -0.178099 -0.175484 -0.172487 -0.169058 -0.165153 -0.160741 -0.155802 -0.150339 -0.144381 -0.137994 -0.131289 -0.124095 -0.116512 -0.10889 -0.101013 -0.0927721 -0.0840478 -0.0747121 -0.064664 -0.0538783 -0.0424787 -0.0308365 -0.0196484 -0.00989724 0.00176338 0.0149586 0.0292027 0.0441634 0.0594243 0.0744939 0.0908159 0.107645 0.124356 0.140438 0.155475 0.169144 0.181188 0.191324 0.200015 0.207369 0.213697 0.218931 0.223032 0.225985 0.227803 0.228518 0.228185 0.226888 0.224739 0.221899 0.218591 0.215126 0.211918 0.209428 0.207921 0.207538 0.208146 0.209534 0.211505 0.213908 0.216623 0.219558 0.222637 0.225797 0.228983 0.232146 0.235244 0.238242 0.241113 0.243839 0.246415 0.248852 0.251182 0.253464 0.255796 
-0.286375 -0.283604 -0.280884 -0.278099 -0.275174 -0.272065 -0.268752 -0.265233 -0.261517 -0.257625 -0.253584 -0.249426 -0.245188 -0.240906 -0.236622 -0.232375 -0.228212 -0.22418 -0.220334 -0.216736 -0.21345 -0.210521 -0.207879 -0.205333 -0.20275 -0.200005 -0.196998 -0.193652 -0.189907 -0.185711 -0.181024 -0.175819 -0.170085 -0.163829 -0.157092 -0.149948 -0.142514 -0.134566 -0.126191 -0.117737 -0.108967 -0.0997746 -0.0900573 -0.079708 -0.0686541 -0.0569072 -0.0446342 -0.0322417 -0.020429 -0.0101443 0.00204792 0.0157764 0.0305571 0.0460544 0.0618505 0.0774648 0.0943699 0.11184 0.129249 0.146081 0.161917 0.176434 0.189371 0.200406 0.20999 0.218215 0.22544 0.231585 0.236603 0.240474 0.243206 0.24483 0.245401 0.245004 0.243755 0.241815 0.239406 0.236827 0.234453 0.23268 0.231752 0.231819 0.232808 0.234552 0.236878 0.239644 0.24273 0.246043 0.249503 0.253042 0.256601 0.260128 0.263577 0.266911 0.270099 0.273125 0.275982 0.278684 0.281267 0.283796 0.286375 
-0.320013 -0.316956 -0.313951 -0.310873 -0.30764 -0.304203 -0.300538 -0.296642 -0.292524 -0.288208 -0.28372 -0.279097 -0.274377 -0.2696 -0.26481 -0.260051 -0.25537 -0.250817 -0.246445 -0.242311 -0.238468 -0.234945 -0.231655 -0.228407 -0.225085 -0.221575 -0.21778 -0.213624 -0.209048 -0.204002 -0.198451 -0.192371 -0.185758 -0.17863 -0.171035 -0.163056 -0.154815 -0.146027 -0.136767 -0.127386 -0.117627 -0.107391 -0.0965892 -0.0851403 -0.073002 -0.0602244 -0.0470156 -0.0338118 -0.0213091 -0.0104258 0.00236396 0.0166891 0.0320678 0.0481635 0.0645594 0.0807861 0.0983415 0.116519 0.134694 0.152346 0.169054 0.184492 0.198394 0.2104 0.220951 0.230122 0.238323 0.245465 0.25149 0.256371 0.26011 0.262736 0.264303 0.264896 0.264634 0.263677 0.262243 0.260614 0.259131 0.258135 0.25786 0.258462 0.259909 0.262077 0.264818 0.267998 0.271504 0.275238 0.279119 0.283075 0.287042 0.290965 0.294795 0.298492 0.302024 0.305372 0.308532 0.311519 0.314374 0.317168 0.320013 
-0.357014 -0.353652 -0.350342 -0.346951 -0.343387 -0.339597 -0.335554 -0.331253 -0.326703 -0.321927 -0.316956 -0.311827 -0.306582 -0.301263 -0.295918 -0.290594 -0.285339 -0.280204 -0.275241 -0.270501 -0.266027 -0.261836 -0.257827 -0.253806 -0.249668 -0.24531 -0.240641 -0.235587 -0.23009 -0.224103 -0.217594 -0.210548 -0.202965 -0.194875 -0.186334 -0.177434 -0.168298 -0.158576 -0.14833 -0.137919 -0.127069 -0.115687 -0.103704 -0.0910634 -0.0777568 -0.063873 -0.0496585 -0.0355727 -0.0223052 -0.0107496 0.0027126 0.0177075 0.0337552 0.0505208 0.0675905 0.0845055 0.102788 0.121747 0.140764 0.159315 0.176974 0.193413 0.208357 0.221413 0.233009 0.243206 0.252471 0.260702 0.26783 0.273821 0.278669 0.282399 0.285063 0.286746 0.287565 0.287681 0.287305 0.286701 0.286175 0.286022 0.286484 0.287709 0.2897 0.292368 0.295591 0.299246 0.303223 0.307428 0.311774 0.316187 0.3206 0.324954 0.329197 0.333286 0.337187 0.340882 0.344368 0.347661 0.350807 0.353885 0.357014 
-0.397715 -0.394028 -0.390393 -0.386666 -0.382749 -0.378582 -0.374134 -0.369398 -0.364383 -0.359113 -0.35362 -0.347942 -0.342125 -0.336215 -0.330261 -0.324313 -0.318421 -0.312637 -0.30701 -0.301587 -0.296401 -0.29146 -0.286654 -0.281776 -0.276736 -0.27144 -0.265801 -0.259751 -0.253231 -0.246201 -0.238633 -0.230518 -0.221866 -0.212715 -0.203131 -0.193212 -0.183086 -0.172325 -0.160982 -0.14943 -0.137378 -0.124742 -0.111473 -0.0975433 -0.0829779 -0.0679047 -0.0526047 -0.0375549 -0.023437 -0.0111255 0.00309471 0.0188438 0.0356432 0.0531614 0.0709898 0.0886792 0.107774 0.1276 0.147544 0.16708 0.185777 0.203305 0.219378 0.233566 0.246294 0.2576 0.268022 0.277442 0.285779 0.292988 0.299056 0.304002 0.307875 0.310756 0.312763 0.314051 0.314823 0.315326 0.315833 0.316604 0.31789 0.319835 0.322463 0.325716 0.329494 0.33369 0.3382 0.342928 0.347788 0.352704 0.357603 0.362425 0.367114 0.371625 0.375924 0.379991 0.383825 0.387446 0.390903 0.394284 0.397715 
-0.442487 -0.438454 -0.434473 -0.430389 -0.426095 -0.421526 -0.416646 -0.411445 -0.405933 -0.400132 -0.394075 -0.387804 -0.381366 -0.37481 -0.368189 -0.361553 -0.354956 -0.348449 -0.342079 -0.335887 -0.3299 -0.324119 -0.318425 -0.312598 -0.30656 -0.300223 -0.293509 -0.286352 -0.278699 -0.270512 -0.261772 -0.252475 -0.242642 -0.23232 -0.221583 -0.210539 -0.199316 -0.187403 -0.174845 -0.16203 -0.148657 -0.13465 -0.119984 -0.104659 -0.0887363 -0.0723805 -0.0559034 -0.039795 -0.0247285 -0.0115654 0.00351087 0.0201118 0.0377592 0.0561264 0.0748109 0.0933726 0.113379 0.134168 0.155134 0.175751 0.195583 0.214295 0.231589 0.247003 0.260953 0.273461 0.28514 0.295856 0.305516 0.314061 0.321469 0.327753 0.332956 0.337156 0.340465 0.343035 0.345057 0.34676 0.348389 0.350172 0.35238 0.355146 0.358512 0.362443 0.366862 0.371673 0.37678 0.382091 0.387519 0.392984 0.398414 0.403742 0.408912 0.413877 0.418601 0.423066 0.427271 0.431242 0.435031 0.438734 0.442487 
-0.491735 -0.487338 -0.482991 -0.478527 -0.473834 -0.468837 -0.463498 -0.457803 -0.451759 -0.445388 -0.438726 -0.431816 -0.424705 -0.417446 -0.410094 -0.402703 -0.395326 -0.388014 -0.380813 -0.373758 -0.366873 -0.360152 -0.353468 -0.346589 -0.339444 -0.331953 -0.324046 -0.31566 -0.306749 -0.297281 -0.287241 -0.276638 -0.2655 -0.253884 -0.241876 -0.229587 -0.217151 -0.203961 -0.190058 -0.175852 -0.161029 -0.145526 -0.129341 -0.112506 -0.0951171 -0.0773734 -0.0596133 -0.0423364 -0.0262084 -0.0120838 0.00396147 0.0215274 0.0401353 0.0594635 0.0791166 0.0986625 0.119692 0.141555 0.163651 0.185456 0.206531 0.226531 0.245148 0.261889 0.277159 0.290968 0.304011 0.316139 0.327244 0.337254 0.346135 0.35389 0.360556 0.366205 0.370944 0.374916 0.378301 0.381309 0.38416 0.387056 0.390292 0.393991 0.398203 0.402914 0.408064 0.413573 0.419351 0.42531 0.431363 0.43743 0.443435 0.449311 0.454998 0.460449 0.465627 0.470515 0.475116 0.479457 0.483599 0.487642 0.491735 
-0.545909 -0.541128 -0.536393 -0.53153 -0.526415 -0.520967 -0.515142 -0.508922 -0.502312 -0.495335 -0.488025 -0.480425 -0.472588 -0.464566 -0.456417 -0.448196 -0.439957 -0.431752 -0.423624 -0.415605 -0.407713 -0.399942 -0.392156 -0.384108 -0.375734 -0.366963 -0.35773 -0.347981 -0.337673 -0.326784 -0.315307 -0.303258 -0.290677 -0.277633 -0.264218 -0.250554 -0.236777 -0.222177 -0.206791 -0.191052 -0.17464 -0.157505 -0.139671 -0.121199 -0.102222 -0.0829698 -0.0638038 -0.0452307 -0.0279112 -0.012698 0.00444671 0.0231093 0.0428086 0.0632285 0.0839806 0.104639 0.126821 0.149883 0.173233 0.196346 0.218782 0.240187 0.260241 0.278417 0.295118 0.310331 0.324854 0.33852 0.351203 0.362816 0.373313 0.382685 0.39096 0.398202 0.404509 0.410017 0.414891 0.419322 0.423508 0.42763 0.43201 0.436761 0.441936 0.447537 0.453519 0.459815 0.466345 0.473022 0.479762 0.486485 0.493114 0.49958 0.505821 0.51179 0.517452 0.522789 0.527807 0.53254 0.537054 0.541458 0.545909 
-0.6055 -0.600317 -0.595177 -0.589894 -0.584335 -0.578413 -0.572076 -0.565303 -0.558095 -0.550473 -0.542471 -0.534134 -0.525513 -0.516666 -0.507648 -0.498519 -0.489332 -0.480137 -0.470978 -0.461883 -0.452867 -0.443925 -0.434911 -0.425564 -0.415825 -0.405633 -0.394928 -0.383665 -0.371809 -0.359344 -0.346274 -0.332625 -0.31845 -0.303826 -0.288858 -0.273674 -0.258418 -0.242261 -0.225241 -0.207819 -0.189667 -0.170753 -0.151124 -0.130876 -0.110172 -0.0892727 -0.0685576 -0.0485401 -0.0298783 -0.013429 0.00496664 0.0248791 0.045823 0.0674871 0.0894892 0.11141 0.134891 0.159297 0.184041 0.2086 0.23253 0.25547 0.277085 0.296819 0.315067 0.331801 0.347929 0.363267 0.37767 0.391038 0.403306 0.414454 0.424497 0.433488 0.441518 0.448707 0.455209 0.461196 0.466846 0.472319 0.477972 0.483901 0.490165 0.496774 0.503697 0.510878 0.518244 0.525716 0.53321 0.540647 0.54795 0.555048 0.561881 0.568401 0.574573 0.580384 0.585843 0.590987 0.595892 0.600675 0.6055 
-0.67105 -0.665449 -0.659886 -0.654165 -0.648144 -0.641727 -0.634854 -0.6275 -0.619663 -0.61136 -0.602624 -0.5935 -0.58404 -0.5743 -0.564341 -0.554219 -0.543991 -0.533705 -0.523402 -0.513111 -0.502844 -0.492597 -0.482216 -0.471425 -0.460171 -0.4484 -0.436063 -0.423119 -0.409544 -0.395332 -0.380497 -0.365079 -0.349139 -0.33277 -0.316085 -0.299224 -0.282338 -0.264465 -0.24565 -0.22638 -0.206324 -0.185467 -0.163885 -0.141702 -0.119113 -0.0964044 -0.0739731 -0.0523384 -0.0321592 -0.0143019 0.00552123 0.0268623 0.0492297 0.0723161 0.0957445 0.1191 0.144051 0.169968 0.196267 0.222429 0.248003 0.272623 0.295939 0.317365 0.33729 0.35567 0.373539 0.390695 0.406975 0.42226 0.436469 0.449564 0.461548 0.472461 0.48238 0.491413 0.499698 0.507389 0.514644 0.52161 0.528672 0.535918 0.543405 0.551148 0.559128 0.567298 0.575593 0.583939 0.592257 0.600468 0.608495 0.61627 0.623732 0.630833 0.637543 0.643851 0.64977 0.655345 0.660658 0.665835 0.67105 
-0.743155 -0.737123 -0.731123 -0.724949 -0.718449 -0.711517 -0.704089 -0.69613 -0.687634 -0.678616 -0.669106 -0.659147 -0.64879 -0.638093 -0.627116 -0.615916 -0.604548 -0.593062 -0.581496 -0.56988 -0.558224 -0.546525 -0.534625 -0.52223 -0.509295 -0.495772 -0.481621 -0.466812 -0.451331 -0.435182 -0.418393 -0.401015 -0.383125 -0.364826 -0.346246 -0.327534 -0.308854 -0.289095 -0.268306 -0.247008 -0.224868 -0.201889 -0.178174 -0.153876 -0.129218 -0.104512 -0.0801683 -0.0567145 -0.0348136 -0.0153466 0.00611032 0.029089 0.0530896 0.0778066 0.102867 0.127858 0.154478 0.182098 0.21014 0.238082 0.265472 0.291936 0.31711 0.340378 0.362125 0.382289 0.402047 0.42118 0.439506 0.456884 0.473216 0.488447 0.502561 0.515583 0.527574 0.53863 0.548868 0.558426 0.567446 0.576057 0.58468 0.59339 0.602241 0.611252 0.620412 0.62968 0.639002 0.648306 0.657519 0.666565 0.675368 0.683862 0.691987 0.6997 0.706972 0.713797 0.720195 0.726217 0.731953 0.737538 0.743155 
-0.82247 -0.815999 -0.80955 -0.802911 -0.795919 -0.788459 -0.780458 -0.771875 -0.762697 -0.752933 -0.742611 -0.731772 -0.720464 -0.708745 -0.696673 -0.684305 -0.671697 -0.658897 -0.645943 -0.632863 -0.61967 -0.606362 -0.592775 -0.578601 -0.5638 -0.548334 -0.532172 -0.515295 -0.4977 -0.479405 -0.460452 -0.440905 -0.420857 -0.400426 -0.379754 -0.359002 -0.338349 -0.316515 -0.29356 -0.270037 -0.245613 -0.220309 -0.194256 -0.167635 -0.140695 -0.11377 -0.0872848 -0.0617754 -0.0379132 -0.0165994 0.00673359 0.0315953 0.0574748 0.0840666 0.110999 0.137861 0.166382 0.195931 0.22593 0.255859 0.285262 0.313756 0.340966 0.366246 0.389975 0.412075 0.433886 0.455169 0.475724 0.495389 0.514044 0.531612 0.548061 0.563396 0.577661 0.590933 0.603313 0.614919 0.625876 0.636301 0.646647 0.656978 0.667342 0.677761 0.688227 0.698709 0.709156 0.719505 0.729687 0.739627 0.749256 0.758509 0.767331 0.775681 0.783536 0.790895 0.797786 0.804267 0.810438 0.816441 0.82247 
-0.909718 -0.902801 -0.895899 -0.888788 -0.881296 -0.873299 -0.864715 -0.855493 -0.845614 -0.835081 -0.823916 -0.812156 -0.799846 -0.787042 -0.7738 -0.760177 -0.746226 -0.731995 -0.717522 -0.702834 -0.687946 -0.672859 -0.657404 -0.641259 -0.624392 -0.606773 -0.588382 -0.569213 -0.549277 -0.528605 -0.507255 -0.485309 -0.462875 -0.440089 -0.417109 -0.39411 -0.371287 -0.347174 -0.321839 -0.295871 -0.268937 -0.241079 -0.212453 -0.183267 -0.153795 -0.12439 -0.0954933 -0.0676502 -0.0415448 -0.0181041 0.00739046 0.0344237 0.062471 0.0912248 0.120313 0.149322 0.180015 0.211754 0.243962 0.276117 0.30776 0.338499 0.367946 0.39543 0.421322 0.445529 0.469573 0.493199 0.516184 0.538344 0.559538 0.579666 0.598672 0.616542 0.633299 0.649 0.663725 0.677577 0.690661 0.703082 0.715325 0.72744 0.739473 0.751444 0.763348 0.775159 0.786833 0.798312 0.809533 0.820426 0.830927 0.840976 0.850521 0.85953 0.867983 0.875889 0.883283 0.890232 0.896844 0.903272 0.909718 
-1.00569 -0.99833 -0.990975 -0.983392 -0.9754 -0.966865 -0.957694 -0.947828 -0.937238 -0.925919 -0.913887 -0.901173 -0.887818 -0.873873 -0.859391 -0.844426 -0.829031 -0.813252 -0.797125 -0.78068 -0.763932 -0.746886 -0.72937 -0.711048 -0.691896 -0.671896 -0.651039 -0.629333 -0.606804 -0.583502 -0.5595 -0.5349 -0.50983 -0.484443 -0.458915 -0.433442 -0.408233 -0.381612 -0.353662 -0.325 -0.295301 -0.264625 -0.233153 -0.201119 -0.16882 -0.136628 -0.105001 -0.0744958 -0.0458141 -0.0199141 0.00807981 0.0376253 0.0681814 0.0994356 0.131012 0.162495 0.195677 0.229914 0.264625 0.299286 0.333432 0.366664 0.398581 0.428487 0.456748 0.483254 0.509733 0.535912 0.561548 0.586434 0.610403 0.633331 0.655137 0.675782 0.695267 0.713626 0.73092 0.74723 0.762645 0.777257 0.79158 0.805652 0.819513 0.833181 0.846654 0.859909 0.872908 0.8856 0.897927 0.909826 0.921239 0.932113 0.942403 0.952084 0.961145 0.969603 0.977503 0.984921 0.991977 0.998829 1.00569 
-1.11126 -1.10347 -1.09567 -1.08762 -1.07914 -1.07007 -1.06032 -1.04982 -1.03851 -1.02641 -1.01349 -0.999804 -0.98537 -0.970237 -0.954453 -0.93807 -0.921135 -0.903693 -0.885781 -0.867427 -0.848649 -0.829456 -0.809672 -0.788954 -0.767284 -0.744656 -0.721076 -0.696566 -0.671171 -0.644959 -0.618025 -0.590492 -0.562509 -0.534249 -0.505911 -0.477711 -0.449876 -0.420495 -0.389661 -0.358025 -0.325266 -0.291467 -0.25683 -0.221614 -0.186139 -0.150796 -0.11606 -0.0825041 -0.0508507 -0.0220952 0.00879963 0.0412616 0.0747302 0.108885 0.143344 0.177686 0.213732 0.250829 0.288389 0.325883 0.36284 0.398854 0.43351 0.466091 0.496955 0.525978 0.555119 0.584088 0.612621 0.640485 0.667487 0.693476 0.718343 0.742024 0.764492 0.785757 0.805858 0.824854 0.842817 0.859825 0.876418 0.892623 0.908472 0.923982 0.939151 0.95396 0.968377 0.982356 0.995847 1.0088 1.02115 1.03287 1.04392 1.05427 1.06394 1.07295 1.08135 1.08923 1.09672 1.10399 1.11126 
-1.22738 -1.21918 -1.21096 -1.20247 -1.19351 -1.18394 -1.17363 -1.1625 -1.1505 -1.13761 -1.12382 -1.10915 -1.09362 -1.07727 -1.06013 -1.04226 -1.0237 -1.0045 -0.984671 -0.964261 -0.943283 -0.92175 -0.899486 -0.876139 -0.851704 -0.826185 -0.799604 -0.772003 -0.743444 -0.71402 -0.683848 -0.653073 -0.621871 -0.590439 -0.559 -0.527791 -0.497063 -0.464634 -0.430612 -0.395679 -0.359521 -0.322239 -0.28406 -0.245267 -0.206202 -0.167275 -0.12898 -0.0919111 -0.0568145 -0.0247288 0.00954646 0.0454064 0.0822681 0.1198 0.15761 0.195267 0.234623 0.275007 0.315824 0.356536 0.396667 0.4358 0.47351 0.509059 0.542797 0.574584 0.606645 0.638671 0.670373 0.701494 0.731812 0.761146 0.789359 0.816356 0.842081 0.866517 0.889678 0.9116 0.932339 0.951956 0.971013 0.989524 1.00752 1.02501 1.04199 1.05845 1.07437 1.08969 1.10439 1.11842 1.13174 1.14431 1.15611 1.16713 1.1774 1.18694 1.19582 1.20415 1.21206 1.21973 1.22738 
-1.35512 -1.34655 -1.33794 -1.32903 -1.31964 -1.30959 -1.29875 -1.28703 -1.27438 -1.26073 -1.24609 -1.23045 -1.21383 -1.19624 -1.17773 -1.15833 -1.13808 -1.11701 -1.09516 -1.07256 -1.04922 -1.02515 -1.00019 -0.973982 -0.946523 -0.917836 -0.887961 -0.856959 -0.824917 -0.79195 -0.758204 -0.723851 -0.689093 -0.654156 -0.619289 -0.584756 -0.550833 -0.515031 -0.477471 -0.438865 -0.398908 -0.357722 -0.315556 -0.272715 -0.229564 -0.186537 -0.144146 -0.10301 -0.0639046 -0.0279171 0.0103146 0.0501497 0.0909791 0.132456 0.174177 0.215696 0.25889 0.30307 0.347626 0.392014 0.435745 0.478396 0.519528 0.558387 0.595312 0.630151 0.665427 0.700809 0.735987 0.770675 0.804621 0.837612 0.869477 0.900089 0.929362 0.957249 0.983735 1.00883 1.03258 1.05502 1.07673 1.09772 1.118 1.13759 1.15649 1.17469 1.19216 1.20888 1.22481 1.23993 1.25421 1.26761 1.28015 1.29182 1.30265 1.31269 1.32203 1.33078 1.33908 1.34712 1.35512 
-1.49563 -1.48674 -1.47779 -1.46853 -1.45875 -1.44827 -1.43697 -1.42472 -1.41145 -1.39711 -1.38167 -1.3651 -1.34741 -1.32862 -1.30873 -1.28778 -1.2658 -1.24282 -1.21885 -1.19393 -1.16808 -1.1413 -1.11344 -1.08412 -1.05338 -1.02124 -0.98776 -0.953031 -0.917162 -0.880297 -0.842611 -0.804308 -0.765622 -0.72681 -0.68815 -0.649937 -0.612472 -0.572921 -0.531419 -0.488701 -0.444475 -0.398882 -0.352196 -0.304745 -0.256917 -0.209169 -0.162037 -0.116168 -0.0723716 -0.0317893 0.0110948 0.0556009 0.10109 0.147197 0.193499 0.239536 0.287202 0.335783 0.384656 0.43326 0.481101 0.52774 0.572729 0.615299 0.655777 0.694 0.732829 0.771912 0.810912 0.849513 0.88743 0.924416 0.960266 0.994815 1.02794 1.05957 1.08965 1.11818 1.14517 1.17064 1.19519 1.2188 1.2415 1.26329 1.28418 1.30416 1.32322 1.34135 1.35851 1.3747 1.3899 1.40411 1.41734 1.42961 1.44095 1.45146 1.4612 1.47032 1.47896 1.48732 1.49563 
-1.6502 -1.64106 -1.63184 -1.62229 -1.6122 -1.60138 -1.58969 -1.57699 -1.56321 -1.54826 -1.53209 -1.51467 -1.49599 -1.47604 -1.45483 -1.43236 -1.40865 -1.38372 -1.35758 -1.33026 -1.30178 -1.27213 -1.24117 -1.20852 -1.17424 -1.13836 -1.10096 -1.06217 -1.02211 -0.980962 -0.93894 -0.896281 -0.853253 -0.81015 -0.767285 -0.724985 -0.683582 -0.639846 -0.593926 -0.546578 -0.497524 -0.446928 -0.395085 -0.342347 -0.289127 -0.235909 -0.183258 -0.131849 -0.0825332 -0.0365106 0.011873 0.0618951 0.112883 0.164447 0.216143 0.26749 0.32039 0.374101 0.427979 0.48145 0.534004 0.585191 0.634553 0.681307 0.72577 0.767764 0.810538 0.853716 0.89693 0.939832 0.982102 1.02345 1.06364 1.10247 1.13977 1.17544 1.20939 1.24159 1.27204 1.30073 1.32827 1.35463 1.37983 1.40389 1.42681 1.44859 1.46923 1.48873 1.50708 1.52429 1.54036 1.5553 1.56914 1.58193 1.59372 1.60461 1.61469 1.62411 1.63303 1.64165 1.6502 
-1.82022 -1.81093 -1.80154 -1.79181 -1.78151 -1.77045 -1.75848 -1.74546 -1.73128 -1.71584 -1.69908 -1.68095 -1.6614 -1.64041 -1.61796 -1.59405 -1.56867 -1.54183 -1.51353 -1.48378 -1.45259 -1.41996 -1.38573 -1.34956 -1.31149 -1.2716 -1.22997 -1.18676 -1.14214 -1.09631 -1.04952 -1.00206 -0.954229 -0.906369 -0.858829 -0.811974 -0.766172 -0.717742 -0.666845 -0.614251 -0.559702 -0.503383 -0.445613 -0.38677 -0.327294 -0.267698 -0.208579 -0.150646 -0.0947971 -0.0422945 0.0126275 0.0691998 0.126711 0.184742 0.242823 0.300443 0.359502 0.419223 0.478939 0.538056 0.596049 0.652456 0.706803 0.758305 0.807259 0.853479 0.900657 0.948384 0.99626 1.0439 1.09094 1.13707 1.18198 1.22543 1.26723 1.30723 1.34531 1.38142 1.41551 1.44759 1.47824 1.50742 1.53517 1.56149 1.58642 1.60995 1.6321 1.65289 1.67234 1.69046 1.70728 1.72284 1.73719 1.75039 1.76252 1.77368 1.784 1.79363 1.80274 1.81152 1.82022 
-2.00724 -1.99794 -1.98851 -1.97872 -1.96835 -1.9572 -1.94511 -1.93192 -1.91751 -1.90177 -1.8846 -1.86594 -1.84571 -1.82386 -1.80036 -1.77517 -1.74826 -1.71963 -1.68925 -1.65711 -1.62321 -1.58755 -1.54996 -1.51012 -1.46808 -1.42392 -1.37778 -1.32981 -1.28023 -1.22929 -1.17728 -1.12453 -1.07139 -1.01824 -0.965488 -0.913536 -0.862796 -0.80907 -0.752529 -0.693952 -0.633104 -0.570193 -0.505562 -0.439617 -0.372829 -0.305743 -0.238991 -0.173326 -0.109692 -0.0494203 0.0133258 0.0777256 0.143024 0.208767 0.274447 0.339526 0.405873 0.472677 0.539242 0.604951 0.669261 0.731693 0.791765 0.848686 0.902734 0.953719 1.00583 1.05864 1.11169 1.16456 1.21685 1.26818 1.31821 1.36666 1.41328 1.45789 1.50033 1.54053 1.57841 1.61397 1.64777 1.67977 1.71002 1.73854 1.76537 1.79052 1.81404 1.83597 1.85634 1.8752 1.89261 1.90861 1.9233 1.93675 1.94907 1.96038 1.97081 1.98052 1.98969 1.99852 2.00724 
-2.21296 -2.20381 -2.19451 -2.18484 -2.17457 -2.16352 -2.15151 -2.13837 -2.12397 -2.10816 -2.09085 -2.07192 -2.05128 -2.02886 -2.00458 -1.97838 -1.95021 -1.92002 -1.88777 -1.85341 -1.81693 -1.7783 -1.73735 -1.69378 -1.64764 -1.59904 -1.54812 -1.49508 -1.44017 -1.38369 -1.32597 -1.26739 -1.20836 -1.14933 -1.09074 -1.03306 -0.976745 -0.917005 -0.854021 -0.788568 -0.720444 -0.649877 -0.57724 -0.502968 -0.427566 -0.351616 -0.275792 -0.200892 -0.127914 -0.0582571 0.0139194 0.0877397 0.1624 0.2374 0.312191 0.386196 0.461228 0.536436 0.611091 0.684549 0.756246 0.825687 0.892376 0.955526 1.01539 1.07178 1.12947 1.18797 1.24679 1.30545 1.36349 1.4205 1.47607 1.52987 1.58161 1.63106 1.67805 1.72244 1.76417 1.80321 1.8401 1.87482 1.90741 1.93793 1.96643 1.99296 2.0176 2.0404 2.06143 2.08077 2.09851 2.11473 2.12953 2.14302 2.15533 2.16659 2.17695 2.18657 2.19565 2.20437 2.21296 
-2.43926 -2.43046 -2.4215 -2.41216 -2.40223 -2.39152 -2.37985 -2.36704 -2.35294 -2.3374 -2.32029 -2.30146 -2.28082 -2.25823 -2.2336 -2.20682 -2.1778 -2.14646 -2.11272 -2.07649 -2.03772 -1.99635 -1.95221 -1.905 -1.85478 -1.80165 -1.7458 -1.68743 -1.62685 -1.56439 -1.50045 -1.43546 -1.36991 -1.3043 -1.23916 -1.17499 -1.11234 -1.04572 -0.975316 -0.901893 -0.825285 -0.745749 -0.663684 -0.57956 -0.493921 -0.407391 -0.320692 -0.234672 -0.150385 -0.0692998 0.0143354 0.0995843 0.185587 0.271788 0.357588 0.442359 0.527822 0.613082 0.697369 0.780013 0.860422 0.938081 1.01249 1.08286 1.14942 1.21199 1.276 1.34092 1.4062 1.47128 1.53566 1.59884 1.66037 1.71986 1.77696 1.83141 1.883 1.93158 1.97707 2.01943 2.05918 2.09632 2.13092 2.16307 2.19285 2.22036 2.2457 2.26897 2.29028 2.30973 2.32745 2.34355 2.35816 2.37141 2.38344 2.39441 2.40447 2.4138 2.42257 2.43099 2.43926 
-2.68819 -2.68 -2.67164 -2.6629 -2.65359 -2.64352 -2.63251 -2.62039 -2.60699 -2.59215 -2.5757 -2.55749 -2.53738 -2.51521 -2.49083 -2.46411 -2.4349 -2.40307 -2.36848 -2.331 -2.29052 -2.24692 -2.20001 -2.1495 -2.09544 -2.03792 -1.97712 -1.91329 -1.84677 -1.77794 -1.70726 -1.63524 -1.56245 -1.48946 -1.41688 -1.34533 -1.2754 -1.20082 -1.12178 -1.03902 -0.952406 -0.86224 -0.76895 -0.673047 -0.575117 -0.475835 -0.375975 -0.27644 -0.178345 -0.0832178 0.0144637 0.113698 0.213564 0.313438 0.412657 0.510535 0.608643 0.706039 0.801913 0.895557 0.98635 1.07376 1.15726 1.23609 1.31045 1.38015 1.45142 1.52363 1.59617 1.66841 1.73975 1.80961 1.87749 1.94293 2.00553 2.06499 2.12107 2.1736 2.22251 2.26779 2.3099 2.3489 2.3849 2.41804 2.44847 2.47633 2.50176 2.52491 2.54593 2.56498 2.58219 2.59773 2.61173 2.62437 2.63579 2.64615 2.65563 2.66439 2.67261 2.68048 2.68819 
-2.96201 -2.95473 -2.94728 -2.93947 -2.93112 -2.92207 -2.91214 -2.90116 -2.88896 -2.87535 -2.86019 -2.84327 -2.82443 -2.80349 -2.78024 -2.75452 -2.72611 -2.69481 -2.66042 -2.62275 -2.58158 -2.53671 -2.48792 -2.43488 -2.3776 -2.31615 -2.25069 -2.1815 -2.10892 -2.03342 -1.9555 -1.87578 -1.79491 -1.71358 -1.6325 -1.5524 -1.47399 -1.39007 -1.30081 -1.20691 -1.10832 -1.00537 -0.898521 -0.788342 -0.675473 -0.560645 -0.444691 -0.328572 -0.213456 -0.100919 0.0141337 0.130635 0.247597 0.364315 0.480051 0.59405 0.707659 0.819887 0.929877 1.03688 1.14024 1.23938 1.33378 1.4227 1.50628 1.58433 1.66403 1.74465 1.82543 1.90567 1.98465 2.06172 2.13627 2.20778 2.2758 2.33999 2.4001 2.45598 2.50756 2.55489 2.59843 2.63828 2.67465 2.70777 2.73784 2.76508 2.78969 2.81188 2.83183 2.84975 2.86581 2.88019 2.89307 2.90461 2.91499 2.92436 2.9329 2.94076 2.94812 2.95515 2.96201 
-3.26321 -3.25719 -3.251 -3.2445 -3.23753 -3.22995 -3.22159 -3.2123 -3.20191 -3.19026 -3.17716 -3.16243 -3.14586 -3.12726 -3.10639 -3.08302 -3.05689 -3.02773 -2.99525 -2.95913 -2.91905 -2.87468 -2.82567 -2.77165 -2.71249 -2.64821 -2.57892 -2.50487 -2.42646 -2.34415 -2.25858 -2.17042 -2.08046 -1.98954 -1.89853 -1.80831 -1.71976 -1.62454 -1.52284 -1.41533 -1.30202 -1.18332 -1.05977 -0.931981 -0.800677 -0.666655 -0.530808 -0.394152 -0.257892 -0.123609 0.0130752 0.151038 0.289233 0.426867 0.563119 0.69716 0.830011 0.960638 1.08813 1.21169 1.33061 1.44426 1.55207 1.65334 1.74814 1.83627 1.92602 2.0165 2.10682 2.19609 2.28349 2.36822 2.44959 2.52699 2.59995 2.66808 2.73116 2.78908 2.84185 2.8896 2.93283 2.97179 3.00682 3.03825 3.06641 3.09158 3.11404 3.13405 3.15185 3.16767 3.18171 3.19417 3.20524 3.21509 3.22389 3.2318 3.23897 3.24555 3.25169 3.25752 3.26321 
-3.59453 -3.59014 -3.58562 -3.58086 -3.57573 -3.57013 -3.56392 -3.55698 -3.54916 -3.54032 -3.53029 -3.5189 -3.50594 -3.49121 -3.47447 -3.45545 -3.43385 -3.40934 -3.38152 -3.34996 -3.31416 -3.27355 -3.22753 -3.17552 -3.11718 -3.05236 -2.98107 -2.90353 -2.82008 -2.73125 -2.63772 -2.5403 -2.43991 -2.33758 -2.23442 -2.13157 -2.03016 -1.9205 -1.80282 -1.67777 -1.54557 -1.40675 -1.26196 -1.11194 -0.957495 -0.799499 -0.638894 -0.476718 -0.314164 -0.152729 0.0108525 0.175447 0.339988 0.503615 0.665442 0.824578 0.981594 1.13544 1.28515 1.42987 1.56878 1.70118 1.82638 1.94365 2.05289 2.15387 2.25625 2.35888 2.46061 2.56034 2.65704 2.74979 2.83778 2.92034 2.99696 3.06727 3.1311 3.18844 3.23945 3.28448 3.32419 3.35914 3.38988 3.41692 3.44069 3.46159 3.47995 3.49607 3.51022 3.52264 3.53354 3.54312 3.55154 3.55897 3.56556 3.57145 3.57675 3.5816 3.58611 3.59038 3.59453 
-3.95898 -3.95662 -3.95417 -3.95159 -3.94879 -3.94572 -3.9423 -3.93845 -3.93408 -3.92908 -3.92335 -3.91676 -3.90916 -3.90039 -3.89025 -3.87851 -3.86491 -3.84912 -3.83071 -3.80916 -3.7838 -3.75366 -3.71722 -3.67323 -3.62099 -3.56013 -3.49056 -3.41239 -3.32595 -3.23171 -3.13033 -3.02265 -2.90971 -2.79271 -2.67306 -2.55231 -2.43213 -2.30122 -2.16029 -2.01026 -1.85182 -1.68576 -1.51296 -1.33427 -1.15056 -0.962734 -0.771692 -0.57839 -0.383869 -0.189354 0.00678301 0.203525 0.399905 0.595079 0.788189 0.978362 1.1656 1.34893 1.52744 1.70019 1.86631 2.02488 2.17502 2.31573 2.44637 2.56625 2.68663 2.80584 2.92235 3.03478 3.14191 3.24272 3.33637 3.42221 3.49975 3.56868 3.62891 3.68051 3.72386 3.75969 3.78929 3.81414 3.83522 3.85319 3.86859 3.88181 3.89318 3.90299 3.91145 3.91876 3.92509 3.93057 3.93535 3.93951 3.94318 3.94643 3.94934 3.95198 3.95443 3.95674 3.95898 
-4.35988 -4.35988 -4.35988 -4.35988 -4.35988 -4.35988 -4.35988 -4.35988 -4.35988 -4.35988 -4.35988 -4.35988 -4.35988 -4.35988 -4.35988 -4.35988 -4.35988 -4.35988 -4.35988 -4.35988 -4.35988 -4.35818 -4.34554 -4.3206 -4.28344 -4.23416 -4.17289 -4.09982 -4.01514 -3.9191 -3.81197 -3.69406 -3.56569 -3.42722 -3.27907 -3.12163 -2.95535 -2.78072 -2.59821 -2.40836 -2.21168 -2.00875 -1.80014 -1.58643 -1.36823 -1.14616 -0.920842 -0.692921 -0.46304 -0.231848 0 0.231848 0.46304 0.692921 0.920842 1.14616 1.36823 1.58643 1.80014 2.00875 2.21168 2.40836 2.59821 2.78072 2.95535 3.12163 3.27907 3.42722 3.56569 3.69406 3.81197 3.9191 4.01514 4.09982 4.17289 4.23416 4.28344 4.3206 4.34554 4.35818 4.35988 4.35988 4.35988 4.35988 4.35988 4.35988 4.35988 4.35988 4.35988 4.35988 4.35988 4.35988 4.35988 4.35988 4.35988 4.35988 4.35988 4.35988 4.35988 4.35988 4.35988 
