4.13519 3.61429 3.16133 2.76745 2.42495 2.12712 1.86814 1.64294 1.44712 1.27683 1.12876 1 0.888036 0.777479 0.669721 0.566116 0.467968 0.37651 0.292893 0.218169 0.153276 0.0990311 0.0561167 0.0250721 0.00628779 0 0.00628779 0.0250721 0.0561167 0.0990311 0.153276 0.218169 0.292893 0.37651 0.467968 0.566116 0.669721 0.777479 0.888036 1 1.12876 1.27683 1.44712 1.64294 1.86814 2.12712 2.42495 2.76745 3.16133 3.61429 4.13519 
4.13519 3.61652 3.16453 2.77095 2.42834 2.13017 1.87069 1.64489 1.44842 1.27745 1.12866 0.999176 0.886375 0.775096 0.66674 0.562668 0.464199 0.372603 0.289178 0.214606 0.149843 0.0957585 0.0530961 0.0224992 0.00483887 -0.0012569 0.00483887 0.0224992 0.0530961 0.0957585 0.149843 0.214606 0.289178 0.372603 0.464199 0.562668 0.66674 0.775096 0.886375 0.999176 1.12866 1.27745 1.44842 1.64489 1.87069 2.13017 2.42834 2.77095 3.16453 3.61652 4.13519 
4.13519 3.61907 3.1682 2.77497 2.43225 2.13367 1.87362 1.64714 1.44991 1.27815 1.12853 0.998191 0.884409 0.7723 0.663261 0.55866 0.459838 0.36811 0.284916 0.210517 0.145905 0.0920119 0.0496594 0.0196232 0.00306249 -0.0028258 0.00306249 0.0196232 0.0496594 0.0920119 0.145905 0.210517 0.284916 0.36811 0.459838 0.55866 0.663261 0.7723 0.884409 0.998191 1.12853 1.27815 1.44991 1.64714 1.87362 2.13367 2.43225 2.77497 3.1682 3.61907 4.13519 
4.13519 3.62197 3.17239 2.77956 2.43672 2.1377 1.87699 1.64972 1.45163 1.27895 1.12836 0.997002 0.882073 0.769011 0.659194 0.553998 0.454788 0.362937 0.280018 0.205813 0.141376 0.0877137 0.0457402 0.0163754 0.00087061 -0.00479469 0.00087061 0.0163754 0.0457402 0.0877137 0.141376 0.205813 0.280018 0.362937 0.454788 0.553998 0.659194 0.769011 0.882073 0.997002 1.12836 1.27895 1.45163 1.64972 1.87699 2.1377 2.43672 2.77956 3.17239 3.62197 4.13519 
4.13519 3.62526 3.17716 2.78482 2.44185 2.14232 1.88085 1.65268 1.45358 1.27983 1.12811 0.995552 0.87929 0.765133 0.65443 0.548565 0.448933 0.356974 0.274374 0.200388 0.136153 0.0827683 0.0412529 0.0126614 -0.00185098 -0.00727882 -0.00185098 0.0126614 0.0412529 0.0827683 0.136153 0.200388 0.274374 0.356974 0.448933 0.548565 0.65443 0.765133 0.87929 0.995552 1.12811 1.27983 1.45358 1.65268 1.88085 2.14232 2.44185 2.78482 3.17716 3.62526 4.13519 
4.13519 3.62896 3.18258 2.79081 2.44771 2.14759 1.88526 1.65604 1.45578 1.28078 1.12774 0.993765 0.875962 0.760549 0.648838 0.542222 0.442135 0.350086 0.267849 0.194109 0.130109 0.0770556 0.036084 0.00835081 -0.00525093 -0.0104296 -0.00525093 0.00835081 0.036084 0.0770556 0.130109 0.194109 0.267849 0.350086 0.442135 0.542222 0.648838 0.760549 0.875962 0.993765 1.12774 1.28078 1.45578 1.65604 1.88526 2.14759 2.44771 2.79081 3.18258 3.62896 4.13519 
4.13519 3.63313 3.18871 2.79761 2.45437 2.15359 1.89027 1.65984 1.45822 1.28177 1.12718 0.991543 0.871966 0.755112 0.642255 0.534802 0.434225 0.342106 0.260277 0.186809 0.123082 0.0704207 0.03008 0.00326547 -0.00952346 -0.0144463 -0.00952346 0.00326547 0.03008 0.0704207 0.123082 0.186809 0.260277 0.342106 0.434225 0.534802 0.642255 0.755112 0.871966 0.991543 1.12718 1.28177 1.45822 1.65984 1.89027 2.15359 2.45437 2.79761 3.18871 3.63313 4.13519 
4.13519 3.63779 3.19562 2.80529 2.4619 2.16038 1.89591 1.66408 1.4609 1.28275 1.12633 0.988758 0.867145 0.748642 0.634485 0.526097 0.424996 0.332829 0.251444 0.178279 0.114865 0.0626602 0.0230306 -0.00283766 -0.0149236 -0.0195919 -0.0149236 -0.00283766 0.0230306 0.0626602 0.114865 0.178279 0.251444 0.332829 0.424996 0.526097 0.634485 0.748642 0.867145 0.988758 1.12633 1.28275 1.4609 1.66408 1.89591 2.16038 2.4619 2.80529 3.19562 3.63779 4.13519 
4.13519 3.64296 3.20334 2.81393 2.47039 2.16802 1.90224 1.66878 1.46376 1.28363 1.12508 0.98524 0.861301 0.74091 0.62528 0.515851 0.414189 0.321989 0.241082 0.168247 0.105188 0.0535016 0.0146459 -0.0102878 -0.0217884 -0.0262138 -0.0217884 -0.0102878 0.0146459 0.0535016 0.105188 0.168247 0.241082 0.321989 0.414189 0.515851 0.62528 0.74091 0.861301 0.98524 1.12508 1.28363 1.46376 1.66878 1.90224 2.16802 2.47039 2.81393 3.20334 3.64296 4.13519 
4.13519 3.64866 3.21193 2.82357 2.47987 2.17653 1.90924 1.6739 1.46675 1.28428 1.12323 0.980769 0.854174 0.731627 0.614329 0.50374 0.401472 0.309249 0.228839 0.156358 0.0936911 0.0425743 0.00452539 -0.019529 -0.0305654 -0.0347717 -0.0305654 -0.019529 0.00452539 0.0425743 0.0936911 0.156358 0.228839 0.309249 0.401472 0.50374 0.614329 0.731627 0.854174 0.980769 1.12323 1.28428 1.46675 1.6739 1.90924 2.17653 2.47987 2.82357 3.21193 3.64866 4.13519 
4.13519 3.65488 3.2214 2.83425 2.49038 2.18593 1.91689 1.67937 1.46971 1.28452 1.12055 0.975051 0.845432 0.720426 0.601237 0.489351 0.386417 0.294163 0.214254 0.14214 0.0798896 0.02937 -0.0078824 -0.0311584 -0.0418533 -0.0458759 -0.0418533 -0.0311584 -0.0078824 0.02937 0.0798896 0.14214 0.214254 0.294163 0.386417 0.489351 0.601237 0.720426 0.845432 0.975051 1.12055 1.28452 1.46971 1.67937 1.91689 2.18593 2.49038 2.83425 3.2214 3.65488 4.13519 
4.13519 3.66162 3.23174 2.84595 2.50189 2.19618 1.92511 1.68504 1.47247 1.28408 1.11671 0.9677 0.834637 0.706825 0.585489 0.472144 0.368461 0.276141 0.196713 0.124957 0.0631224 0.013187 -0.023335 -0.0459781 -0.0564556 -0.06034 -0.0564556 -0.0459781 -0.023335 0.013187 0.0631224 0.124957 0.196713 0.276141 0.368461 0.472144 0.585489 0.706825 0.834637 0.9677 1.11671 1.28408 1.47247 1.68504 1.92511 2.19618 2.50189 2.84595 3.23174 3.66162 4.13519 
4.13519 3.66881 3.24288 2.85861 2.51433 2.20714 1.93374 1.6907 1.47471 1.28259 1.11126 0.958202 0.821216 0.690197 0.566412 0.451406 0.346853 0.254393 0.175388 0.103945 0.0424788 -0.00694443 -0.0428692 -0.0650671 -0.0754557 -0.0792548 -0.0754557 -0.0650671 -0.0428692 -0.00694443 0.0424788 0.103945 0.175388 0.254393 0.346853 0.451406 0.566412 0.690197 0.821216 0.958202 1.11126 1.28259 1.47471 1.6907 1.93374 2.20714 2.51433 2.85861 3.24288 3.66881 4.13519 
4.13519 3.67639 3.25472 2.8721 2.52752 2.21863 1.9425 1.696 1.47602 1.27953 1.10359 0.945869 0.804403 0.669709 0.54311 0.42618 0.320575 0.227842 0.149146 0.0779122 0.0166996 -0.0323636 -0.0679005 -0.0898819 -0.10032 -0.104092 -0.10032 -0.0898819 -0.0679005 -0.0323636 0.0166996 0.0779122 0.149146 0.227842 0.320575 0.42618 0.54311 0.669709 0.804403 0.945869 1.10359 1.27953 1.47602 1.696 1.9425 2.21863 2.52752 2.8721 3.25472 3.67639 4.13519 
4.13519 3.68424 3.26707 2.88617 2.54119 2.2303 1.95099 1.70043 1.47578 1.27419 1.09288 0.929781 0.783177 0.644242 0.514373 0.395167 0.288241 0.195012 0.11643 0.045211 -0.0159612 -0.0649186 -0.100361 -0.122398 -0.133041 -0.136849 -0.133041 -0.122398 -0.100361 -0.0649186 -0.0159612 0.045211 0.11643 0.195012 0.288241 0.395167 0.514373 0.644242 0.783177 0.929781 1.09288 1.27419 1.47578 1.70043 1.95099 2.2303 2.54119 2.88617 3.26707 3.68424 4.13519 
4.13519 3.6922 3.27965 2.90048 2.5549 2.24164 1.95859 1.70329 1.47316 1.2656 1.07804 0.908695 0.756156 0.612279 0.478551 0.356584 0.247934 0.153861 0.0750765 0.00355125 -0.0579274 -0.107159 -0.142897 -0.165313 -0.176343 -0.180258 -0.176343 -0.165313 -0.142897 -0.107159 -0.0579274 0.00355125 0.0750765 0.153861 0.247934 0.356584 0.478551 0.612279 0.756156 0.908695 1.07804 1.2656 1.47316 1.70329 1.95859 2.24164 2.5549 2.90048 3.27965 3.6922 4.13519 
4.13519 3.70005 3.29208 2.91451 2.56804 2.2519 1.96444 1.70357 1.46701 1.25244 1.05757 0.880925 0.721457 0.571744 0.433371 0.307963 0.196993 0.101541 0.0220712 -0.0502604 -0.112568 -0.162611 -0.199148 -0.222334 -0.233977 -0.23808 -0.233977 -0.222334 -0.199148 -0.162611 -0.112568 -0.0502604 0.0220712 0.101541 0.196993 0.307963 0.433371 0.571744 0.721457 0.880925 1.05757 1.25244 1.46701 1.70357 1.96444 2.2519 2.56804 2.91451 3.29208 3.70005 4.13519 
4.13519 3.70752 3.30387 2.92757 2.57975 2.26008 1.96736 1.6999 1.45575 1.23292 1.02942 0.844171 0.676501 0.51977 0.375675 0.245855 0.131688 0.0340629 -0.0468122 -0.120693 -0.184586 -0.236174 -0.274162 -0.298613 -0.311156 -0.315549 -0.311156 -0.298613 -0.274162 -0.236174 -0.184586 -0.120693 -0.0468122 0.0340629 0.131688 0.245855 0.375675 0.51977 0.676501 0.844171 1.02942 1.23292 1.45575 1.6999 1.96736 2.26008 2.57975 2.92757 3.30387 3.70752 4.13519 
4.13519 3.71429 3.31438 2.93876 2.58889 2.26482 1.96577 1.69044 1.43727 1.20462 0.990838 0.795279 0.617724 0.452367 0.301041 0.165412 0.0467634 -0.0542059 -0.137534 -0.214042 -0.280588 -0.334727 -0.375032 -0.401392 -0.415219 -0.420036 -0.415219 -0.401392 -0.375032 -0.334727 -0.280588 -0.214042 -0.137534 -0.0542059 0.0467634 0.165412 0.301041 0.452367 0.617724 0.795279 0.990838 1.20462 1.43727 1.69044 1.96577 2.26482 2.58889 2.93876 3.31438 3.71429 4.13519 
4.13519 3.71996 3.32282 2.94696 2.594 2.26433 1.95754 1.67273 1.40872 1.16425 0.938026 0.729903 0.540167 0.363937 0.203225 0.0597518 -0.065264 -0.17129 -0.258588 -0.339271 -0.409987 -0.468074 -0.511878 -0.541033 -0.55668 -0.562106 -0.55668 -0.541033 -0.511878 -0.468074 -0.409987 -0.339271 -0.258588 -0.17129 -0.065264 0.0597518 0.203225 0.363937 0.540167 0.729903 0.938026 1.16425 1.40872 1.67273 1.95754 2.26433 2.594 2.94696 3.32282 3.71996 4.13519 
4.13519 3.72407 3.32828 2.95078 2.59324 2.25633 1.93996 1.64355 1.36631 1.10736 0.865802 0.642012 0.436869 0.246545 0.0732999 -0.0810196 -0.215195 -0.328803 -0.422282 -0.509393 -0.586465 -0.650499 -0.69949 -0.732712 -0.750967 -0.757269 -0.750967 -0.732712 -0.69949 -0.650499 -0.586465 -0.509393 -0.422282 -0.328803 -0.215195 -0.0810196 0.0732999 0.246545 0.436869 0.642012 0.865802 1.10736 1.36631 1.64355 1.93996 2.25633 2.59324 2.95078 3.32828 3.72407 4.13519 
4.13519 3.72611 3.32968 2.94855 2.58438 2.23796 1.90947 1.59863 1.30495 1.02792 0.767003 0.523154 0.29794 0.0887698 -0.101719 -0.271419 -0.41898 -0.543979 -0.64695 -0.743862 -0.830553 -0.903509 -0.960207 -0.999413 -1.02148 -1.02906 -1.02148 -0.999413 -0.960207 -0.903509 -0.830553 -0.743862 -0.64695 -0.543979 -0.41898 -0.271419 -0.101719 0.0887698 0.29794 0.523154 0.767003 1.02792 1.30495 1.59863 1.90947 2.23796 2.58438 2.94855 3.32968 3.72611 4.13519 
4.13519 3.7255 3.3258 2.93834 2.56466 2.20562 1.86153 1.53233 1.21778 0.917602 0.631587 0.361269 0.109016 -0.126241 -0.34127 -0.533454 -0.701065 -0.843463 -0.96113 -1.07314 -1.17456 -1.26109 -1.32943 -1.37763 -1.40541 -1.41492 -1.40541 -1.37763 -1.32943 -1.26109 -1.17456 -1.07314 -0.96113 -0.843463 -0.701065 -0.533454 -0.34127 -0.126241 0.109016 0.361269 0.631587 0.917602 1.21778 1.53233 1.86153 2.20562 2.56466 2.93834 3.3258 3.7255 4.13519 
4.13519 3.72165 3.31529 2.91791 2.5308 2.15476 1.79015 1.43702 1.09522 0.764577 0.444994 0.138532 -0.151537 -0.424357 -0.675771 -0.902228 -1.10114 -1.27119 -1.41245 -1.54857 -1.67329 -1.78105 -1.86741 -1.92945 -1.96602 -1.97849 -1.96602 -1.92945 -1.86741 -1.78105 -1.67329 -1.54857 -1.41245 -1.27119 -1.10114 -0.902228 -0.675771 -0.424357 -0.151537 0.138532 0.444994 0.764577 1.09522 1.43702 1.79015 2.15476 2.5308 2.91791 3.31529 3.72165 4.13519 
4.13519 3.71401 3.29684 2.88482 2.47882 2.07944 1.68699 1.30149 0.922754 0.550483 0.184349 -0.173281 -0.518264 -0.847427 -1.15549 -1.43749 -1.68914 -1.90727 -2.09036 -2.26854 -2.43245 -2.5745 -2.689 -2.77219 -2.82212 -2.83903 -2.82212 -2.77219 -2.689 -2.5745 -2.43245 -2.26854 -2.09036 -1.90727 -1.68914 -1.43749 -1.15549 -0.847427 -0.518264 -0.173281 0.184349 0.550483 0.922754 1.30149 1.68699 2.07944 2.47882 2.88482 3.29684 3.71401 4.13519 
4.13519 3.70238 3.26957 2.83676 2.40395 1.97114 1.53832 1.10551 0.672702 0.239891 -0.193091 -0.623699 -1.04786 -1.4612 -1.85943 -2.23846 -2.59435 -2.92344 -3.22232 -3.48791 -3.71745 -3.90859 -4.05933 -4.16814 -4.23387 -4.25586 -4.23387 -4.16814 -4.05933 -3.90859 -3.71745 -3.48791 -3.22232 -2.92344 -2.59435 -2.23846 -1.85943 -1.4612 -1.04786 -0.623699 -0.193091 0.239891 0.672702 1.10551 1.53832 1.97114 2.40395 2.83676 3.26957 3.70238 4.13519 
