    0 146.624186
    1 197.835669
    2 246.436512
    3 280.022275
    4 306.653965
    5 331.789512
    6 356.703104
    7 380.737714
    8 402.922149
    9 422.597221
   10 439.480907
   11 453.554518
   12 464.969574
   13 473.983810
   14 480.917084
   15 486.109337
   16 489.886917
   17 492.527729
   18 494.253886
   19 495.231735
   20 495.586848
   21 495.407766
   22 494.761914
   23 493.711585
   24 492.302355
   25 490.582309
   26 488.586136
   27 486.347356
   28 483.883982
   29 481.215163
   30 478.345760
   31 475.290326
   32 472.055398
   33 468.660157
   34 465.130012
   35 461.489590
   36 457.774095
   37 454.016431
   38 450.244793
   39 446.484899
   40 442.755158
   41 439.060226
   42 435.401904
   43 431.775990
   44 428.171895
   45 424.573895
   46 420.970003
   47 417.352443
   48 413.713341
   49 410.046152
   50 406.346753
   51 402.615807
   52 398.856555
   53 395.074342
   54 391.276165
   55 387.468257
   56 383.655738
   57 379.843902
   58 376.038718
   59 372.247871
   60 368.477331
   61 364.730626
   62 361.011022
   63 357.321403
   64 353.662544
   65 350.033620
   66 346.435341
   67 342.867537
   68 339.329150
   69 335.819165
   70 332.338842
   71 328.886283
   72 325.460672
   73 322.061585
   74 318.687252
   75 315.338195
   76 312.017176
   77 308.725419
   78 305.465128
   79 302.236656
   80 299.041913
   81 295.883436
   82 292.763179
   83 289.683170
   84 286.645891
   85 283.652626
   86 280.704025
   87 277.802166
   88 274.949958
   89 272.148289
   90 269.398213
   91 266.699612
   92 264.052877
   93 261.458192
   94 258.914755
   95 256.421821
   96 253.978463
   97 251.583408
   98 249.235219
   99 246.931428
  100 244.669507
  101 242.450208
  102 240.272292
  103 238.133635
  104 236.032348
  105 233.966333
  106 231.933522
  107 229.931863
  108 227.959535
  109 226.015460
  110 224.096648
  111 222.201210
  112 220.327349
  113 218.473337
  114 216.637154
  115 214.815322
  116 213.009120
  117 211.217639
  118 209.439319
  119 207.672732
  120 205.916544
  121 204.169602
  122 202.430701
  123 200.698770
  124 198.972806
  125 197.251886
  126 195.535163
  127 193.821854
  128 192.111251
  129 190.402726
  130 188.695235
  131 186.987763
  132 185.281168
  133 183.574967
  134 181.868795
  135 180.162339
  136 178.455340
  137 176.747566
  138 175.038854
  139 173.329494
  140 171.619058
  141 169.907213
  142 168.193942
  143 166.479270
  144 164.763257
  145 163.045437
  146 161.325886
  147 159.605665
  148 157.885003
  149 156.163958
  150 154.443093
  151 152.722631
  152 151.002821
  153 149.283932
  154 147.566281
  155 145.850186
  156 144.136021
  157 142.424171
  158 140.714991
  159 139.008163
  160 137.304627
  161 135.605248
  162 133.910462
  163 132.220715
  164 130.536454
  165 128.858141
  166 127.186239
  167 125.521271
  168 123.863690
  169 122.213922
  170 120.572455
  171 118.939555
  172 117.315274
  173 115.700871
  174 114.096819
  175 112.503597
  176 110.921696
  177 109.351718
  178 107.794027
  179 106.249102
  180 104.717449
  181 103.199577
  182 101.695997
  183 100.206535
  184 98.732415
  185 97.274339
  186 95.832714
  187 94.408068
  188 93.000938
  189 91.611860
  190 90.241374
  191 88.890208
  192 87.558720
  193 86.246925
  194 84.955805
  195 83.686301
  196 82.438897
  197 81.214088
  198 80.012440
  199 78.834344
  200 77.680293
  201 76.550715
  202 75.445703
  203 74.366378
  204 73.313219
  205 72.286684
  206 71.287133
  207 70.315009
  208 69.370711
  209 68.454132
  210 67.566180
  211 66.707111
  212 65.877154
  213 65.076502
  214 64.305023
  215 63.562952
  216 62.850564
  217 62.167855
  218 61.514485
  219 60.890541
  220 60.295912
  221 59.730167
  222 59.193361
  223 58.685262
  224 58.205470
  225 57.753529
  226 57.328956
  227 56.931199
  228 56.559678
  229 56.213756
  230 55.892759
  231 55.595937
  232 55.322543
  233 55.071799
  234 54.842885
  235 54.634952
  236 54.447133
  237 54.278541
  238 54.128276
  239 53.995424
  240 53.879067
  241 53.778282
  242 53.692147
  243 53.619743
  244 53.560156
  245 53.512485
  246 53.475837
  247 53.449334
  248 53.432120
  249 53.423353
  250 53.422212
  251 53.427912
  252 53.439671
  253 53.456735
  254 53.478378
  255 53.503904
  256 53.532633
  257 53.563920
  258 53.597144
  259 53.631708
  260 53.667043
  261 53.702606
  262 53.737878
  263 53.772366
  264 53.805608
  265 53.837163
  266 53.866613
  267 53.893568
  268 53.917661
  269 53.938539
  270 53.955876
  271 53.969367
  272 53.978727
  273 53.983675
  274 53.983973
  275 53.979389
  276 53.969729
  277 53.954790
  278 53.934400
  279 53.908401
  280 53.876661
  281 53.839034
  282 53.795420
  283 53.745729
  284 53.689886
  285 53.627820
  286 53.559445
  287 53.484731
  288 53.403648
  289 53.316170
  290 53.222285
  291 53.121966
  292 53.015231
  293 52.902103
  294 52.782605
  295 52.656760
  296 52.524593
  297 52.386173
  298 52.241557
  299 52.090787
  300 51.933944
  301 51.771096
  302 51.602315
  303 51.427715
  304 51.247389
  305 51.061436
  306 50.869961
  307 50.673070
  308 50.470879
  309 50.263504
  310 50.051066
  311 49.833690
  312 49.611505
  313 49.384643
  314 49.153237
  315 48.917426
  316 48.677348
  317 48.433146
  318 48.184800
  319 47.932409
  320 47.676475
  321 47.417139
  322 47.154539
  323 46.888812
  324 46.620092
  325 46.348511
  326 46.074199
  327 45.797288
  328 45.517908
  329 45.236193
  330 44.952275
  331 44.666290
  332 44.378374
  333 44.088665
  334 43.797305
  335 43.504434
  336 43.210193
  337 42.914726
  338 42.618173
  339 42.320676
  340 42.022369
  341 41.723394
  342 41.423885
  343 41.123967
  344 40.823779
  345 40.523449
  346 40.223099
  347 39.922853
  348 39.622825
  349 39.323129
  350 39.023875
  351 38.725168
  352 38.427110
  353 38.129801
  354 37.833337
  355 37.537812
  356 37.243315
  357 36.949936
  358 36.657758
  359 36.366866
  360 36.077338
  361 35.789252
  362 35.502682
  363 35.217699
  364 34.934361
  365 34.652746
  366 34.372919
  367 34.094938
  368 33.818862
  369 33.544744
  370 33.272638
  371 33.002594
  372 32.734660
  373 32.468880
  374 32.205300
  375 31.943960
  376 31.684902
  377 31.428159
  378 31.173760
  379 30.921740
  380 30.672085
  381 30.424866
  382 30.180108
  383 29.937834
  384 29.698061
  385 29.460809
  386 29.226093
  387 28.993929
  388 28.764327
  389 28.537303
  390 28.312868
  391 28.091029
  392 27.871794
  393 27.655165
  394 27.441143
  395 27.229729
  396 27.020924
  397 26.814724
  398 26.611126
  399 26.410125
  400 26.211715
  401 26.015887
  402 25.822634
  403 25.631942
  404 25.443804
  405 25.258206
  406 25.075132
  407 24.894568
  408 24.716496
  409 24.540901
  410 24.367764
  411 24.197065
  412 24.028785
  413 23.862901
  414 23.699390
  415 23.538228
  416 23.379391
  417 23.222851
  418 23.068581
  419 22.916554
  420 22.766742
  421 22.619116
  422 22.473648
  423 22.330305
  424 22.189058
  425 22.049875
  426 21.912723
  427 21.777570
  428 21.644382
  429 21.513125
  430 21.383762
  431 21.256261
  432 21.130589
  433 21.006702
  434 20.884572
  435 20.764161
  436 20.645431
  437 20.528347
  438 20.412870
  439 20.298962
  440 20.186586
  441 20.075705
  442 19.966279
  443 19.858273
  444 19.751647
  445 19.646364
  446 19.542386
  447 19.439666
  448 19.338156
  449 19.237842
  450 19.138688
  451 19.040663
  452 18.943730
  453 18.847855
  454 18.753001
  455 18.659125
  456 18.566193
  457 18.474173
  458 18.383025
  459 18.292711
  460 18.203196
  461 18.114446
  462 18.026426
  463 17.939154
  464 17.852548
  465 17.766574
  466 17.681200
  467 17.596395
  468 17.512126
  469 17.428372
  470 17.345103
  471 17.262302
  472 17.179935
  473 17.097974
  474 17.016394
  475 16.935174
  476 16.854294
  477 16.773732
  478 16.693471
  479 16.613484
  480 16.533750
  481 16.454246
  482 16.374951
  483 16.295843
  484 16.216904
  485 16.138114
  486 16.059456
  487 15.980914
  488 15.902473
  489 15.824119
  490 15.745839
  491 15.667619
  492 15.589449
  493 15.511319
  494 15.433227
  495 15.355153
  496 15.277087
  497 15.199019
  498 15.121024
  499 15.043171
  500 14.965263
  501 14.887291
  502 14.809248
  503 14.731130
  504 14.652932
  505 14.574650
  506 14.496282
  507 14.417827
  508 14.339286
  509 14.260659
  510 14.181947
  511 14.103151
  512 14.024274
  513 13.945315
  514 13.866277
  515 13.787161
  516 13.707969
  517 13.628701
  518 13.549361
  519 13.469948
  520 13.390466
  521 13.310916
  522 13.231301
  523 13.151622
  524 13.071883
  525 12.992085
  526 12.912233
  527 12.832330
  528 12.752381
  529 12.672389
  530 12.592359
  531 12.512294
  532 12.432201
  533 12.352083
  534 12.271946
  535 12.191790
  536 12.111628
  537 12.031463
  538 11.951301
  539 11.871146
  540 11.791006
  541 11.710889
  542 11.630800
  543 11.550748
  544 11.470739
  545 11.390780
  546 11.310877
  547 11.231035
  548 11.151262
  549 11.071564
  550 10.991947
  551 10.912418
  552 10.832984
  553 10.753653
  554 10.674432
  555 10.595327
  556 10.516347
  557 10.437498
  558 10.358789
  559 10.280225
  560 10.201816
  561 10.123568
  562 10.045487
  563 9.967582
  564 9.889862
  565 9.812337
  566 9.735015
  567 9.657906
  568 9.581015
  569 9.504352
  570 9.427918
  571 9.351718
  572 9.275758
  573 9.200043
  574 9.124579
  575 9.049374
  576 8.974434
  577 8.899765
  578 8.825376
  579 8.751273
  580 8.677463
  581 8.603953
  582 8.530749
  583 8.457860
  584 8.385290
  585 8.313048
  586 8.241139
  587 8.169571
  588 8.098349
  589 8.027480
  590 7.956970
  591 7.886826
  592 7.817054
  593 7.747660
  594 7.678651
  595 7.610032
  596 7.541809
  597 7.473989
  598 7.406577
  599 7.339579
  600 7.273001
  601 7.206848
  602 7.141127
  603 7.075842
  604 7.010998
  605 6.946602
  606 6.882658
  607 6.819171
  608 6.756147
  609 6.693591
  610 6.631506
  611 6.569899
  612 6.508773
  613 6.448134
  614 6.387986
  615 6.328334
  616 6.269181
  617 6.210532
  618 6.152392
  619 6.094764
  620 6.037653
  621 5.981061
  622 5.924993
  623 5.869453
  624 5.814444
  625 5.759969
  626 5.706032
  627 5.652636
  628 5.599784
  629 5.547479
  630 5.495724
  631 5.444521
  632 5.393873
  633 5.343784
  634 5.294254
  635 5.245287
  636 5.196884
  637 5.149047
  638 5.101779
  639 5.055081
  640 5.008954
  641 4.963401
  642 4.918421
  643 4.874018
  644 4.830191
  645 4.786941
  646 4.744269
  647 4.702176
  648 4.660662
  649 4.619727
  650 4.579371
  651 4.539595
  652 4.500398
  653 4.461779
  654 4.423737
  655 4.386273
  656 4.349385
  657 4.313072
  658 4.277333
  659 4.242166
  660 4.207570
  661 4.173543
  662 4.140084
  663 4.107190
  664 4.074858
  665 4.043086
  666 4.011872
  667 3.981212
  668 3.951102
  669 3.921541
  670 3.892524
  671 3.864048
  672 3.836108
  673 3.808702
  674 3.781824
  675 3.755471
  676 3.729638
  677 3.704320
  678 3.679513
  679 3.655211
  680 3.631410
  681 3.608104
  682 3.585288
  683 3.562956
  684 3.541102
  685 3.519720
  686 3.498805
  687 3.478346
  688 3.458341
  689 3.438786
  690 3.419672
  691 3.400994
  692 3.382745
  693 3.364917
  694 3.347505
  695 3.330500
  696 3.313895
  697 3.297684
  698 3.281859
  699 3.266412
  700 3.251337
  701 3.236625
  702 3.222269
  703 3.208262
  704 3.194595
  705 3.181262
  706 3.168255
  707 3.155566
  708 3.143188
  709 3.131114
  710 3.119334
  711 3.107843
  712 3.096632
  713 3.085694
  714 3.075022
  715 3.064608
  716 3.054444
  717 3.044524
  718 3.034840
  719 3.025385
  720 3.016151
  721 3.007131
  722 2.998319
  723 2.989707
  724 2.981289
  725 2.973057
  726 2.965004
  727 2.957125
  728 2.949412
  729 2.941859
  730 2.934459
  731 2.927206
  732 2.920094
  733 2.913116
  734 2.906267
  735 2.899541
  736 2.892931
  737 2.886431
  738 2.880037
  739 2.873743
  740 2.867542
  741 2.861430
  742 2.855402
  743 2.849452
  744 2.843575
  745 2.837767
  746 2.832021
  747 2.826335
  748 2.820702
  749 2.815119
  750 2.809581
  751 2.804084
  752 2.798623
  753 2.793195
  754 2.787795
  755 2.782420
  756 2.777065
  757 2.771727
  758 2.766403
  759 2.761088
  760 2.755780
  761 2.750475
  762 2.745170
  763 2.739862
  764 2.734547
  765 2.729223
  766 2.723887
  767 2.718536
  768 2.713168
  769 2.707779
  770 2.702368
  771 2.696932
  772 2.691468
  773 2.685975
  774 2.680450
  775 2.674891
  776 2.669296
  777 2.663664
  778 2.657992
  779 2.652278
  780 2.646521
  781 2.640719
  782 2.634871
  783 2.628975
  784 2.623030
  785 2.617034
  786 2.610986
  787 2.604885
  788 2.598729
  789 2.592518
  790 2.586251
  791 2.579926
  792 2.573543
  793 2.567100
  794 2.560597
  795 2.554033
  796 2.547408
  797 2.540720
  798 2.533969
  799 2.527154
  800 2.520276
  801 2.513333
  802 2.506325
  803 2.499253
  804 2.492115
  805 2.484911
  806 2.477642
  807 2.470306
  808 2.462905
  809 2.455438
  810 2.447904
  811 2.440304
  812 2.432638
  813 2.424906
  814 2.417108
  815 2.409244
  816 2.401314
  817 2.393319
  818 2.385259
  819 2.377134
  820 2.368945
  821 2.360691
  822 2.352373
  823 2.343992
  824 2.335548
  825 2.327041
  826 2.318472
  827 2.309842
  828 2.301150
  829 2.292399
  830 2.283587
  831 2.274716
  832 2.265787
  833 2.256799
  834 2.247755
  835 2.238653
  836 2.229496
  837 2.220284
  838 2.211018
  839 2.201698
  840 2.192326
  841 2.182901
  842 2.173426
  843 2.163900
  844 2.154325
  845 2.144702
  846 2.135031
  847 2.125314
  848 2.115551
  849 2.105743
  850 2.095892
  851 2.085998
  852 2.076062
  853 2.066085
  854 2.056068
  855 2.046013
  856 2.035920
  857 2.025790
  858 2.015624
  859 2.005424
  860 1.995190
  861 1.984924
  862 1.974626
  863 1.964298
  864 1.953941
  865 1.943555
  866 1.933142
  867 1.922704
  868 1.912240
  869 1.901752
  870 1.891242
  871 1.880710
  872 1.870158
  873 1.859586
  874 1.848996
  875 1.838389
  876 1.827767
  877 1.817129
  878 1.806478
  879 1.795814
  880 1.785139
  881 1.774454
  882 1.763759
  883 1.753057
  884 1.742348
  885 1.731633
  886 1.720913
  887 1.710190
  888 1.699465
  889 1.688739
  890 1.678012
  891 1.667286
  892 1.656563
  893 1.645843
  894 1.635127
  895 1.624417
  896 1.613713
  897 1.603017
  898 1.592329
  899 1.581652
  900 1.570985
  901 1.560330
  902 1.549689
  903 1.539061
  904 1.528449
  905 1.517853
  906 1.507274
  907 1.496713
  908 1.486172
  909 1.475651
  910 1.465152
  911 1.454675
  912 1.444221
  913 1.433792
  914 1.423388
  915 1.413011
  916 1.402661
  917 1.392339
  918 1.382047
  919 1.371785
  920 1.361555
  921 1.351356
  922 1.341191
  923 1.331060
  924 1.320963
  925 1.310903
  926 1.300879
  927 1.290893
  928 1.280946
  929 1.271038
  930 1.261171
  931 1.251344
  932 1.241560
  933 1.231818
  934 1.222121
  935 1.212468
  936 1.202860
  937 1.193298
  938 1.183783
  939 1.174316
  940 1.164898
  941 1.155529
  942 1.146210
  943 1.136941
  944 1.127725
  945 1.118560
  946 1.109449
  947 1.100391
  948 1.091388
  949 1.082439
  950 1.073547
  951 1.064711
  952 1.055932
  953 1.047211
  954 1.038548
  955 1.029945
  956 1.021401
  957 1.012917
  958 1.004494
  959 0.996132
  960 0.987833
  961 0.979596
  962 0.971422
  963 0.963312
  964 0.955267
  965 0.947285
  966 0.939370
  967 0.931520
  968 0.923736
  969 0.916018
  970 0.908368
  971 0.900786
  972 0.893272
  973 0.885826
  974 0.878449
  975 0.871141
  976 0.863902
  977 0.856734
  978 0.849636
  979 0.842609
  980 0.835653
  981 0.828768
  982 0.821955
  983 0.815214
  984 0.808545
  985 0.801948
  986 0.795424
  987 0.788973
  988 0.782595
  989 0.776291
  990 0.770060
  991 0.763902
  992 0.757818
  993 0.751808
  994 0.745872
  995 0.740011
  996 0.734223
  997 0.728509
  998 0.722870
  999 0.717305
 1000 0.711814
 1001 0.706398
 1002 0.701055
 1003 0.695787
 1004 0.690593
 1005 0.685472
 1006 0.680426
 1007 0.675453
 1008 0.670553
 1009 0.665727
 1010 0.660974
 1011 0.656294
 1012 0.651686
 1013 0.647151
 1014 0.642688
 1015 0.638296
 1016 0.633976
 1017 0.629727
 1018 0.625549
 1019 0.621441
 1020 0.617403
 1021 0.613434
 1022 0.609534
 1023 0.605703
 1024 0.601940
 1025 0.598244
 1026 0.594616
 1027 0.591053
 1028 0.587557
 1029 0.584125
 1030 0.580758
 1031 0.577455
 1032 0.574216
 1033 0.571039
 1034 0.567923
 1035 0.564869
 1036 0.561876
 1037 0.558942
 1038 0.556067
 1039 0.553250
 1040 0.550491
 1041 0.547788
 1042 0.545141
 1043 0.542549
 1044 0.540011
 1045 0.537527
 1046 0.535094
 1047 0.532713
 1048 0.530383
 1049 0.528102
 1050 0.525871
 1051 0.523687
 1052 0.521550
 1053 0.519459
 1054 0.517413
 1055 0.515411
 1056 0.513453
 1057 0.511537
 1058 0.509662
 1059 0.507828
 1060 0.506033
 1061 0.504276
 1062 0.502557
 1063 0.500875
 1064 0.499228
 1065 0.497617
 1066 0.496038
 1067 0.494493
 1068 0.492979
 1069 0.491497
 1070 0.490044
 1071 0.488621
 1072 0.487225
 1073 0.485857
 1074 0.484516
 1075 0.483199
 1076 0.481908
 1077 0.480640
 1078 0.479395
 1079 0.478172
 1080 0.476970
 1081 0.475788
 1082 0.474626
 1083 0.473482
 1084 0.472356
 1085 0.471248
 1086 0.470155
 1087 0.469078
 1088 0.468016
 1089 0.466967
 1090 0.465932
 1091 0.464910
 1092 0.463899
 1093 0.462899
 1094 0.461910
 1095 0.460930
 1096 0.459959
 1097 0.458997
 1098 0.458043
 1099 0.457096
 1100 0.456155
 1101 0.455220
 1102 0.454291
 1103 0.453367
 1104 0.452446
 1105 0.451530
 1106 0.450616
 1107 0.449706
 1108 0.448797
 1109 0.447891
 1110 0.446985
 1111 0.446080
 1112 0.445176
 1113 0.444271
 1114 0.443366
 1115 0.442460
 1116 0.441552
 1117 0.440643
 1118 0.439731
 1119 0.438817
 1120 0.437900
 1121 0.436980
 1122 0.436057
 1123 0.435129
 1124 0.434198
 1125 0.433262
 1126 0.432321
 1127 0.431375
 1128 0.430424
 1129 0.429468
 1130 0.428506
 1131 0.427537
 1132 0.426563
 1133 0.425582
 1134 0.424594
 1135 0.423600
 1136 0.422599
 1137 0.421590
 1138 0.420574
 1139 0.419551
 1140 0.418520
 1141 0.417481
 1142 0.416434
 1143 0.415379
 1144 0.414316
 1145 0.413245
 1146 0.412165
 1147 0.411077
 1148 0.409980
 1149 0.408875
 1150 0.407761
 1151 0.406638
 1152 0.405506
 1153 0.404365
 1154 0.403216
 1155 0.402057
 1156 0.400890
 1157 0.399713
 1158 0.398528
 1159 0.397333
 1160 0.396129
 1161 0.394916
 1162 0.393694
 1163 0.392463
 1164 0.391223
 1165 0.389974
 1166 0.388716
 1167 0.387449
 1168 0.386173
 1169 0.384887
 1170 0.383593
 1171 0.382291
 1172 0.380979
 1173 0.379658
 1174 0.378329
 1175 0.376992
 1176 0.375645
 1177 0.374290
 1178 0.372927
 1179 0.371555
 1180 0.370175
 1181 0.368787
 1182 0.367391
 1183 0.365986
 1184 0.364574
 1185 0.363153
 1186 0.361725
 1187 0.360289
 1188 0.358846
 1189 0.357395
 1190 0.355937
 1191 0.354471
 1192 0.352999
 1193 0.351519
 1194 0.350032
 1195 0.348539
 1196 0.347038
 1197 0.345532
 1198 0.344018
 1199 0.342498
 1200 0.340972
 1201 0.339440
 1202 0.337902
 1203 0.336358
 1204 0.334809
 1205 0.333253
 1206 0.331692
 1207 0.330126
 1208 0.328555
 1209 0.326978
 1210 0.325397
 1211 0.323811
 1212 0.322220
 1213 0.320624
 1214 0.319025
 1215 0.317421
 1216 0.315812
 1217 0.314200
 1218 0.312584
 1219 0.310965
 1220 0.309341
 1221 0.307715
 1222 0.306085
 1223 0.304452
 1224 0.302816
 1225 0.301177
 1226 0.299535
 1227 0.297891
 1228 0.296244
 1229 0.294596
 1230 0.292945
 1231 0.291292
 1232 0.289637
 1233 0.287981
 1234 0.286323
 1235 0.284664
 1236 0.283003
 1237 0.281341
 1238 0.279679
 1239 0.278015
 1240 0.276351
 1241 0.274687
 1242 0.273022
 1243 0.271356
 1244 0.269691
 1245 0.268026
 1246 0.266361
 1247 0.264696
 1248 0.263032
 1249 0.261368
 1250 0.259705
 1251 0.258043
 1252 0.256382
 1253 0.254723
 1254 0.253064
 1255 0.251407
 1256 0.249752
 1257 0.248098
 1258 0.246447
 1259 0.244797
 1260 0.243149
 1261 0.241504
 1262 0.239861
 1263 0.238221
 1264 0.236583
 1265 0.234948
 1266 0.233316
 1267 0.231687
 1268 0.230062
 1269 0.228439
 1270 0.226821
 1271 0.225205
 1272 0.223594
 1273 0.221986
 1274 0.220383
 1275 0.218783
 1276 0.217188
 1277 0.215597
 1278 0.214010
 1279 0.212429
 1280 0.210851
 1281 0.209279
 1282 0.207712
 1283 0.206150
 1284 0.204593
 1285 0.203041
 1286 0.201495
 1287 0.199954
 1288 0.198419
 1289 0.196889
 1290 0.195366
 1291 0.193849
 1292 0.192337
 1293 0.190832
 1294 0.189333
 1295 0.187841
 1296 0.186355
 1297 0.184876
 1298 0.183404
 1299 0.181939
 1300 0.180480
 1301 0.179029
 1302 0.177585
 1303 0.176148
 1304 0.174718
 1305 0.173296
 1306 0.171882
 1307 0.170475
 1308 0.169076
 1309 0.167685
 1310 0.166302
 1311 0.164927
 1312 0.163560
 1313 0.162201
 1314 0.160851
 1315 0.159509
 1316 0.158175
 1317 0.156850
 1318 0.155534
 1319 0.154227
 1320 0.152928
 1321 0.151639
 1322 0.150358
 1323 0.149087
 1324 0.147825
 1325 0.146572
 1326 0.145328
 1327 0.144094
 1328 0.142869
 1329 0.141654
 1330 0.140448
 1331 0.139252
 1332 0.138066
 1333 0.136890
 1334 0.135724
 1335 0.134567
 1336 0.133421
 1337 0.132285
 1338 0.131158
 1339 0.130042
 1340 0.128937
 1341 0.127842
 1342 0.126757
 1343 0.125682
 1344 0.124618
 1345 0.123565
 1346 0.122522
 1347 0.121489
 1348 0.120468
 1349 0.119457
 1350 0.118457
 1351 0.117467
 1352 0.116489
 1353 0.115521
 1354 0.114564
 1355 0.113618
 1356 0.112683
 1357 0.111759
 1358 0.110846
 1359 0.109944
 1360 0.109053
 1361 0.108173
 1362 0.107304
 1363 0.106446
 1364 0.105600
 1365 0.104764
 1366 0.103939
 1367 0.103126
 1368 0.102323
 1369 0.101532
 1370 0.100751
 1371 0.099982
 1372 0.099224
 1373 0.098476
 1374 0.097740
 1375 0.097014
 1376 0.096300
 1377 0.095596
 1378 0.094904
 1379 0.094222
 1380 0.093551
 1381 0.092891
 1382 0.092241
 1383 0.091602
 1384 0.090974
 1385 0.090356
 1386 0.089749
 1387 0.089152
 1388 0.088565
 1389 0.087989
 1390 0.087423
 1391 0.086867
 1392 0.086321
 1393 0.085786
 1394 0.085260
 1395 0.084744
 1396 0.084237
 1397 0.083741
 1398 0.083253
 1399 0.082776
 1400 0.082307
 1401 0.081848
 1402 0.081398
 1403 0.080957
 1404 0.080525
 1405 0.080102
 1406 0.079687
 1407 0.079281
 1408 0.078883
 1409 0.078494
 1410 0.078113
 1411 0.077739
 1412 0.077374
 1413 0.077017
 1414 0.076667
 1415 0.076325
 1416 0.075990
 1417 0.075662
 1418 0.075342
 1419 0.075028
 1420 0.074722
 1421 0.074422
 1422 0.074128
 1423 0.073841
 1424 0.073561
 1425 0.073286
 1426 0.073017
 1427 0.072755
 1428 0.072497
 1429 0.072246
 1430 0.072000
 1431 0.071759
 1432 0.071523
 1433 0.071292
 1434 0.071066
 1435 0.070845
 1436 0.070628
 1437 0.070416
 1438 0.070208
 1439 0.070004
 1440 0.069804
 1441 0.069608
 1442 0.069416
 1443 0.069228
 1444 0.069042
 1445 0.068860
 1446 0.068682
 1447 0.068506
 1448 0.068334
 1449 0.068164
 1450 0.067997
 1451 0.067832
 1452 0.067670
 1453 0.067511
 1454 0.067353
 1455 0.067198
 1456 0.067045
 1457 0.066893
 1458 0.066744
 1459 0.066596
 1460 0.066449
 1461 0.066305
 1462 0.066161
 1463 0.066019
 1464 0.065878
 1465 0.065738
 1466 0.065599
 1467 0.065461
 1468 0.065324
 1469 0.065188
 1470 0.065052
 1471 0.064917
 1472 0.064782
 1473 0.064648
 1474 0.064514
 1475 0.064381
 1476 0.064247
 1477 0.064114
 1478 0.063981
 1479 0.063848
 1480 0.063714
 1481 0.063581
 1482 0.063447
 1483 0.063314
 1484 0.063180
 1485 0.063045
 1486 0.062910
 1487 0.062775
 1488 0.062639
 1489 0.062503
 1490 0.062366
 1491 0.062228
 1492 0.062090
 1493 0.061951
 1494 0.061812
 1495 0.061671
 1496 0.061530
 1497 0.061388
 1498 0.061244
 1499 0.061100
 1500 0.060955
 1501 0.060810
 1502 0.060663
 1503 0.060515
 1504 0.060365
 1505 0.060215
 1506 0.060064
 1507 0.059912
 1508 0.059758
 1509 0.059603
 1510 0.059448
 1511 0.059290
 1512 0.059132
 1513 0.058973
 1514 0.058812
 1515 0.058650
 1516 0.058487
 1517 0.058322
 1518 0.058156
 1519 0.057989
 1520 0.057821
 1521 0.057651
 1522 0.057480
 1523 0.057308
 1524 0.057134
 1525 0.056960
 1526 0.056783
 1527 0.056606
 1528 0.056427
 1529 0.056247
 1530 0.056066
 1531 0.055883
 1532 0.055699
 1533 0.055514
 1534 0.055327
 1535 0.055140
 1536 0.054950
 1537 0.054760
 1538 0.054568
 1539 0.054376
 1540 0.054181
 1541 0.053986
 1542 0.053790
 1543 0.053592
 1544 0.053393
 1545 0.053193
 1546 0.052991
 1547 0.052789
 1548 0.052585
 1549 0.052380
 1550 0.052174
 1551 0.051967
 1552 0.051759
 1553 0.051550
 1554 0.051339
 1555 0.051128
 1556 0.050915
 1557 0.050702
 1558 0.050487
 1559 0.050272
 1560 0.050055
 1561 0.049838
 1562 0.049620
 1563 0.049400
 1564 0.049180
 1565 0.048959
 1566 0.048737
 1567 0.048514
 1568 0.048291
 1569 0.048066
 1570 0.047841
 1571 0.047615
 1572 0.047388
 1573 0.047160
 1574 0.046932
 1575 0.046703
 1576 0.046474
 1577 0.046243
 1578 0.046012
 1579 0.045781
 1580 0.045549
 1581 0.045316
 1582 0.045082
 1583 0.044849
 1584 0.044614
 1585 0.044379
 1586 0.044144
 1587 0.043908
 1588 0.043672
 1589 0.043435
 1590 0.043198
 1591 0.042961
 1592 0.042723
 1593 0.042485
 1594 0.042247
 1595 0.042008
 1596 0.041769
 1597 0.041530
 1598 0.041290
 1599 0.041051
 1600 0.040811
 1601 0.040571
 1602 0.040331
 1603 0.040091
 1604 0.039850
 1605 0.039610
 1606 0.039369
 1607 0.039129
 1608 0.038888
 1609 0.038648
 1610 0.038408
 1611 0.038167
 1612 0.037927
 1613 0.037687
 1614 0.037446
 1615 0.037207
 1616 0.036967
 1617 0.036727
 1618 0.036488
 1619 0.036248
 1620 0.036009
 1621 0.035771
 1622 0.035532
 1623 0.035294
 1624 0.035056
 1625 0.034819
 1626 0.034582
 1627 0.034345
 1628 0.034108
 1629 0.033872
 1630 0.033637
 1631 0.033402
 1632 0.033167
 1633 0.032933
 1634 0.032700
 1635 0.032466
 1636 0.032234
 1637 0.032002
 1638 0.031771
 1639 0.031540
 1640 0.031310
 1641 0.031080
 1642 0.030852
 1643 0.030623
 1644 0.030396
 1645 0.030169
 1646 0.029943
 1647 0.029718
 1648 0.029494
 1649 0.029270
 1650 0.029047
 1651 0.028825
 1652 0.028604
 1653 0.028384
 1654 0.028164
 1655 0.027946
 1656 0.027728
 1657 0.027511
 1658 0.027295
 1659 0.027080
 1660 0.026866
 1661 0.026654
 1662 0.026442
 1663 0.026231
 1664 0.026021
 1665 0.025812
 1666 0.025604
 1667 0.025398
 1668 0.025192
 1669 0.024988
 1670 0.024784
 1671 0.024582
 1672 0.024381
 1673 0.024181
 1674 0.023982
 1675 0.023785
 1676 0.023588
 1677 0.023393
 1678 0.023199
 1679 0.023007
 1680 0.022815
 1681 0.022625
 1682 0.022436
 1683 0.022249
 1684 0.022063
 1685 0.021878
 1686 0.021694
 1687 0.021512
 1688 0.021331
 1689 0.021152
 1690 0.020974
 1691 0.020797
 1692 0.020622
 1693 0.020448
 1694 0.020275
 1695 0.020104
 1696 0.019935
 1697 0.019766
 1698 0.019600
 1699 0.019434
 1700 0.019271
 1701 0.019108
 1702 0.018948
 1703 0.018788
 1704 0.018631
 1705 0.018474
 1706 0.018320
 1707 0.018167
 1708 0.018015
 1709 0.017865
 1710 0.017716
 1711 0.017569
 1712 0.017424
 1713 0.017280
 1714 0.017138
 1715 0.016997
 1716 0.016858
 1717 0.016721
 1718 0.016585
 1719 0.016451
 1720 0.016318
 1721 0.016187
 1722 0.016057
 1723 0.015930
 1724 0.015803
 1725 0.015679
 1726 0.015556
 1727 0.015434
 1728 0.015315
 1729 0.015196
 1730 0.015080
 1731 0.014965
 1732 0.014852
 1733 0.014740
 1734 0.014630
 1735 0.014521
 1736 0.014414
 1737 0.014309
 1738 0.014205
 1739 0.014103
 1740 0.014003
 1741 0.013904
 1742 0.013807
 1743 0.013711
 1744 0.013616
 1745 0.013524
 1746 0.013433
 1747 0.013343
 1748 0.013255
 1749 0.013168
 1750 0.013083
 1751 0.013000
 1752 0.012918
 1753 0.012837
 1754 0.012758
 1755 0.012680
 1756 0.012604
 1757 0.012529
 1758 0.012456
 1759 0.012384
 1760 0.012313
 1761 0.012244
 1762 0.012176
 1763 0.012109
 1764 0.012044
 1765 0.011980
 1766 0.011918
 1767 0.011856
 1768 0.011796
 1769 0.011737
 1770 0.011680
 1771 0.011623
 1772 0.011568
 1773 0.011514
 1774 0.011461
 1775 0.011409
 1776 0.011359
 1777 0.011309
 1778 0.011260
 1779 0.011213
 1780 0.011166
 1781 0.011121
 1782 0.011076
 1783 0.011033
 1784 0.010990
 1785 0.010949
 1786 0.010908
 1787 0.010868
 1788 0.010829
 1789 0.010791
 1790 0.010754
 1791 0.010717
 1792 0.010681
 1793 0.010646
 1794 0.010612
 1795 0.010579
 1796 0.010546
 1797 0.010514
 1798 0.010482
 1799 0.010451
 1800 0.010421
 1801 0.010391
 1802 0.010362
 1803 0.010334
 1804 0.010306
 1805 0.010278
 1806 0.010251
 1807 0.010225
 1808 0.010199
 1809 0.010173
 1810 0.010148
 1811 0.010123
 1812 0.010099
 1813 0.010074
 1814 0.010051
 1815 0.010027
 1816 0.010004
 1817 0.009982
 1818 0.009959
 1819 0.009937
 1820 0.009915
 1821 0.009893
 1822 0.009872
 1823 0.009851
 1824 0.009830
 1825 0.009809
 1826 0.009788
 1827 0.009767
 1828 0.009747
 1829 0.009727
 1830 0.009707
 1831 0.009686
 1832 0.009666
 1833 0.009647
 1834 0.009627
 1835 0.009607
 1836 0.009587
 1837 0.009567
 1838 0.009548
 1839 0.009528
 1840 0.009508
 1841 0.009489
 1842 0.009469
 1843 0.009449
 1844 0.009430
 1845 0.009410
 1846 0.009390
 1847 0.009370
 1848 0.009350
 1849 0.009330
 1850 0.009310
 1851 0.009290
 1852 0.009269
 1853 0.009249
 1854 0.009229
 1855 0.009208
 1856 0.009187
 1857 0.009167
 1858 0.009146
 1859 0.009124
 1860 0.009103
 1861 0.009082
 1862 0.009060
 1863 0.009039
 1864 0.009017
 1865 0.008995
 1866 0.008973
 1867 0.008951
 1868 0.008928
 1869 0.008906
 1870 0.008883
 1871 0.008860
 1872 0.008837
 1873 0.008813
 1874 0.008790
 1875 0.008766
 1876 0.008742
 1877 0.008718
 1878 0.008694
 1879 0.008670
 1880 0.008645
 1881 0.008620
 1882 0.008595
 1883 0.008570
 1884 0.008545
 1885 0.008519
 1886 0.008493
 1887 0.008467
 1888 0.008441
 1889 0.008415
 1890 0.008388
 1891 0.008362
 1892 0.008335
 1893 0.008308
 1894 0.008280
 1895 0.008253
 1896 0.008225
 1897 0.008197
 1898 0.008169
 1899 0.008141
 1900 0.008113
 1901 0.008084
 1902 0.008055
 1903 0.008026
 1904 0.007997
 1905 0.007968
 1906 0.007938
 1907 0.007908
 1908 0.007879
 1909 0.007849
 1910 0.007818
 1911 0.007788
 1912 0.007757
 1913 0.007727
 1914 0.007696
 1915 0.007665
 1916 0.007633
 1917 0.007602
 1918 0.007571
 1919 0.007539
 1920 0.007507
 1921 0.007475
 1922 0.007443
 1923 0.007411
 1924 0.007378
 1925 0.007346
 1926 0.007313
 1927 0.007280
 1928 0.007247
 1929 0.007214
 1930 0.007181
 1931 0.007148
 1932 0.007114
 1933 0.007081
 1934 0.007047
 1935 0.007013
 1936 0.006980
 1937 0.006946
 1938 0.006911
 1939 0.006877
 1940 0.006843
 1941 0.006809
 1942 0.006774
 1943 0.006740
 1944 0.006705
 1945 0.006670
 1946 0.006636
 1947 0.006601
 1948 0.006566
 1949 0.006531
 1950 0.006496
 1951 0.006461
 1952 0.006425
 1953 0.006390
 1954 0.006355
 1955 0.006319
 1956 0.006284
 1957 0.006249
 1958 0.006213
 1959 0.006178
 1960 0.006142
 1961 0.006107
 1962 0.006071
 1963 0.006035
 1964 0.006000
 1965 0.005964
 1966 0.005928
 1967 0.005893
 1968 0.005857
 1969 0.005821
 1970 0.005786
 1971 0.005750
 1972 0.005714
 1973 0.005678
 1974 0.005643
 1975 0.005607
 1976 0.005571
 1977 0.005536
 1978 0.005500
 1979 0.005465
 1980 0.005429
 1981 0.005393
 1982 0.005358
 1983 0.005323
 1984 0.005287
 1985 0.005252
 1986 0.005216
 1987 0.005181
 1988 0.005146
 1989 0.005111
 1990 0.005076
 1991 0.005040
 1992 0.005005
 1993 0.004971
 1994 0.004936
 1995 0.004901
 1996 0.004866
 1997 0.004832
 1998 0.004797
 1999 0.004762
 2000 0.004728
 2001 0.004694
 2002 0.004660
 2003 0.004625
 2004 0.004591
 2005 0.004558
 2006 0.004524
 2007 0.004490
 2008 0.004456
 2009 0.004423
 2010 0.004389
 2011 0.004356
 2012 0.004323
 2013 0.004290
 2014 0.004257
 2015 0.004224
 2016 0.004192
 2017 0.004159
 2018 0.004127
 2019 0.004094
 2020 0.004062
 2021 0.004030
 2022 0.003999
 2023 0.003967
 2024 0.003935
 2025 0.003904
 2026 0.003873
 2027 0.003841
 2028 0.003811
 2029 0.003780
 2030 0.003749
 2031 0.003719
 2032 0.003688
 2033 0.003658
 2034 0.003628
 2035 0.003598
 2036 0.003569
 2037 0.003539
 2038 0.003510
 2039 0.003481
 2040 0.003452
 2041 0.003423
 2042 0.003395
 2043 0.003367
 2044 0.003338
 2045 0.003310
 2046 0.003283
 2047 0.003255
 2048 0.003228
 2049 0.003200
 2050 0.003173
 2051 0.003147
 2052 0.003120
 2053 0.003094
 2054 0.003067
 2055 0.003041
 2056 0.003016
 2057 0.002990
 2058 0.002965
 2059 0.002940
 2060 0.002915
 2061 0.002890
 2062 0.002866
 2063 0.002841
 2064 0.002817
 2065 0.002793
 2066 0.002770
 2067 0.002746
 2068 0.002723
 2069 0.002700
 2070 0.002678
 2071 0.002655
 2072 0.002633
 2073 0.002611
 2074 0.002589
 2075 0.002568
 2076 0.002546
 2077 0.002525
 2078 0.002504
 2079 0.002484
 2080 0.002463
 2081 0.002443
 2082 0.002423
 2083 0.002404
 2084 0.002384
 2085 0.002365
 2086 0.002346
 2087 0.002327
 2088 0.002309
 2089 0.002291
 2090 0.002273
 2091 0.002255
 2092 0.002237
 2093 0.002220
 2094 0.002203
 2095 0.002186
 2096 0.002170
 2097 0.002153
 2098 0.002137
 2099 0.002121
 2100 0.002106
 2101 0.002091
 2102 0.002075
 2103 0.002060
 2104 0.002046
 2105 0.002031
 2106 0.002017
 2107 0.002003
 2108 0.001989
 2109 0.001976
 2110 0.001963
 2111 0.001950
 2112 0.001937
 2113 0.001924
 2114 0.001912
 2115 0.001899
 2116 0.001888
 2117 0.001876
 2118 0.001864
 2119 0.001853
 2120 0.001842
 2121 0.001831
 2122 0.001820
 2123 0.001810
 2124 0.001799
 2125 0.001789
 2126 0.001780
 2127 0.001770
 2128 0.001760
 2129 0.001751
 2130 0.001742
 2131 0.001733
 2132 0.001724
 2133 0.001716
 2134 0.001707
 2135 0.001699
 2136 0.001691
 2137 0.001683
 2138 0.001676
 2139 0.001668
 2140 0.001661
 2141 0.001654
 2142 0.001646
 2143 0.001640
 2144 0.001633
 2145 0.001626
 2146 0.001620
 2147 0.001613
 2148 0.001607
 2149 0.001601
 2150 0.001595
 2151 0.001590
 2152 0.001584
 2153 0.001578
 2154 0.001573
 2155 0.001568
 2156 0.001562
 2157 0.001557
 2158 0.001552
 2159 0.001548
 2160 0.001543
 2161 0.001538
 2162 0.001534
 2163 0.001529
 2164 0.001525
 2165 0.001520
 2166 0.001516
 2167 0.001512
 2168 0.001508
 2169 0.001504
 2170 0.001500
 2171 0.001496
 2172 0.001492
 2173 0.001489
 2174 0.001485
 2175 0.001481
 2176 0.001478
 2177 0.001474
 2178 0.001471
 2179 0.001467
 2180 0.001464
 2181 0.001461
 2182 0.001457
 2183 0.001454
 2184 0.001451
 2185 0.001448
 2186 0.001445
 2187 0.001442
 2188 0.001439
 2189 0.001435
 2190 0.001432
 2191 0.001429
 2192 0.001426
 2193 0.001423
 2194 0.001421
 2195 0.001418
 2196 0.001415
 2197 0.001412
 2198 0.001409
 2199 0.001406
 2200 0.001403
 2201 0.001400
 2202 0.001397
 2203 0.001394
 2204 0.001391
 2205 0.001389
 2206 0.001386
 2207 0.001383
 2208 0.001380
 2209 0.001377
 2210 0.001374
 2211 0.001371
 2212 0.001368
 2213 0.001365
 2214 0.001362
 2215 0.001359
 2216 0.001356
 2217 0.001353
 2218 0.001350
 2219 0.001347
 2220 0.001344
 2221 0.001341
 2222 0.001338
 2223 0.001335
 2224 0.001332
 2225 0.001329
 2226 0.001325
 2227 0.001322
 2228 0.001319
 2229 0.001316
 2230 0.001312
 2231 0.001309
 2232 0.001306
 2233 0.001303
 2234 0.001299
 2235 0.001296
 2236 0.001292
 2237 0.001289
 2238 0.001285
 2239 0.001282
 2240 0.001278
 2241 0.001275
 2242 0.001271
 2243 0.001268
 2244 0.001264
 2245 0.001260
 2246 0.001257
 2247 0.001253
 2248 0.001249
 2249 0.001245
 2250 0.001242
 2251 0.001238
 2252 0.001234
 2253 0.001230
 2254 0.001226
 2255 0.001222
 2256 0.001218
 2257 0.001214
 2258 0.001210
 2259 0.001206
 2260 0.001202
 2261 0.001198
 2262 0.001194
 2263 0.001190
 2264 0.001185
 2265 0.001181
 2266 0.001177
 2267 0.001173
 2268 0.001168
 2269 0.001164
 2270 0.001160
 2271 0.001155
 2272 0.001151
 2273 0.001146
 2274 0.001142
 2275 0.001138
 2276 0.001133
 2277 0.001128
 2278 0.001124
 2279 0.001119
 2280 0.001115
 2281 0.001110
 2282 0.001105
 2283 0.001101
 2284 0.001096
 2285 0.001091
 2286 0.001087
 2287 0.001082
 2288 0.001077
 2289 0.001072
 2290 0.001068
 2291 0.001063
 2292 0.001058
 2293 0.001053
 2294 0.001048
 2295 0.001043
 2296 0.001038
 2297 0.001033
 2298 0.001028
 2299 0.001023
 2300 0.001018
 2301 0.001013
 2302 0.001008
 2303 0.001003
 2304 0.000998
 2305 0.000993
 2306 0.000988
 2307 0.000983
 2308 0.000978
 2309 0.000973
 2310 0.000968
 2311 0.000963
 2312 0.000958
 2313 0.000952
 2314 0.000947
 2315 0.000942
 2316 0.000937
 2317 0.000932
 2318 0.000927
 2319 0.000921
 2320 0.000916
 2321 0.000911
 2322 0.000906
 2323 0.000901
 2324 0.000895
 2325 0.000890
 2326 0.000885
 2327 0.000880
 2328 0.000874
 2329 0.000869
 2330 0.000864
 2331 0.000859
 2332 0.000854
 2333 0.000848
 2334 0.000843
 2335 0.000838
 2336 0.000833
 2337 0.000827
 2338 0.000822
 2339 0.000817
 2340 0.000812
 2341 0.000806
 2342 0.000801
 2343 0.000796
 2344 0.000791
 2345 0.000786
 2346 0.000780
 2347 0.000775
 2348 0.000770
 2349 0.000765
 2350 0.000760
 2351 0.000754
 2352 0.000749
 2353 0.000744
 2354 0.000739
 2355 0.000734
 2356 0.000729
 2357 0.000724
 2358 0.000719
 2359 0.000713
 2360 0.000708
 2361 0.000703
 2362 0.000698
 2363 0.000693
 2364 0.000688
 2365 0.000683
 2366 0.000678
 2367 0.000673
 2368 0.000668
 2369 0.000663
 2370 0.000658
 2371 0.000653
 2372 0.000648
 2373 0.000644
 2374 0.000639
 2375 0.000634
 2376 0.000629
 2377 0.000624
 2378 0.000619
 2379 0.000615
 2380 0.000610
 2381 0.000605
 2382 0.000600
 2383 0.000596
 2384 0.000591
 2385 0.000586
 2386 0.000582
 2387 0.000577
 2388 0.000572
 2389 0.000568
 2390 0.000563
 2391 0.000559
 2392 0.000554
 2393 0.000550
 2394 0.000545
 2395 0.000541
 2396 0.000536
 2397 0.000532
 2398 0.000528
 2399 0.000523
 2400 0.000519
 2401 0.000515
 2402 0.000510
 2403 0.000506
 2404 0.000502
 2405 0.000498
 2406 0.000494
 2407 0.000490
 2408 0.000485
 2409 0.000481
 2410 0.000477
 2411 0.000473
 2412 0.000469
 2413 0.000465
 2414 0.000461
 2415 0.000458
 2416 0.000454
 2417 0.000450
 2418 0.000446
 2419 0.000442
 2420 0.000439
 2421 0.000435
 2422 0.000431
 2423 0.000428
 2424 0.000424
 2425 0.000420
 2426 0.000417
 2427 0.000413
 2428 0.000410
 2429 0.000406
 2430 0.000403
 2431 0.000400
 2432 0.000396
 2433 0.000393
 2434 0.000390
 2435 0.000386
 2436 0.000383
 2437 0.000380
 2438 0.000377
 2439 0.000374
 2440 0.000371
 2441 0.000368
 2442 0.000365
 2443 0.000362
 2444 0.000359
 2445 0.000356
 2446 0.000353
 2447 0.000350
 2448 0.000347
 2449 0.000344
 2450 0.000342
 2451 0.000339
 2452 0.000336
 2453 0.000334
 2454 0.000331
 2455 0.000329
 2456 0.000326
 2457 0.000324
 2458 0.000321
 2459 0.000319
 2460 0.000316
 2461 0.000314
 2462 0.000312
 2463 0.000309
 2464 0.000307
 2465 0.000305
 2466 0.000303
 2467 0.000301
 2468 0.000298
 2469 0.000296
 2470 0.000294
 2471 0.000292
 2472 0.000290
 2473 0.000288
 2474 0.000287
 2475 0.000285
 2476 0.000283
 2477 0.000281
 2478 0.000279
 2479 0.000277
 2480 0.000276
 2481 0.000274
 2482 0.000272
 2483 0.000271
 2484 0.000269
 2485 0.000268
 2486 0.000266
 2487 0.000265
 2488 0.000263
 2489 0.000262
 2490 0.000260
 2491 0.000259
 2492 0.000258
 2493 0.000256
 2494 0.000255
 2495 0.000254
 2496 0.000252
 2497 0.000251
 2498 0.000250
 2499 0.000249
 2500 0.000248
 2501 0.000247
 2502 0.000246
 2503 0.000244
 2504 0.000243
 2505 0.000242
 2506 0.000241
 2507 0.000240
 2508 0.000239
 2509 0.000239
 2510 0.000238
 2511 0.000237
 2512 0.000236
 2513 0.000235
 2514 0.000234
 2515 0.000233
 2516 0.000232
 2517 0.000232
 2518 0.000231
 2519 0.000230
 2520 0.000229
 2521 0.000229
 2522 0.000228
 2523 0.000227
 2524 0.000227
 2525 0.000226
 2526 0.000225
 2527 0.000225
 2528 0.000224
 2529 0.000223
 2530 0.000223
 2531 0.000222
 2532 0.000222
 2533 0.000221
 2534 0.000221
 2535 0.000220
 2536 0.000219
 2537 0.000219
 2538 0.000218
 2539 0.000218
 2540 0.000217
 2541 0.000217
 2542 0.000216
 2543 0.000216
 2544 0.000215
 2545 0.000215
 2546 0.000214
 2547 0.000214
 2548 0.000213
 2549 0.000213
 2550 0.000213
 2551 0.000212
 2552 0.000212
 2553 0.000211
 2554 0.000211
 2555 0.000210
 2556 0.000210
 2557 0.000209
 2558 0.000209
 2559 0.000209
 2560 0.000208
 2561 0.000208
 2562 0.000207
 2563 0.000207
 2564 0.000206
 2565 0.000206
 2566 0.000206
 2567 0.000205
 2568 0.000205
 2569 0.000204
 2570 0.000204
 2571 0.000203
 2572 0.000203
 2573 0.000203
 2574 0.000202
 2575 0.000202
 2576 0.000201
 2577 0.000201
 2578 0.000200
 2579 0.000200
 2580 0.000200
 2581 0.000199
 2582 0.000199
 2583 0.000198
 2584 0.000198
 2585 0.000197
 2586 0.000197
 2587 0.000196
 2588 0.000196
 2589 0.000195
 2590 0.000195
 2591 0.000194
 2592 0.000194
 2593 0.000193
 2594 0.000193
 2595 0.000193
 2596 0.000192
 2597 0.000192
 2598 0.000191
 2599 0.000190
 2600 0.000190
 2601 0.000189
 2602 0.000189
 2603 0.000188
 2604 0.000188
 2605 0.000187
 2606 0.000187
 2607 0.000186
 2608 0.000186
 2609 0.000185
 2610 0.000185
 2611 0.000184
 2612 0.000184
 2613 0.000183
 2614 0.000182
 2615 0.000182
 2616 0.000181
 2617 0.000181
 2618 0.000180
 2619 0.000180
 2620 0.000179
 2621 0.000178
 2622 0.000178
 2623 0.000177
 2624 0.000177
 2625 0.000176
 2626 0.000175
 2627 0.000175
 2628 0.000174
 2629 0.000173
 2630 0.000173
 2631 0.000172
 2632 0.000172
 2633 0.000171
 2634 0.000170
 2635 0.000170
 2636 0.000169
 2637 0.000168
 2638 0.000168
 2639 0.000167
 2640 0.000166
 2641 0.000166
 2642 0.000165
 2643 0.000164
 2644 0.000164
 2645 0.000163
 2646 0.000162
 2647 0.000161
 2648 0.000161
 2649 0.000160
 2650 0.000159
 2651 0.000159
 2652 0.000158
 2653 0.000157
 2654 0.000157
 2655 0.000156
 2656 0.000155
 2657 0.000154
 2658 0.000154
 2659 0.000153
 2660 0.000152
 2661 0.000151
 2662 0.000151
 2663 0.000150
 2664 0.000149
 2665 0.000149
 2666 0.000148
 2667 0.000147
 2668 0.000146
