0 1.52356e-14 7.97105e-15 -2.13336e-14 1.1012e-14 4.71359e-14 4.07868e-14 4.40759e-14 5.3374e-14 -6.71685e-15 -3.29736e-14 0 41.9058 37.0909 30.3627 25.9412 19.6692 10.8299 -0.729583 -15.6771 -35.0694 -60.7625 -96.0302 -147.213 -194.023 2.37108e-13 194.023 147.213 96.0302 60.7625 35.0694 15.6771 0.729583 -10.8299 -19.6692 -25.9412 -30.3627 -37.0909 -41.9058 0 -3.29736e-14 -6.71685e-15 5.3374e-14 4.40759e-14 4.07868e-14 4.71359e-14 1.1012e-14 -2.13336e-14 7.97105e-15 1.52356e-14 0 
0.00486722 0.00486721 0.0240211 0.0448029 0.0700622 0.109999 0.179604 0.291992 0.393011 0.188667 -0.239323 6.97947 43.7002 38.3481 28.8274 23.2491 17.0322 8.06012 -4.00468 -19.6703 -40.0709 -67.2092 -104.764 -156.871 -197.754 1.5945e-13 197.754 156.871 104.764 67.2092 40.0709 19.6703 4.00468 -8.06012 -17.0322 -23.2491 -28.8274 -38.3481 -43.7002 -6.97947 0.239323 -0.188667 -0.393011 -0.291992 -0.179604 -0.109999 -0.0700622 -0.0448029 -0.0240211 -0.00486721 -0.00486722 
0.0076169 0.0076169 0.0428054 0.078096 0.121033 0.1929 0.321226 0.530938 0.737955 0.440035 -0.48738 7.2323 41.4679 38.0098 29.0157 22.9691 16.5648 7.47821 -4.75283 -20.6585 -41.4694 -69.1522 -107.097 -157.603 -188.605 2.00221e-13 188.605 157.603 107.097 69.1522 41.4694 20.6585 4.75283 -7.47821 -16.5648 -22.9691 -29.0157 -38.0098 -41.4679 -7.2323 0.48738 -0.440035 -0.737955 -0.530938 -0.321226 -0.1929 -0.121033 -0.078096 -0.0428054 -0.0076169 -0.0076169 
0.00994458 0.00994458 0.0641877 0.118456 0.184175 0.295239 0.495988 0.826087 1.13181 0.622193 -0.257909 10.0562 40.3942 37.654 28.6568 22.0416 15.4515 6.16257 -6.4274 -22.7622 -44.1199 -72.3594 -110.509 -158.421 -172.375 1.24894e-13 172.375 158.421 110.509 72.3594 44.1199 22.7622 6.4274 -6.16257 -15.4515 -22.0416 -28.6568 -37.654 -40.3942 -10.0562 0.257909 -0.622193 -1.13181 -0.826087 -0.495988 -0.295239 -0.184175 -0.118456 -0.0641877 -0.00994458 -0.00994458 
0.00844664 0.00844664 0.0799696 0.152202 0.239165 0.38815 0.662397 1.11524 1.48696 0.672287 -0.180095 12.0468 39.5133 37.3838 27.8432 20.6989 13.9888 4.47314 -8.47238 -25.1376 -46.7972 -75.1088 -112.439 -154.587 -149.617 5.28271e-14 149.617 154.587 112.439 75.1088 46.7972 25.1376 8.47238 -4.47314 -13.9888 -20.6989 -27.8432 -37.3838 -39.5133 -12.0468 0.180095 -0.672287 -1.48696 -1.11524 -0.662397 -0.38815 -0.239165 -0.152202 -0.0799696 -0.00844664 -0.00844664 
0.00228482 0.00228482 0.0895857 0.180244 0.28898 0.477732 0.832498 1.41188 1.7915 0.630311 0.203379 14.1726 38.8565 36.9583 26.7601 19.1899 12.3593 2.57033 -10.7066 -27.6223 -49.4538 -77.6391 -113.448 -147.569 -126.381 9.80819e-14 126.381 147.569 113.448 77.6391 49.4538 27.6223 10.7066 -2.57033 -12.3593 -19.1899 -26.7601 -36.9583 -38.8565 -14.1726 -0.203379 -0.630311 -1.7915 -1.41188 -0.832498 -0.477732 -0.28898 -0.180244 -0.0895857 -0.00228482 -0.00228482 
-0.00818007 -0.00818007 0.0947114 0.205569 0.338443 0.571977 1.01983 1.73199 2.06447 0.563246 0.85088 16.3678 38.512 36.2585 25.2823 17.416 10.4448 0.312437 -13.306 -30.4458 -52.3918 -80.2378 -113.307 -136.93 -103.724 1.52074e-13 103.724 136.93 113.307 80.2378 52.3918 30.4458 13.306 -0.312437 -10.4448 -17.416 -25.2823 -36.2585 -38.512 -16.3678 -0.85088 -0.563246 -2.06447 -1.73199 -1.01983 -0.571977 -0.338443 -0.205569 -0.0947114 0.00818007 0.00818007 
-0.0210473 -0.0210473 0.100276 0.234956 0.39653 0.684137 1.24417 2.09337 2.32168 0.548032 1.82741 18.6166 38.3553 35.1478 23.3702 15.3602 8.1859 -2.373 -16.3402 -33.6659 -55.6234 -82.624 -111.136 -122.667 -82.9181 1.06075e-13 82.9181 122.667 111.136 82.624 55.6234 33.6659 16.3402 2.373 -8.1859 -15.3602 -23.3702 -35.1478 -38.3553 -18.6166 -1.82741 -0.548032 -2.32168 -2.09337 -1.24417 -0.684137 -0.39653 -0.234956 -0.100276 0.0210473 0.0210473 
-0.0344561 -0.0344561 0.110745 0.273279 0.468228 0.820823 1.51297 2.48734 2.53597 0.57799 3.09816 20.9598 38.2705 33.4716 21.0031 12.9817 5.49427 -5.56384 -19.8525 -37.2817 -59.0039 -84.1901 -106.051 -105.566 -64.6228 8.85779e-14 64.6228 105.566 106.051 84.1901 59.0039 37.2817 19.8525 5.56384 -5.49427 -12.9817 -21.0031 -33.4716 -38.2705 -20.9598 -3.09816 -0.57799 -2.53597 -2.48734 -1.51297 -0.820823 -0.468228 -0.273279 -0.110745 0.0344561 0.0344561 
-0.0481012 -0.0481012 0.126925 0.319899 0.551092 0.979325 1.81848 2.87874 2.65994 0.655497 4.69496 23.4608 38.0643 31.0762 18.1572 10.2079 2.27686 -9.31002 -23.8459 -41.2201 -62.1817 -84.0847 -97.5823 -87.2562 -49.3941 9.05995e-14 49.3941 87.2562 97.5823 84.0847 62.1817 41.2201 23.8459 9.31002 -2.27686 -10.2079 -18.1572 -31.0762 -38.0643 -23.4608 -4.69496 -0.655497 -2.65994 -2.87874 -1.81848 -0.979325 -0.551092 -0.319899 -0.126925 0.0481012 0.0481012 
-0.0635375 -0.0635375 0.145703 0.369787 0.63896 1.15503 2.14929 3.22807 2.66232 0.833626 6.72517 26.1204 37.397 27.8434 14.8336 6.96224 -1.53827 -13.6343 -28.2918 -45.28 -64.5232 -81.4181 -86.0181 -69.5045 -37.1993 6.25017e-14 37.1993 69.5045 86.0181 81.4181 64.5232 45.28 28.2918 13.6343 1.53827 -6.96224 -14.8336 -27.8434 -37.397 -26.1204 -6.72517 -0.833626 -2.66232 -3.22807 -2.14929 -1.15503 -0.63896 -0.369787 -0.145703 0.0635375 0.0635375 
-0.0829181 -0.0829181 0.162938 0.418154 0.728967 1.35026 2.49822 3.49955 2.53842 1.22342 9.31354 28.7465 35.8247 23.7472 11.051 3.15926 -6.01649 -18.5405 -33.0549 -48.9747 -65.1151 -75.6231 -72.4467 -53.6872 -27.7044 8.24918e-14 27.7044 53.6872 72.4467 75.6231 65.1151 48.9747 33.0549 18.5405 6.01649 -3.15926 -11.051 -23.7472 -35.8247 -28.7465 -9.31354 -1.22342 -2.53842 -3.49955 -2.49822 -1.35026 -0.728967 -0.418154 -0.162938 0.0829181 0.0829181 
-0.107322 -0.107322 0.176501 0.463665 0.824829 1.57408 2.85349 3.64806 2.30564 1.98837 12.5391 30.8846 32.9245 18.8778 6.80308 -1.3122 -11.1975 -23.9037 -37.6918 -51.4379 -63.0563 -66.8755 -58.4159 -40.5051 -20.4436 7.00622e-14 20.4436 40.5051 58.4159 66.8755 63.0563 51.4379 37.6918 23.9037 11.1975 1.3122 -6.80308 -18.8778 -32.9245 -30.8846 -12.5391 -1.98837 -2.30564 -3.64806 -2.85349 -1.57408 -0.824829 -0.463665 -0.176501 0.107322 0.107322 
-0.136332 -0.136332 0.186258 0.507384 0.934188 1.83383 3.18301 3.61215 2.02142 3.35063 16.295 31.8521 28.4768 13.3815 2.01169 -6.54043 -16.9493 -29.2485 -41.3247 -51.6481 -57.9632 -56.1767 -45.3598 -30.038 -14.9618 3.55602e-14 14.9618 30.038 45.3598 56.1767 57.9632 51.6481 41.3247 29.2485 16.9493 6.54043 -2.01169 -13.3815 -28.4768 -31.8521 -16.295 -3.35063 -2.02142 -3.61215 -3.18301 -1.83383 -0.934188 -0.507384 -0.186258 0.136332 0.136332 
-0.169266 -0.169266 0.191778 0.550784 1.0667 2.12793 3.42482 3.33116 1.84245 5.54842 20.0946 30.9035 22.5475 7.37208 -3.40387 -12.3811 -22.723 -33.6287 -42.856 -48.9502 -50.3058 -44.9575 -34.176 -21.9899 -10.8661 -1.31865e-14 10.8661 21.9899 34.176 44.9575 50.3058 48.9502 42.856 33.6287 22.723 12.3811 3.40387 -7.37208 -22.5475 -30.9035 -20.0946 -5.54842 -1.84245 -3.33116 -3.42482 -2.12793 -1.0667 -0.550784 -0.191778 0.169266 0.169266 
-0.206135 -0.206135 0.191269 0.597054 1.23559 2.43559 3.47904 2.80121 2.08677 8.65144 22.9621 27.5138 15.4463 0.974892 -9.26536 -18.2039 -27.4821 -35.8907 -41.5207 -43.4997 -41.2522 -34.5052 -25.161 -15.9294 -7.83403 -4.53821e-14 7.83403 15.9294 25.161 34.5052 41.2522 43.4997 41.5207 35.8907 27.4821 18.2039 9.26536 -0.974892 -15.4463 -27.5138 -22.9621 -8.65144 -2.08677 -2.80121 -3.47904 -2.43559 -1.23559 -0.597054 -0.191269 0.206135 0.206135 
-0.249059 -0.249059 0.180964 0.656295 1.45551 2.69185 3.23092 2.19013 3.16656 12.2083 23.6534 21.6885 7.72276 -5.45779 -14.8976 -22.9128 -30.0589 -35.2684 -37.3729 -36.2486 -32.1401 -25.5991 -18.1944 -11.4299 -5.60644 -4.98966e-14 5.60644 11.4299 18.1944 25.5991 32.1401 36.2486 37.3729 35.2684 30.0589 22.9128 14.8976 5.45779 -7.72276 -21.6885 -23.6534 -12.2083 -3.16656 -2.19013 -3.23092 -2.69185 -1.45551 -0.656295 -0.180964 0.249059 0.249059 
-0.305171 -0.305171 0.162509 0.757685 1.71904 2.76575 2.65562 1.90286 5.24006 15.0543 21.3434 14.1476 0.177559 -11.2026 -19.243 -25.3961 -29.7751 -31.8579 -31.2934 -28.4741 -23.9793 -18.4851 -12.9604 -8.12232 -3.97928 -2.934e-14 3.97928 8.12232 12.9604 18.4851 23.9793 28.4741 31.2934 31.8579 29.7751 25.3961 19.243 11.2026 -0.177559 -14.1476 -21.3434 -15.0543 -5.24006 -1.90286 -2.65562 -2.76575 -1.71904 -0.757685 -0.162509 0.305171 0.305171 
-0.375254 -0.375254 0.162193 0.927253 1.92844 2.50929 1.97641 2.40605 7.77425 15.7963 16.2545 6.18549 -6.24445 -15.3525 -21.3611 -25.1245 -26.8269 -26.556 -24.5202 -21.2475 -17.2615 -13.0515 -9.10197 -5.70955 -2.79643 -3.5969e-14 2.79643 5.70955 9.10197 13.0515 17.2615 21.2475 24.5202 26.556 26.8269 25.1245 21.3611 15.3525 6.24445 -6.18549 -16.2545 -15.7963 -7.77425 -2.40605 -1.97641 -2.50929 -1.92844 -0.927253 -0.162193 0.375254 0.375254 
-0.443277 -0.443277 0.206476 1.10696 1.91549 1.98302 1.69304 3.76296 9.55878 13.7518 9.62061 -0.812865 -10.7161 -17.241 -20.9248 -22.4096 -22.1357 -20.5734 -18.1233 -15.1804 -12.0607 -9.03505 -6.30227 -3.96584 -1.94312 -5.98589e-14 1.94312 3.96584 6.30227 9.03505 12.0607 15.1804 18.1233 20.5734 22.1357 22.4096 20.9248 17.241 10.7161 0.812865 -9.62061 -13.7518 -9.55878 -3.76296 -1.69304 -1.98302 -1.91549 -1.10696 -0.206476 0.443277 0.443277 
-0.457825 -0.457825 0.317832 1.21875 1.68419 1.55913 2.10275 5.19748 9.41614 9.48383 3.1159 -5.7986 -12.7886 -16.7643 -18.3534 -18.1945 -16.8814 -14.9587 -12.7603 -10.4751 -8.23201 -6.15603 -4.31183 -2.7265 -1.33706 -2.66224e-14 1.33706 2.7265 4.31183 6.15603 8.23201 10.4751 12.7603 14.9587 16.8814 18.1945 18.3534 16.7643 12.7886 5.7986 -3.1159 -9.48383 -9.41614 -5.19748 -2.10275 -1.55913 -1.68419 -1.21875 -0.317832 0.457825 0.457825 
-0.312143 -0.312143 0.504472 1.19411 1.32214 1.39436 2.74677 5.6367 7.3241 4.63506 -1.73523 -8.26058 -12.564 -14.4754 -14.6305 -13.6526 -12.0972 -10.3835 -8.69975 -7.08343 -5.55482 -4.16847 -2.93942 -1.86972 -0.917921 -2.46258e-14 0.917921 1.86972 2.93942 4.16847 5.55482 7.08343 8.69975 10.3835 12.0972 13.6526 14.6305 14.4754 12.564 8.26058 1.73523 -4.63506 -7.3241 -5.6367 -2.74677 -1.39436 -1.32214 -1.19411 -0.504472 0.312143 0.312143 
-0.121348 -0.121348 0.51641 0.875327 0.968541 1.63789 3.4637 5.30705 4.74886 0.921032 -4.33806 -8.64033 -10.9728 -11.5689 -11.0121 -9.83473 -8.45204 -7.12108 -5.92238 -4.81973 -3.78787 -2.85774 -2.02974 -1.29854 -0.637926 -2.57607e-14 0.637926 1.29854 2.02974 2.85774 3.78787 4.81973 5.92238 7.12108 8.45204 9.83473 11.0121 11.5689 10.9728 8.64033 4.33806 -0.921032 -4.74886 -5.30705 -3.4637 -1.63789 -0.968541 -0.875327 -0.51641 0.121348 0.121348 
-0.0729794 -0.0729794 0.41519 0.868373 1.58046 2.96902 4.47478 4.52507 2.06079 -2.12902 -6.16745 -8.7506 -9.68619 -9.41782 -8.4749 -7.27333 -6.08199 -5.03248 -4.14857 -3.36533 -2.63995 -1.99454 -1.4223 -0.913067 -0.448165 -7.64299e-15 0.448165 0.913067 1.4223 1.99454 2.63995 3.36533 4.14857 5.03248 6.08199 7.27333 8.4749 9.41782 9.68619 8.7506 6.16745 2.12902 -2.06079 -4.52507 -4.47478 -2.96902 -1.58046 -0.868373 -0.41519 0.0729794 0.0729794 
-0.175977 -0.175977 0.29014 0.915707 1.77399 2.62581 2.53827 0.693175 -2.57101 -5.86985 -7.96607 -8.60861 -8.21544 -7.27508 -6.14698 -5.0501 -4.08871 -3.28813 -2.63058 -2.08126 -1.61031 -1.208 -0.859281 -0.551193 -0.269788 -1.2146e-14 0.269788 0.551193 0.859281 1.208 1.61031 2.08126 2.63058 3.28813 4.08871 5.0501 6.14698 7.27508 8.21544 8.60861 7.96607 5.86985 2.57101 -0.693175 -2.53827 -2.62581 -1.77399 -0.915707 -0.29014 0.175977 0.175977 
0 0 0 0 0 0 0 0 0 0 0 0 0 0 0 0 0 0 0 0 0 0 0 0 0 0 0 0 0 0 0 0 0 0 0 0 0 0 0 0 0 0 0 0 0 0 0 0 0 0 0 
